,admin1Pcod_1,admin1Name_1,admin1Pcod_2,admin1Name_2,admin2Pcod_1,admin2Name_1,admin2Pcod_2,admin2Name_2,local_date_1,local_date_2,trip_num,tour_num,id_num,tour_traj_distance,trip_traj_distance,time_range,date_1,date_2,0_14_pct_1,15_64_pct_1,65p_pct_1,M_pct_1,Population_1,0_14_pct_2,15_64_pct_2,65p_pct_2,M_pct_2,Population_2,rwi_1,rwi_pctl_1,rwi_2,rwi_pctl_2,first_case,ban_travel,lockdown,lockdown_0,lockdown_1,lockdown_2,lockdown_3,lockdown_4,lockdown_5
227851,ZA1,Western Cape,ZA1,Western Cape,ZA191,City of Cape Town,ZA191,City of Cape Town,2020-06-29,2020-06-30,2800,2800,2800,55087692.536620505,18787747.41712648,95064017,20200629,20200630,0.23849582985172932,0.697186217784503,0.06431795236376775,0.4976008771049945,4436413.0,0.23849582985172932,0.697186217784503,0.06431795236376775,0.4976008771049945,4436413.0,0.7687640750670242,0.9807692307692307,0.7687640750670242,0.9807692307692307,1,1,3,0,0,0,1,0,0
227852,ZA1,Western Cape,ZA1,Western Cape,ZA103,Overberg,ZA191,City of Cape Town,2020-06-29,2020-06-29,141,141,136,26266336.173541784,11957292.096211266,1651405,20200629,20200629,0.22836513904770692,0.6721314716747349,0.09950338927755827,0.511077351980676,303457.0,0.23849582985172932,0.697186217784503,0.06431795236376775,0.4976008771049945,4436413.0,0.051486772486772484,0.5961538461538461,0.7687640750670242,0.9807692307692307,1,1,3,0,0,0,1,0,0
227853,ZA7,Gauteng,ZA6,North West,ZA798,City of Johannesburg,ZA638,Ngaka Modiri Molema,2020-06-29,2020-06-29,6,6,6,2782416.719254168,1268185.798790501,92311,20200629,20200629,0.2220629170143196,0.7299897648810346,0.047947318104645836,0.5097433964893054,5540727.0,0.3236353449196357,0.6078801705223251,0.06848448455803925,0.4964769205863341,870971.0,0.8818060606060606,1.0,-0.18344824707846413,0.23076923076923078,1,1,3,0,0,0,1,0,0
227854,ZA5,KwaZulu-Natal,ZA5,KwaZulu-Natal,ZA522,Umgungundlovu,ZA523,Uthukela,2020-06-29,2020-06-29,8,8,8,2780299.521009255,1520454.5299393197,80848,20200629,20200629,0.2748377359932372,0.663873035280183,0.06128922872657978,0.48236181888519014,1046905.0,0.36014331224838336,0.5864396074090654,0.05341708034255123,0.46782833191779016,652282.0,0.0061256544502617805,0.5769230769230769,-0.19841226215644822,0.19230769230769232,1,1,3,0,0,0,1,0,0
227855,ZA5,KwaZulu-Natal,ZA5,KwaZulu-Natal,ZA543,Sisonke,ZA543,Sisonke,2020-06-29,2020-06-29,595,251,165,39023743.00680553,5789776.756831494,2140434,20200629,20200629,0.37293146983899067,0.5707096800166399,0.05635885014436937,0.4671305273563743,447117.0,0.37293146983899067,0.5707096800166399,0.05635885014436937,0.4671305273563743,447117.0,-0.2112274881516588,0.17307692307692307,-0.2112274881516588,0.17307692307692307,1,1,3,0,0,0,1,0,0
227856,ZA1,Western Cape,ZA1,Western Cape,ZA102,Cape Winelands,ZA101,West Coast,2020-06-29,2020-06-29,35,35,35,4758575.270531846,1990389.623256727,190444,20200629,20200629,0.24989252608235304,0.6902123420738123,0.059895131843834624,0.5011121214086944,909523.0,0.24466466325617858,0.6852166396976793,0.0701186970461421,0.5060695297345649,497485.0,-0.012388831437435367,0.5192307692307693,-0.12079976303317536,0.34615384615384615,1,1,3,0,0,0,1,0,0
227857,ZA1,Western Cape,ZA1,Western Cape,ZA102,Cape Winelands,ZA102,Cape Winelands,2020-06-29,2020-06-29,5649,2712,1850,251184672.74912703,47342308.10560987,22448502,20200629,20200629,0.24989252608235304,0.6902123420738123,0.059895131843834624,0.5011121214086944,909523.0,0.24989252608235304,0.6902123420738123,0.059895131843834624,0.5011121214086944,909523.0,-0.012388831437435367,0.5192307692307693,-0.012388831437435367,0.5192307692307693,1,1,3,0,0,0,1,0,0
227858,ZA6,North West,ZA6,North West,ZA639,Dr Ruth Segomotsi Mompati,ZA640,Dr Kenneth Kaunda,2020-06-29,2020-06-29,14,14,14,3520119.741160202,1789615.6948895212,165566,20200629,20200629,0.3412335579082451,0.5850872971649528,0.07367914492680208,0.4911837461796937,473784.0,0.27505895171327793,0.6602340041700301,0.06470704411669191,0.5065976875287468,754431.0,-0.16626678765880218,0.2692307692307692,-0.10069384057971015,0.38461538461538464,1,1,3,0,0,0,1,0,0
227859,ZA9,Limpopo,ZA9,Limpopo,ZA935,Capricorn,ZA934,Vhembe,2020-06-29,2020-06-29,24,24,23,6650731.448162454,2322372.06964896,180294,20200629,20200629,0.3265897738288558,0.6007690312860821,0.07264119488506209,0.472231826966417,1295656.0,0.3433867460978093,0.5887604530714541,0.06785280083073665,0.4597374214109392,1325089.0,0.07397387387387387,0.6346153846153846,-0.0767829596412556,0.4230769230769231,1,1,3,0,0,0,1,0,0
227860,ZA6,North West,ZA3,Nothern Cape,ZA639,Dr Ruth Segomotsi Mompati,ZA309,Frances Baard,2020-06-29,2020-06-29,21,21,20,5457345.928876715,1657897.0973228472,245411,20200629,20200629,0.3412335579082451,0.5850872971649528,0.07367914492680208,0.4911837461796937,473784.0,0.2860169290028057,0.6497360787483951,0.06424699224879928,0.49189928194398214,420580.0,-0.16626678765880218,0.2692307692307692,0.29907801418439717,0.8846153846153846,1,1,3,0,0,0,1,0,0
227861,ZA3,Nothern Cape,ZA3,Nothern Cape,ZA306,Namakwa,ZA308,Z F Mgcawu,2020-06-29,2020-06-29,7,7,7,5294714.190281208,1427906.5100957062,82941,20200629,20200629,0.2479438366342976,0.6592106724059887,0.09284549095971371,0.5132337492633683,117087.0,0.27601757542529287,0.6641943181028425,0.059788106471864645,0.5142626583989065,258998.0,0.06505633802816901,0.6153846153846154,-0.04016603773584906,0.46153846153846156,1,1,3,0,0,0,1,0,0
227862,ZA1,Western Cape,ZA1,Western Cape,ZA102,Cape Winelands,ZA191,City of Cape Town,2020-06-29,2020-06-29,708,691,671,75650115.6014659,28089742.91867544,4764616,20200629,20200629,0.24989252608235304,0.6902123420738123,0.059895131843834624,0.5011121214086944,909523.0,0.23849582985172932,0.697186217784503,0.06431795236376775,0.4976008771049945,4436413.0,-0.012388831437435367,0.5192307692307693,0.7687640750670242,0.9807692307692307,1,1,3,0,0,0,1,0,0
227863,ZA1,Western Cape,ZA1,Western Cape,ZA103,Overberg,ZA103,Overberg,2020-06-29,2020-06-30,125,125,125,3177322.9022178478,863988.8869353023,3695760,20200629,20200630,0.22836513904770692,0.6721314716747349,0.09950338927755827,0.511077351980676,303457.0,0.22836513904770692,0.6721314716747349,0.09950338927755827,0.511077351980676,303457.0,0.051486772486772484,0.5961538461538461,0.051486772486772484,0.5961538461538461,1,1,3,0,0,0,1,0,0
227864,ZA7,Gauteng,ZA7,Gauteng,ZA742,Sedibeng,ZA748,West Rand,2020-06-29,2020-06-29,16,16,16,3057070.387296929,1054114.4733309213,134408,20200629,20200629,0.24393339879416723,0.6953819961266214,0.06068460507921129,0.5059130831550246,994997.0,0.23154887232085752,0.7207832829912092,0.047667844687933295,0.5288128906961219,856804.0,0.2808379746835443,0.8461538461538461,0.23715802469135805,0.8076923076923077,1,1,3,0,0,0,1,0,0
227865,ZA6,North West,ZA6,North West,ZA638,Ngaka Modiri Molema,ZA638,Ngaka Modiri Molema,2020-06-29,2020-06-30,133,133,133,5293104.016789005,1273014.0088970603,4997403,20200629,20200630,0.3236353449196357,0.6078801705223251,0.06848448455803925,0.4964769205863341,870971.0,0.3236353449196357,0.6078801705223251,0.06848448455803925,0.4964769205863341,870971.0,-0.18344824707846413,0.23076923076923078,-0.18344824707846413,0.23076923076923078,1,1,3,0,0,0,1,0,0
227866,ZA7,Gauteng,ZA7,Gauteng,ZA748,West Rand,ZA742,Sedibeng,2020-06-29,2020-06-29,20,20,19,3763943.905181228,1436500.0170168397,218728,20200629,20200629,0.23154887232085752,0.7207832829912092,0.047667844687933295,0.5288128906961219,856804.0,0.24393339879416723,0.6953819961266214,0.06068460507921129,0.5059130831550246,994997.0,0.23715802469135805,0.8076923076923077,0.2808379746835443,0.8461538461538461,1,1,3,0,0,0,1,0,0
227867,ZA2,Eastern Cape,ZA4,Free State,ZA213,Chris Hani,ZA494,Mangaung,2020-06-29,2020-06-29,3,3,3,2946383.2010644283,1002679.4398793796,52638,20200629,20200629,0.334940582305372,0.572656560540376,0.09240285715425203,0.478383232498069,752217.0,0.26262942751272955,0.6754982029249197,0.06187236956235082,0.4901411892511804,826621.0,-0.29251697892271666,0.057692307692307696,0.27329104477611943,0.8269230769230769,1,1,3,0,0,0,1,0,0
227868,ZA1,Western Cape,ZA2,Eastern Cape,ZA191,City of Cape Town,ZA293,Nelson Mandela Bay,2020-06-29,2020-06-30,1,1,1,2513854.9095476954,651120.9416083122,94235,20200629,20200630,0.23849582985172932,0.697186217784503,0.06431795236376775,0.4976008771049945,4436413.0,0.2465186661259611,0.6842154879637478,0.0692658459102911,0.4877654529777138,1230491.0,0.7687640750670242,0.9807692307692307,0.5740514018691588,0.9423076923076923,1,1,3,0,0,0,1,0,0
227869,ZA1,Western Cape,ZA1,Western Cape,ZA104,Eden,ZA104,Eden,2020-06-29,2020-06-30,302,302,302,6475710.024931848,1723079.803907385,9250272,20200629,20200630,0.24710205256745305,0.6628052101466374,0.09009273728590954,0.4993180863678119,673839.0,0.24710205256745305,0.6628052101466374,0.09009273728590954,0.4993180863678119,673839.0,0.0004522691705790296,0.5384615384615384,0.0004522691705790296,0.5384615384615384,1,1,3,0,0,0,1,0,0
227870,ZA3,Nothern Cape,ZA3,Nothern Cape,ZA307,Pixley ka Seme,ZA307,Pixley ka Seme,2020-06-29,2020-06-30,46,46,46,1628979.3611068954,670088.9792345491,1720299,20200629,20200630,0.3060749448635213,0.6232332132979509,0.0706918418385278,0.5011842246002923,196331.0,0.3060749448635213,0.6232332132979509,0.0706918418385278,0.5011842246002923,196331.0,0.1854655172413793,0.75,0.1854655172413793,0.75,1,1,3,0,0,0,1,0,0
227871,ZA7,Gauteng,ZA7,Gauteng,ZA742,Sedibeng,ZA797,Ekurhuleni,2020-06-29,2020-06-30,21,21,21,3547880.7933189026,918469.2838740626,422536,20200629,20200630,0.24393339879416723,0.6953819961266214,0.06068460507921129,0.5059130831550246,994997.0,0.23296733680905687,0.7203157619169479,0.04671690127399521,0.5205474946472306,3739653.0,0.2808379746835443,0.8461538461538461,0.7435109289617486,0.9615384615384616,1,1,3,0,0,0,1,0,0
227872,ZA8,Mpumalanga,ZA8,Mpumalanga,ZA832,Ehlanzeni,ZA831,Nkangala,2020-06-29,2020-06-29,41,41,39,17870677.44191272,6705700.854248663,518178,20200629,20200629,0.32438893780700045,0.6235217992770762,0.05208926291592337,0.47979089412028486,1837538.0,0.27290691475673784,0.6711806877078121,0.055912397535449986,0.5109201270525474,1573837.0,0.1315940928270042,0.7307692307692307,0.07867808219178082,0.6730769230769231,1,1,3,0,0,0,1,0,0
227873,ZA5,KwaZulu-Natal,ZA5,KwaZulu-Natal,ZA521,Ugu,ZA595,eThekwini,2020-06-29,2020-06-29,63,61,61,19777074.004824523,4966060.340783978,558462,20200629,20200629,0.32122674606698143,0.6016982741355622,0.07707497979745637,0.47391596021954596,714019.0,0.2446364969883556,0.6990922562931536,0.05627124671849075,0.494610924976595,3587907.0,-0.09480895915678524,0.40384615384615385,0.5666580406654343,0.9230769230769231,1,1,3,0,0,0,1,0,0
227874,ZA7,Gauteng,ZA7,Gauteng,ZA799,City of Tshwane,ZA798,City of Johannesburg,2020-06-29,2020-06-30,82,82,82,7336554.269191191,3126580.9455098133,2192526,20200629,20200630,0.22283079372412132,0.7204843127840075,0.056684893491871245,0.5057337597223363,3627986.0,0.2220629170143196,0.7299897648810346,0.047947318104645836,0.5097433964893054,5540727.0,0.48224212034383956,0.9038461538461539,0.8818060606060606,1.0,1,1,3,0,0,0,1,0,0
227875,ZA9,Limpopo,ZA6,North West,ZA936,Waterberg,ZA637,Bojanala,2020-06-29,2020-06-29,18,18,17,4185305.746496639,1975152.9825411025,205784,20200629,20200629,0.2870915348782833,0.6477210572390478,0.06518740788266879,0.5138960603357211,718513.0,0.25082919250139085,0.6903465537718604,0.05882425372674875,0.5380589003726469,1786678.0,0.00236898395721925,0.5576923076923077,0.07430676328502415,0.6538461538461539,1,1,3,0,0,0,1,0,0
227876,ZA4,Free State,ZA7,Gauteng,ZA419,Thabo Mofutsanyane,ZA798,City of Johannesburg,2020-06-29,2020-06-29,7,7,7,3649596.0020629736,1862791.6094786967,112289,20200629,20200629,0.31143326559338835,0.6251823622683981,0.06338437213821363,0.47028720831466336,662829.0,0.2220629170143196,0.7299897648810346,0.047947318104645836,0.5097433964893054,5540727.0,0.10770218579234972,0.7115384615384616,0.8818060606060606,1.0,1,1,3,0,0,0,1,0,0
227877,ZA3,Nothern Cape,ZA3,Nothern Cape,ZA345,John Taolo Gaetsewe,ZA345,John Taolo Gaetsewe,2020-06-29,2020-06-29,1230,535,315,71246039.4401664,12643934.31830168,4984638,20200629,20200629,0.31986957060536586,0.628082594956317,0.05204783443831712,0.4959027820806741,258224.0,0.31986957060536586,0.628082594956317,0.05204783443831712,0.4959027820806741,258224.0,-0.13480926430517712,0.3076923076923077,-0.13480926430517712,0.3076923076923077,1,1,3,0,0,0,1,0,0
227878,ZA2,Eastern Cape,ZA2,Eastern Cape,ZA244,Alfred Nzo,ZA244,Alfred Nzo,2020-06-29,2020-06-30,24,24,24,472482.2797918819,86860.05180888296,1019726,20200629,20200630,0.40782127157510134,0.5221222097470932,0.07005651867780548,0.4576553946475353,788235.0,0.40782127157510134,0.5221222097470932,0.07005651867780548,0.4576553946475353,788235.0,-0.27396673320026615,0.11538461538461539,-0.27396673320026615,0.11538461538461539,1,1,3,0,0,0,1,0,0
227879,ZA2,Eastern Cape,ZA4,Free State,ZA214,Joe Gqabi,ZA416,Xhariep,2020-06-29,2020-06-29,20,20,19,2497996.659534402,900904.3726548712,129411,20200629,20200629,0.3340471849013029,0.5799636495391386,0.08598916555955849,0.47733103958194023,339473.0,0.29515218562959183,0.6325513667867511,0.07229644758365718,0.5005153225730198,105759.0,-0.1839776119402985,0.21153846153846154,0.18671264367816093,0.7692307692307693,1,1,3,0,0,0,1,0,0
227880,ZA7,Gauteng,ZA6,North West,ZA748,West Rand,ZA640,Dr Kenneth Kaunda,2020-06-29,2020-06-29,43,41,40,7647492.617943031,3166071.69343032,309505,20200629,20200629,0.23154887232085752,0.7207832829912092,0.047667844687933295,0.5288128906961219,856804.0,0.27505895171327793,0.6602340041700301,0.06470704411669191,0.5065976875287468,754431.0,0.23715802469135805,0.8076923076923077,-0.10069384057971015,0.38461538461538464,1,1,3,0,0,0,1,0,0
227881,ZA2,Eastern Cape,ZA1,Western Cape,ZA210,Cacadu,ZA104,Eden,2020-06-29,2020-06-29,11,11,11,5805002.556412519,2359695.068069976,157283,20200629,20200629,0.2618455236218228,0.6571170870354837,0.08103738934269357,0.4975242081945451,491156.0,0.24710205256745305,0.6628052101466374,0.09009273728590954,0.4993180863678119,673839.0,-0.01848062015503876,0.5,0.0004522691705790296,0.5384615384615384,1,1,3,0,0,0,1,0,0
227882,ZA7,Gauteng,ZA8,Mpumalanga,ZA797,Ekurhuleni,ZA830,Gert Sibande,2020-06-29,2020-06-29,30,30,30,8105488.482389349,3768610.5008849846,378394,20200629,20200629,0.23296733680905687,0.7203157619169479,0.04671690127399521,0.5205474946472306,3739653.0,0.30688245639051287,0.6412288994160756,0.05188864419341153,0.49968312815881616,1136106.0,0.7435109289617486,0.9615384615384616,-0.11248741610738255,0.36538461538461536,1,1,3,0,0,0,1,0,0
227883,ZA7,Gauteng,ZA7,Gauteng,ZA748,West Rand,ZA799,City of Tshwane,2020-06-29,2020-06-29,99,99,96,14492432.764814856,6253774.620845779,761425,20200629,20200629,0.23154887232085752,0.7207832829912092,0.047667844687933295,0.5288128906961219,856804.0,0.22283079372412132,0.7204843127840075,0.056684893491871245,0.5057337597223363,3627986.0,0.23715802469135805,0.8076923076923077,0.48224212034383956,0.9038461538461539,1,1,3,0,0,0,1,0,0
227884,ZA5,KwaZulu-Natal,ZA2,Eastern Cape,ZA543,Sisonke,ZA244,Alfred Nzo,2020-06-29,2020-06-30,2,2,2,671227.705826484,110095.97710073229,98604,20200629,20200630,0.37293146983899067,0.5707096800166399,0.05635885014436937,0.4671305273563743,447117.0,0.40782127157510134,0.5221222097470932,0.07005651867780548,0.4576553946475353,788235.0,-0.2112274881516588,0.17307692307692307,-0.27396673320026615,0.11538461538461539,1,1,3,0,0,0,1,0,0
227885,ZA6,North West,ZA7,Gauteng,ZA637,Bojanala,ZA797,Ekurhuleni,2020-06-29,2020-06-29,29,29,29,8614720.86960312,2810959.7378422506,320922,20200629,20200629,0.25082919250139085,0.6903465537718604,0.05882425372674875,0.5380589003726469,1786678.0,0.23296733680905687,0.7203157619169479,0.04671690127399521,0.5205474946472306,3739653.0,0.07430676328502415,0.6538461538461539,0.7435109289617486,0.9615384615384616,1,1,3,0,0,0,1,0,0
227886,ZA9,Limpopo,ZA9,Limpopo,ZA936,Waterberg,ZA935,Capricorn,2020-06-29,2020-06-29,50,50,49,12714582.282046575,4383985.448330143,422548,20200629,20200629,0.2870915348782833,0.6477210572390478,0.06518740788266879,0.5138960603357211,718513.0,0.3265897738288558,0.6007690312860821,0.07264119488506209,0.472231826966417,1295656.0,0.00236898395721925,0.5576923076923077,0.07397387387387387,0.6346153846153846,1,1,3,0,0,0,1,0,0
227887,ZA4,Free State,ZA4,Free State,ZA418,Lejweleputswa,ZA418,Lejweleputswa,2020-06-29,2020-06-30,133,133,133,2789529.853330275,942242.8437802066,4828564,20200629,20200630,0.27941650281351393,0.6617931601395349,0.058790337046951115,0.500105365269169,574193.0,0.27941650281351393,0.6617931601395349,0.058790337046951115,0.500105365269169,574193.0,0.29495049504950493,0.8653846153846154,0.29495049504950493,0.8653846153846154,1,1,3,0,0,0,1,0,0
227888,ZA5,KwaZulu-Natal,ZA5,KwaZulu-Natal,ZA524,Umzinyathi,ZA522,Umgungundlovu,2020-06-29,2020-06-29,11,11,10,2341395.8589880066,1100096.9809905994,88484,20200629,20200629,0.3952311253914291,0.5454951881678106,0.05927368644076033,0.451447242842509,514461.0,0.2748377359932372,0.663873035280183,0.06128922872657978,0.48236181888519014,1046905.0,-0.28225945945945946,0.07692307692307693,0.0061256544502617805,0.5769230769230769,1,1,3,0,0,0,1,0,0
227889,ZA5,KwaZulu-Natal,ZA5,KwaZulu-Natal,ZA595,eThekwini,ZA523,Uthukela,2020-06-29,2020-06-29,9,9,9,4938525.790701007,1874085.636946229,171368,20200629,20200629,0.2446364969883556,0.6990922562931536,0.05627124671849075,0.494610924976595,3587907.0,0.36014331224838336,0.5864396074090654,0.05341708034255123,0.46782833191779016,652282.0,0.5666580406654343,0.9230769230769231,-0.19841226215644822,0.19230769230769232,1,1,3,0,0,0,1,0,0
227890,ZA6,North West,ZA6,North West,ZA637,Bojanala,ZA640,Dr Kenneth Kaunda,2020-06-29,2020-06-29,14,13,13,4024459.1890877862,2051691.9037367308,159434,20200629,20200629,0.25082919250139085,0.6903465537718604,0.05882425372674875,0.5380589003726469,1786678.0,0.27505895171327793,0.6602340041700301,0.06470704411669191,0.5065976875287468,754431.0,0.07430676328502415,0.6538461538461539,-0.10069384057971015,0.38461538461538464,1,1,3,0,0,0,1,0,0
227891,ZA9,Limpopo,ZA9,Limpopo,ZA933,Mopani,ZA933,Mopani,2020-06-29,2020-06-29,2708,1203,726,150562230.23706692,26895023.142761424,9763572,20200629,20200629,0.3329418650827259,0.6026296126910996,0.06442852222617454,0.46142626187343905,1062666.0,0.3329418650827259,0.6026296126910996,0.06442852222617454,0.46142626187343905,1062666.0,-0.037928345626975765,0.4807692307692308,-0.037928345626975765,0.4807692307692308,1,1,3,0,0,0,1,0,0
227892,ZA7,Gauteng,ZA4,Free State,ZA742,Sedibeng,ZA420,Fezile Dabi,2020-06-29,2020-06-30,9,9,9,425932.66099636425,175673.77114245185,261997,20200629,20200630,0.24393339879416723,0.6953819961266214,0.06068460507921129,0.5059130831550246,994997.0,0.2705098118551487,0.6604572122193,0.06903297592555128,0.5050070807202104,494300.0,0.2808379746835443,0.8461538461538461,0.2276555023923445,0.7884615384615384,1,1,3,0,0,0,1,0,0
227893,ZA7,Gauteng,ZA4,Free State,ZA742,Sedibeng,ZA420,Fezile Dabi,2020-06-29,2020-06-29,301,288,271,21490695.996026237,7351724.15732534,1618495,20200629,20200629,0.24393339879416723,0.6953819961266214,0.06068460507921129,0.5059130831550246,994997.0,0.2705098118551487,0.6604572122193,0.06903297592555128,0.5050070807202104,494300.0,0.2808379746835443,0.8461538461538461,0.2276555023923445,0.7884615384615384,1,1,3,0,0,0,1,0,0
227894,ZA3,Nothern Cape,ZA6,North West,ZA309,Frances Baard,ZA639,Dr Ruth Segomotsi Mompati,2020-06-29,2020-06-29,13,13,13,2336992.01168007,1038712.2292497632,194869,20200629,20200629,0.2860169290028057,0.6497360787483951,0.06424699224879928,0.49189928194398214,420580.0,0.3412335579082451,0.5850872971649528,0.07367914492680208,0.4911837461796937,473784.0,0.29907801418439717,0.8846153846153846,-0.16626678765880218,0.2692307692307692,1,1,3,0,0,0,1,0,0
227895,ZA3,Nothern Cape,ZA3,Nothern Cape,ZA308,Z F Mgcawu,ZA308,Z F Mgcawu,2020-06-29,2020-06-30,42,42,42,1217144.3206178637,276071.8132093149,1434939,20200629,20200630,0.27601757542529287,0.6641943181028425,0.059788106471864645,0.5142626583989065,258998.0,0.27601757542529287,0.6641943181028425,0.059788106471864645,0.5142626583989065,258998.0,-0.04016603773584906,0.46153846153846156,-0.04016603773584906,0.46153846153846156,1,1,3,0,0,0,1,0,0
227896,ZA2,Eastern Cape,ZA2,Eastern Cape,ZA292,Buffalo City,ZA292,Buffalo City,2020-06-29,2020-06-29,4119,1799,1153,173629146.2853417,35518266.819630295,15848248,20200629,20200629,0.254980022080858,0.6758306608485358,0.06918931707060617,0.48177934914042375,760840.0,0.254980022080858,0.6758306608485358,0.06918931707060617,0.48177934914042375,760840.0,0.09585175879396986,0.6923076923076923,0.09585175879396986,0.6923076923076923,1,1,3,0,0,0,1,0,0
227897,ZA7,Gauteng,ZA9,Limpopo,ZA799,City of Tshwane,ZA936,Waterberg,2020-06-29,2020-06-29,52,52,51,25042446.76382306,9990977.664232872,678412,20200629,20200629,0.22283079372412132,0.7204843127840075,0.056684893491871245,0.5057337597223363,3627986.0,0.2870915348782833,0.6477210572390478,0.06518740788266879,0.5138960603357211,718513.0,0.48224212034383956,0.9038461538461539,0.00236898395721925,0.5576923076923077,1,1,3,0,0,0,1,0,0
227898,ZA9,Limpopo,ZA9,Limpopo,ZA935,Capricorn,ZA935,Capricorn,2020-06-29,2020-06-30,182,182,182,4865949.716708399,1264386.6514065403,6851753,20200629,20200630,0.3265897738288558,0.6007690312860821,0.07264119488506209,0.472231826966417,1295656.0,0.3265897738288558,0.6007690312860821,0.07264119488506209,0.472231826966417,1295656.0,0.07397387387387387,0.6346153846153846,0.07397387387387387,0.6346153846153846,1,1,3,0,0,0,1,0,0
227899,ZA3,Nothern Cape,ZA9,Limpopo,ZA345,John Taolo Gaetsewe,ZA936,Waterberg,2020-06-29,2020-06-29,1,1,1,726324.9116008427,718393.9972232559,58066,20200629,20200629,0.31986957060536586,0.628082594956317,0.05204783443831712,0.4959027820806741,258224.0,0.2870915348782833,0.6477210572390478,0.06518740788266879,0.5138960603357211,718513.0,-0.13480926430517712,0.3076923076923077,0.00236898395721925,0.5576923076923077,1,1,3,0,0,0,1,0,0
227900,ZA7,Gauteng,ZA7,Gauteng,ZA798,City of Johannesburg,ZA797,Ekurhuleni,2020-06-29,2020-06-30,161,161,161,7984946.052399102,3326070.7239884976,5496174,20200629,20200630,0.2220629170143196,0.7299897648810346,0.047947318104645836,0.5097433964893054,5540727.0,0.23296733680905687,0.7203157619169479,0.04671690127399521,0.5205474946472306,3739653.0,0.8818060606060606,1.0,0.7435109289617486,0.9615384615384616,1,1,3,0,0,0,1,0,0
227901,ZA7,Gauteng,ZA4,Free State,ZA798,City of Johannesburg,ZA420,Fezile Dabi,2020-06-29,2020-06-29,23,23,23,7089370.630491184,2585437.5371897933,190133,20200629,20200629,0.2220629170143196,0.7299897648810346,0.047947318104645836,0.5097433964893054,5540727.0,0.2705098118551487,0.6604572122193,0.06903297592555128,0.5050070807202104,494300.0,0.8818060606060606,1.0,0.2276555023923445,0.7884615384615384,1,1,3,0,0,0,1,0,0
227902,ZA3,Nothern Cape,ZA3,Nothern Cape,ZA309,Frances Baard,ZA309,Frances Baard,2020-06-29,2020-06-29,1849,834,530,69783480.6815369,14223810.339835048,7023094,20200629,20200629,0.2860169290028057,0.6497360787483951,0.06424699224879928,0.49189928194398214,420580.0,0.2860169290028057,0.6497360787483951,0.06424699224879928,0.49189928194398214,420580.0,0.29907801418439717,0.8846153846153846,0.29907801418439717,0.8846153846153846,1,1,3,0,0,0,1,0,0
227903,ZA4,Free State,ZA4,Free State,ZA419,Thabo Mofutsanyane,ZA419,Thabo Mofutsanyane,2020-06-29,2020-06-30,135,135,135,4997981.182437127,949711.1042119346,5057825,20200629,20200630,0.31143326559338835,0.6251823622683981,0.06338437213821363,0.47028720831466336,662829.0,0.31143326559338835,0.6251823622683981,0.06338437213821363,0.47028720831466336,662829.0,0.10770218579234972,0.7115384615384616,0.10770218579234972,0.7115384615384616,1,1,3,0,0,0,1,0,0
227904,ZA7,Gauteng,ZA7,Gauteng,ZA799,City of Tshwane,ZA742,Sedibeng,2020-06-29,2020-06-29,48,48,48,11545788.483295351,5230432.365410665,485081,20200629,20200629,0.22283079372412132,0.7204843127840075,0.056684893491871245,0.5057337597223363,3627986.0,0.24393339879416723,0.6953819961266214,0.06068460507921129,0.5059130831550246,994997.0,0.48224212034383956,0.9038461538461539,0.2808379746835443,0.8461538461538461,1,1,3,0,0,0,1,0,0
227905,ZA5,KwaZulu-Natal,ZA4,Free State,ZA521,Ugu,ZA419,Thabo Mofutsanyane,2020-06-29,2020-06-29,1,1,1,1317078.964172292,343510.90354000125,15382,20200629,20200629,0.32122674606698143,0.6016982741355622,0.07707497979745637,0.47391596021954596,714019.0,0.31143326559338835,0.6251823622683981,0.06338437213821363,0.47028720831466336,662829.0,-0.09480895915678524,0.40384615384615385,0.10770218579234972,0.7115384615384616,1,1,3,0,0,0,1,0,0
227906,ZA1,Western Cape,ZA1,Western Cape,ZA105,Central Karoo,ZA191,City of Cape Town,2020-06-29,2020-06-29,8,8,8,12504097.41606841,3362683.5850360426,174656,20200629,20200629,0.29415328297801036,0.633639246216906,0.07220747080508365,0.4979247763656518,77582.0,0.23849582985172932,0.697186217784503,0.06431795236376775,0.4976008771049945,4436413.0,-0.12604477611940298,0.3269230769230769,0.7687640750670242,0.9807692307692307,1,1,3,0,0,0,1,0,0
227907,ZA7,Gauteng,ZA7,Gauteng,ZA798,City of Johannesburg,ZA797,Ekurhuleni,2020-06-29,2020-06-29,3522,3399,3269,251956752.74412504,82958019.21329354,17997453,20200629,20200629,0.2220629170143196,0.7299897648810346,0.047947318104645836,0.5097433964893054,5540727.0,0.23296733680905687,0.7203157619169479,0.04671690127399521,0.5205474946472306,3739653.0,0.8818060606060606,1.0,0.7435109289617486,0.9615384615384616,1,1,3,0,0,0,1,0,0
227908,ZA1,Western Cape,ZA1,Western Cape,ZA101,West Coast,ZA101,West Coast,2020-06-29,2020-06-29,2525,1276,820,107520710.52172583,24170908.979750164,10776515,20200629,20200629,0.24466466325617858,0.6852166396976793,0.0701186970461421,0.5060695297345649,497485.0,0.24466466325617858,0.6852166396976793,0.0701186970461421,0.5060695297345649,497485.0,-0.12079976303317536,0.34615384615384615,-0.12079976303317536,0.34615384615384615,1,1,3,0,0,0,1,0,0
227909,ZA7,Gauteng,ZA7,Gauteng,ZA798,City of Johannesburg,ZA742,Sedibeng,2020-06-29,2020-06-29,300,298,296,42386316.964125626,15845531.550881611,2604438,20200629,20200629,0.2220629170143196,0.7299897648810346,0.047947318104645836,0.5097433964893054,5540727.0,0.24393339879416723,0.6953819961266214,0.06068460507921129,0.5059130831550246,994997.0,0.8818060606060606,1.0,0.2808379746835443,0.8461538461538461,1,1,3,0,0,0,1,0,0
227910,ZA5,KwaZulu-Natal,ZA5,KwaZulu-Natal,ZA523,Uthukela,ZA523,Uthukela,2020-06-29,2020-06-29,1171,530,311,54269069.316384844,7775445.016329104,3840188,20200629,20200629,0.36014331224838336,0.5864396074090654,0.05341708034255123,0.46782833191779016,652282.0,0.36014331224838336,0.5864396074090654,0.05341708034255123,0.46782833191779016,652282.0,-0.19841226215644822,0.19230769230769232,-0.19841226215644822,0.19230769230769232,1,1,3,0,0,0,1,0,0
227911,ZA5,KwaZulu-Natal,ZA5,KwaZulu-Natal,ZA527,Umkhanyakude,ZA528,Uthungulu,2020-06-29,2020-06-29,19,19,15,4152228.162211985,1658563.7596097316,162978,20200629,20200629,0.40017378652548197,0.5489306999026919,0.05089551357182606,0.4622270789873748,643318.0,0.3398562749304085,0.6096443299200878,0.05049939514950375,0.4759701217345943,889476.0,-0.31784377542717657,0.038461538461538464,-0.2202014106583072,0.15384615384615385,1,1,3,0,0,0,1,0,0
227912,ZA8,Mpumalanga,ZA5,KwaZulu-Natal,ZA830,Gert Sibande,ZA525,Amajuba,2020-06-29,2020-06-29,5,4,4,1289961.2245567904,213152.230733696,21462,20200629,20200629,0.30688245639051287,0.6412288994160756,0.05188864419341153,0.49968312815881616,1136106.0,0.3311353387795859,0.6144200377537888,0.05444462346662529,0.48045773982507545,502731.0,-0.11248741610738255,0.36538461538461536,-0.16864155251141552,0.25,1,1,3,0,0,0,1,0,0
227913,ZA5,KwaZulu-Natal,ZA5,KwaZulu-Natal,ZA526,Zululand,ZA524,Umzinyathi,2020-06-29,2020-06-29,5,5,5,1526584.783858596,530077.087353731,27951,20200629,20200629,0.392497537624586,0.5542130860581069,0.053289376317307055,0.4651401640222711,783796.0,0.3952311253914291,0.5454951881678106,0.05927368644076033,0.451447242842509,514461.0,-0.2762355212355212,0.09615384615384616,-0.28225945945945946,0.07692307692307693,1,1,3,0,0,0,1,0,0
227914,ZA9,Limpopo,ZA7,Gauteng,ZA936,Waterberg,ZA799,City of Tshwane,2020-06-29,2020-06-29,62,61,60,31818945.9250436,10986764.7979785,772980,20200629,20200629,0.2870915348782833,0.6477210572390478,0.06518740788266879,0.5138960603357211,718513.0,0.22283079372412132,0.7204843127840075,0.056684893491871245,0.5057337597223363,3627986.0,0.00236898395721925,0.5576923076923077,0.48224212034383956,0.9038461538461539,1,1,3,0,0,0,1,0,0
227915,ZA1,Western Cape,ZA1,Western Cape,ZA103,Overberg,ZA104,Eden,2020-06-29,2020-06-29,7,7,7,2200254.318232404,1397746.3278401827,88949,20200629,20200629,0.22836513904770692,0.6721314716747349,0.09950338927755827,0.511077351980676,303457.0,0.24710205256745305,0.6628052101466374,0.09009273728590954,0.4993180863678119,673839.0,0.051486772486772484,0.5961538461538461,0.0004522691705790296,0.5384615384615384,1,1,3,0,0,0,1,0,0
227916,ZA9,Limpopo,ZA8,Mpumalanga,ZA947,Sekhukhune,ZA831,Nkangala,2020-06-29,2020-06-29,21,21,20,3929624.2915694937,1502164.3950456562,206190,20200629,20200629,0.3536917516859454,0.5707075150199985,0.07560073329405607,0.46486328935523974,1125333.0,0.27290691475673784,0.6711806877078121,0.055912397535449986,0.5109201270525474,1573837.0,-0.06015677966101695,0.4423076923076923,0.07867808219178082,0.6730769230769231,1,1,3,0,0,0,1,0,0
227917,ZA4,Free State,ZA4,Free State,ZA418,Lejweleputswa,ZA418,Lejweleputswa,2020-06-29,2020-06-29,3081,1394,848,143793071.92508367,27342259.48327497,10359885,20200629,20200629,0.27941650281351393,0.6617931601395349,0.058790337046951115,0.500105365269169,574193.0,0.27941650281351393,0.6617931601395349,0.058790337046951115,0.500105365269169,574193.0,0.29495049504950493,0.8653846153846154,0.29495049504950493,0.8653846153846154,1,1,3,0,0,0,1,0,0
227918,ZA8,Mpumalanga,ZA7,Gauteng,ZA831,Nkangala,ZA797,Ekurhuleni,2020-06-29,2020-06-29,85,84,83,19004710.06048555,6322205.043055907,670473,20200629,20200629,0.27290691475673784,0.6711806877078121,0.055912397535449986,0.5109201270525474,1573837.0,0.23296733680905687,0.7203157619169479,0.04671690127399521,0.5205474946472306,3739653.0,0.07867808219178082,0.6730769230769231,0.7435109289617486,0.9615384615384616,1,1,3,0,0,0,1,0,0
227919,ZA4,Free State,ZA4,Free State,ZA419,Thabo Mofutsanyane,ZA419,Thabo Mofutsanyane,2020-06-29,2020-06-29,2264,1041,618,98974864.9463778,21154770.60471756,8971723,20200629,20200629,0.31143326559338835,0.6251823622683981,0.06338437213821363,0.47028720831466336,662829.0,0.31143326559338835,0.6251823622683981,0.06338437213821363,0.47028720831466336,662829.0,0.10770218579234972,0.7115384615384616,0.10770218579234972,0.7115384615384616,1,1,3,0,0,0,1,0,0
227920,ZA2,Eastern Cape,ZA2,Eastern Cape,ZA214,Joe Gqabi,ZA214,Joe Gqabi,2020-06-29,2020-06-29,579,269,169,38901278.600751616,4221534.048555725,2067564,20200629,20200629,0.3340471849013029,0.5799636495391386,0.08598916555955849,0.47733103958194023,339473.0,0.3340471849013029,0.5799636495391386,0.08598916555955849,0.47733103958194023,339473.0,-0.1839776119402985,0.21153846153846154,-0.1839776119402985,0.21153846153846154,1,1,3,0,0,0,1,0,0
227921,ZA4,Free State,ZA6,North West,ZA418,Lejweleputswa,ZA640,Dr Kenneth Kaunda,2020-06-29,2020-06-29,17,17,16,4128203.878182152,1791346.4393573846,160637,20200629,20200629,0.27941650281351393,0.6617931601395349,0.058790337046951115,0.500105365269169,574193.0,0.27505895171327793,0.6602340041700301,0.06470704411669191,0.5065976875287468,754431.0,0.29495049504950493,0.8653846153846154,-0.10069384057971015,0.38461538461538464,1,1,3,0,0,0,1,0,0
227922,ZA6,North West,ZA6,North West,ZA637,Bojanala,ZA640,Dr Kenneth Kaunda,2020-06-29,2020-06-30,1,1,1,108986.02740629532,108985.17532045516,61036,20200629,20200630,0.25082919250139085,0.6903465537718604,0.05882425372674875,0.5380589003726469,1786678.0,0.27505895171327793,0.6602340041700301,0.06470704411669191,0.5065976875287468,754431.0,0.07430676328502415,0.6538461538461539,-0.10069384057971015,0.38461538461538464,1,1,3,0,0,0,1,0,0
227923,ZA4,Free State,ZA5,KwaZulu-Natal,ZA419,Thabo Mofutsanyane,ZA523,Uthukela,2020-06-29,2020-06-29,6,5,5,2001325.5971141136,512010.12835990073,61488,20200629,20200629,0.31143326559338835,0.6251823622683981,0.06338437213821363,0.47028720831466336,662829.0,0.36014331224838336,0.5864396074090654,0.05341708034255123,0.46782833191779016,652282.0,0.10770218579234972,0.7115384615384616,-0.19841226215644822,0.19230769230769232,1,1,3,0,0,0,1,0,0
227924,ZA2,Eastern Cape,ZA2,Eastern Cape,ZA210,Cacadu,ZA210,Cacadu,2020-06-29,2020-06-29,2434,1272,711,80830134.6230183,17813086.624641087,8772403,20200629,20200629,0.2618455236218228,0.6571170870354837,0.08103738934269357,0.4975242081945451,491156.0,0.2618455236218228,0.6571170870354837,0.08103738934269357,0.4975242081945451,491156.0,-0.01848062015503876,0.5,-0.01848062015503876,0.5,1,1,3,0,0,0,1,0,0
227925,ZA9,Limpopo,ZA9,Limpopo,ZA936,Waterberg,ZA936,Waterberg,2020-06-29,2020-06-29,3524,1628,961,227682131.6275961,40585796.51875807,12673831,20200629,20200629,0.2870915348782833,0.6477210572390478,0.06518740788266879,0.5138960603357211,718513.0,0.2870915348782833,0.6477210572390478,0.06518740788266879,0.5138960603357211,718513.0,0.00236898395721925,0.5576923076923077,0.00236898395721925,0.5576923076923077,1,1,3,0,0,0,1,0,0
227926,ZA6,North West,ZA9,Limpopo,ZA639,Dr Ruth Segomotsi Mompati,ZA947,Sekhukhune,2020-06-29,2020-06-29,1,1,1,692467.2835438411,692467.2835438411,31019,20200629,20200629,0.3412335579082451,0.5850872971649528,0.07367914492680208,0.4911837461796937,473784.0,0.3536917516859454,0.5707075150199985,0.07560073329405607,0.46486328935523974,1125333.0,-0.16626678765880218,0.2692307692307692,-0.06015677966101695,0.4423076923076923,1,1,3,0,0,0,1,0,0
227927,ZA5,KwaZulu-Natal,ZA5,KwaZulu-Natal,ZA522,Umgungundlovu,ZA526,Zululand,2020-06-29,2020-06-29,2,2,2,535588.2170211645,467610.27406846255,46059,20200629,20200629,0.2748377359932372,0.663873035280183,0.06128922872657978,0.48236181888519014,1046905.0,0.392497537624586,0.5542130860581069,0.053289376317307055,0.4651401640222711,783796.0,0.0061256544502617805,0.5769230769230769,-0.2762355212355212,0.09615384615384616,1,1,3,0,0,0,1,0,0
227928,ZA6,North West,ZA6,North West,ZA638,Ngaka Modiri Molema,ZA637,Bojanala,2020-06-29,2020-06-29,9,9,9,3105025.529833604,1203844.2131260263,88726,20200629,20200629,0.3236353449196357,0.6078801705223251,0.06848448455803925,0.4964769205863341,870971.0,0.25082919250139085,0.6903465537718604,0.05882425372674875,0.5380589003726469,1786678.0,-0.18344824707846413,0.23076923076923078,0.07430676328502415,0.6538461538461539,1,1,3,0,0,0,1,0,0
227929,ZA4,Free State,ZA4,Free State,ZA420,Fezile Dabi,ZA419,Thabo Mofutsanyane,2020-06-29,2020-06-29,11,11,11,2412010.2666074084,1067111.0610634438,172609,20200629,20200629,0.2705098118551487,0.6604572122193,0.06903297592555128,0.5050070807202104,494300.0,0.31143326559338835,0.6251823622683981,0.06338437213821363,0.47028720831466336,662829.0,0.2276555023923445,0.7884615384615384,0.10770218579234972,0.7115384615384616,1,1,3,0,0,0,1,0,0
227930,ZA6,North West,ZA4,Free State,ZA640,Dr Kenneth Kaunda,ZA420,Fezile Dabi,2020-06-29,2020-06-29,70,69,67,6388072.384546991,2438842.7568971915,523243,20200629,20200629,0.27505895171327793,0.6602340041700301,0.06470704411669191,0.5065976875287468,754431.0,0.2705098118551487,0.6604572122193,0.06903297592555128,0.5050070807202104,494300.0,-0.10069384057971015,0.38461538461538464,0.2276555023923445,0.7884615384615384,1,1,3,0,0,0,1,0,0
227931,ZA7,Gauteng,ZA8,Mpumalanga,ZA797,Ekurhuleni,ZA831,Nkangala,2020-06-29,2020-06-30,2,2,2,56318.74095468961,19008.837964790644,62377,20200629,20200630,0.23296733680905687,0.7203157619169479,0.04671690127399521,0.5205474946472306,3739653.0,0.27290691475673784,0.6711806877078121,0.055912397535449986,0.5109201270525474,1573837.0,0.7435109289617486,0.9615384615384616,0.07867808219178082,0.6730769230769231,1,1,3,0,0,0,1,0,0
227932,ZA7,Gauteng,ZA7,Gauteng,ZA797,Ekurhuleni,ZA748,West Rand,2020-06-29,2020-06-30,3,3,3,302181.7751601689,147913.85495009425,70912,20200629,20200630,0.23296733680905687,0.7203157619169479,0.04671690127399521,0.5205474946472306,3739653.0,0.23154887232085752,0.7207832829912092,0.047667844687933295,0.5288128906961219,856804.0,0.7435109289617486,0.9615384615384616,0.23715802469135805,0.8076923076923077,1,1,3,0,0,0,1,0,0
227933,ZA2,Eastern Cape,ZA2,Eastern Cape,ZA212,Amathole,ZA215,O.R.Tambo,2020-06-29,2020-06-29,5,5,5,843285.5206900452,463545.4209205945,65928,20200629,20200629,0.32816698449842097,0.5696178168124134,0.1022151986891656,0.47434426623917664,789726.0,0.38804558548824664,0.5482866433400703,0.06366777117168307,0.4623163104135049,1358678.0,-0.3192883211678832,0.019230769230769232,-0.23807536101083035,0.1346153846153846,1,1,3,0,0,0,1,0,0
227934,ZA4,Free State,ZA2,Eastern Cape,ZA420,Fezile Dabi,ZA210,Cacadu,2020-06-29,2020-06-29,2,2,2,1817565.387411843,1817565.387411843,78673,20200629,20200629,0.2705098118551487,0.6604572122193,0.06903297592555128,0.5050070807202104,494300.0,0.2618455236218228,0.6571170870354837,0.08103738934269357,0.4975242081945451,491156.0,0.2276555023923445,0.7884615384615384,-0.01848062015503876,0.5,1,1,3,0,0,0,1,0,0
227935,ZA7,Gauteng,ZA7,Gauteng,ZA797,Ekurhuleni,ZA748,West Rand,2020-06-29,2020-06-29,70,70,70,11105792.27145084,4815059.0492914,709094,20200629,20200629,0.23296733680905687,0.7203157619169479,0.04671690127399521,0.5205474946472306,3739653.0,0.23154887232085752,0.7207832829912092,0.047667844687933295,0.5288128906961219,856804.0,0.7435109289617486,0.9615384615384616,0.23715802469135805,0.8076923076923077,1,1,3,0,0,0,1,0,0
227936,ZA2,Eastern Cape,ZA2,Eastern Cape,ZA292,Buffalo City,ZA212,Amathole,2020-06-29,2020-06-29,60,60,56,7554839.886168756,3117454.615066465,606727,20200629,20200629,0.254980022080858,0.6758306608485358,0.06918931707060617,0.48177934914042375,760840.0,0.32816698449842097,0.5696178168124134,0.1022151986891656,0.47434426623917664,789726.0,0.09585175879396986,0.6923076923076923,-0.3192883211678832,0.019230769230769232,1,1,3,0,0,0,1,0,0
227937,ZA3,Nothern Cape,ZA1,Western Cape,ZA306,Namakwa,ZA101,West Coast,2020-06-29,2020-06-29,4,4,4,1018134.0605905554,635969.4547492524,54790,20200629,20200629,0.2479438366342976,0.6592106724059887,0.09284549095971371,0.5132337492633683,117087.0,0.24466466325617858,0.6852166396976793,0.0701186970461421,0.5060695297345649,497485.0,0.06505633802816901,0.6153846153846154,-0.12079976303317536,0.34615384615384615,1,1,3,0,0,0,1,0,0
227938,ZA4,Free State,ZA1,Western Cape,ZA420,Fezile Dabi,ZA104,Eden,2020-06-29,2020-06-29,2,2,2,1987352.811079048,1987352.811079048,79957,20200629,20200629,0.2705098118551487,0.6604572122193,0.06903297592555128,0.5050070807202104,494300.0,0.24710205256745305,0.6628052101466374,0.09009273728590954,0.4993180863678119,673839.0,0.2276555023923445,0.7884615384615384,0.0004522691705790296,0.5384615384615384,1,1,3,0,0,0,1,0,0
227939,ZA5,KwaZulu-Natal,ZA5,KwaZulu-Natal,ZA595,eThekwini,ZA543,Sisonke,2020-06-29,2020-06-29,12,12,12,5343229.029352452,1796343.6133970676,152903,20200629,20200629,0.2446364969883556,0.6990922562931536,0.05627124671849075,0.494610924976595,3587907.0,0.37293146983899067,0.5707096800166399,0.05635885014436937,0.4671305273563743,447117.0,0.5666580406654343,0.9230769230769231,-0.2112274881516588,0.17307692307692307,1,1,3,0,0,0,1,0,0
227940,ZA4,Free State,ZA7,Gauteng,ZA418,Lejweleputswa,ZA799,City of Tshwane,2020-06-29,2020-06-29,4,4,4,1820434.2799431751,1177079.0782537474,83037,20200629,20200629,0.27941650281351393,0.6617931601395349,0.058790337046951115,0.500105365269169,574193.0,0.22283079372412132,0.7204843127840075,0.056684893491871245,0.5057337597223363,3627986.0,0.29495049504950493,0.8653846153846154,0.48224212034383956,0.9038461538461539,1,1,3,0,0,0,1,0,0
227941,ZA5,KwaZulu-Natal,ZA5,KwaZulu-Natal,ZA595,eThekwini,ZA529,iLembe,2020-06-29,2020-06-30,16,16,16,1406113.1280724767,645812.1373147882,497717,20200629,20200630,0.2446364969883556,0.6990922562931536,0.05627124671849075,0.494610924976595,3587907.0,0.32390440311621094,0.6202867780885334,0.05580881879525565,0.4827645772056803,636799.0,0.5666580406654343,0.9230769230769231,-0.14951617873651774,0.28846153846153844,1,1,3,0,0,0,1,0,0
227942,ZA5,KwaZulu-Natal,ZA5,KwaZulu-Natal,ZA524,Umzinyathi,ZA523,Uthukela,2020-06-29,2020-06-29,9,8,8,1923893.6585815423,427987.4417024597,126675,20200629,20200629,0.3952311253914291,0.5454951881678106,0.05927368644076033,0.451447242842509,514461.0,0.36014331224838336,0.5864396074090654,0.05341708034255123,0.46782833191779016,652282.0,-0.28225945945945946,0.07692307692307693,-0.19841226215644822,0.19230769230769232,1,1,3,0,0,0,1,0,0
227943,ZA7,Gauteng,ZA7,Gauteng,ZA742,Sedibeng,ZA798,City of Johannesburg,2020-06-29,2020-06-29,321,319,315,43280656.04637711,17124203.517899696,2619517,20200629,20200629,0.24393339879416723,0.6953819961266214,0.06068460507921129,0.5059130831550246,994997.0,0.2220629170143196,0.7299897648810346,0.047947318104645836,0.5097433964893054,5540727.0,0.2808379746835443,0.8461538461538461,0.8818060606060606,1.0,1,1,3,0,0,0,1,0,0
227944,ZA7,Gauteng,ZA7,Gauteng,ZA798,City of Johannesburg,ZA799,City of Tshwane,2020-06-29,2020-06-30,96,96,96,10144963.043012446,3707927.4878398543,3070731,20200629,20200630,0.2220629170143196,0.7299897648810346,0.047947318104645836,0.5097433964893054,5540727.0,0.22283079372412132,0.7204843127840075,0.056684893491871245,0.5057337597223363,3627986.0,0.8818060606060606,1.0,0.48224212034383956,0.9038461538461539,1,1,3,0,0,0,1,0,0
227945,ZA9,Limpopo,ZA7,Gauteng,ZA936,Waterberg,ZA798,City of Johannesburg,2020-06-29,2020-06-29,8,8,8,3022057.549350395,1695137.3713192884,136306,20200629,20200629,0.2870915348782833,0.6477210572390478,0.06518740788266879,0.5138960603357211,718513.0,0.2220629170143196,0.7299897648810346,0.047947318104645836,0.5097433964893054,5540727.0,0.00236898395721925,0.5576923076923077,0.8818060606060606,1.0,1,1,3,0,0,0,1,0,0
227946,ZA4,Free State,ZA6,North West,ZA494,Mangaung,ZA638,Ngaka Modiri Molema,2020-06-29,2020-06-29,1,1,1,356713.7637657161,354330.37332233565,29120,20200629,20200629,0.26262942751272955,0.6754982029249197,0.06187236956235082,0.4901411892511804,826621.0,0.3236353449196357,0.6078801705223251,0.06848448455803925,0.4964769205863341,870971.0,0.27329104477611943,0.8269230769230769,-0.18344824707846413,0.23076923076923078,1,1,3,0,0,0,1,0,0
227947,ZA6,North West,ZA7,Gauteng,ZA637,Bojanala,ZA748,West Rand,2020-06-29,2020-06-29,44,44,44,8867754.9118584,2797886.8448713133,272093,20200629,20200629,0.25082919250139085,0.6903465537718604,0.05882425372674875,0.5380589003726469,1786678.0,0.23154887232085752,0.7207832829912092,0.047667844687933295,0.5288128906961219,856804.0,0.07430676328502415,0.6538461538461539,0.23715802469135805,0.8076923076923077,1,1,3,0,0,0,1,0,0
227948,ZA5,KwaZulu-Natal,ZA5,KwaZulu-Natal,ZA524,Umzinyathi,ZA525,Amajuba,2020-06-29,2020-06-29,11,11,11,1483316.9411533938,458739.36502463423,47804,20200629,20200629,0.3952311253914291,0.5454951881678106,0.05927368644076033,0.451447242842509,514461.0,0.3311353387795859,0.6144200377537888,0.05444462346662529,0.48045773982507545,502731.0,-0.28225945945945946,0.07692307692307693,-0.16864155251141552,0.25,1,1,3,0,0,0,1,0,0
227949,ZA1,Western Cape,ZA1,Western Cape,ZA102,Cape Winelands,ZA101,West Coast,2020-06-29,2020-06-30,5,5,5,384965.044499176,185218.88401149824,76865,20200629,20200630,0.24989252608235304,0.6902123420738123,0.059895131843834624,0.5011121214086944,909523.0,0.24466466325617858,0.6852166396976793,0.0701186970461421,0.5060695297345649,497485.0,-0.012388831437435367,0.5192307692307693,-0.12079976303317536,0.34615384615384615,1,1,3,0,0,0,1,0,0
227950,ZA6,North West,ZA4,Free State,ZA639,Dr Ruth Segomotsi Mompati,ZA418,Lejweleputswa,2020-06-29,2020-06-29,10,9,8,994938.7417298536,417525.9119688265,52356,20200629,20200629,0.3412335579082451,0.5850872971649528,0.07367914492680208,0.4911837461796937,473784.0,0.27941650281351393,0.6617931601395349,0.058790337046951115,0.500105365269169,574193.0,-0.16626678765880218,0.2692307692307692,0.29495049504950493,0.8653846153846154,1,1,3,0,0,0,1,0,0
227951,ZA5,KwaZulu-Natal,ZA2,Eastern Cape,ZA595,eThekwini,ZA244,Alfred Nzo,2020-06-29,2020-06-29,1,1,1,548995.679936591,295239.648389997,21079,20200629,20200629,0.2446364969883556,0.6990922562931536,0.05627124671849075,0.494610924976595,3587907.0,0.40782127157510134,0.5221222097470932,0.07005651867780548,0.4576553946475353,788235.0,0.5666580406654343,0.9230769230769231,-0.27396673320026615,0.11538461538461539,1,1,3,0,0,0,1,0,0
227952,ZA1,Western Cape,ZA1,Western Cape,ZA103,Overberg,ZA103,Overberg,2020-06-29,2020-06-29,2075,1013,672,83917947.52940702,15385931.856237795,8338695,20200629,20200629,0.22836513904770692,0.6721314716747349,0.09950338927755827,0.511077351980676,303457.0,0.22836513904770692,0.6721314716747349,0.09950338927755827,0.511077351980676,303457.0,0.051486772486772484,0.5961538461538461,0.051486772486772484,0.5961538461538461,1,1,3,0,0,0,1,0,0
227953,ZA7,Gauteng,ZA4,Free State,ZA797,Ekurhuleni,ZA418,Lejweleputswa,2020-06-29,2020-06-30,1,1,1,643712.1607803408,285262.02669728966,99589,20200629,20200630,0.23296733680905687,0.7203157619169479,0.04671690127399521,0.5205474946472306,3739653.0,0.27941650281351393,0.6617931601395349,0.058790337046951115,0.500105365269169,574193.0,0.7435109289617486,0.9615384615384616,0.29495049504950493,0.8653846153846154,1,1,3,0,0,0,1,0,0
227954,ZA3,Nothern Cape,ZA3,Nothern Cape,ZA307,Pixley ka Seme,ZA307,Pixley ka Seme,2020-06-29,2020-06-29,703,343,209,44039416.15942553,6826782.471217394,2773462,20200629,20200629,0.3060749448635213,0.6232332132979509,0.0706918418385278,0.5011842246002923,196331.0,0.3060749448635213,0.6232332132979509,0.0706918418385278,0.5011842246002923,196331.0,0.1854655172413793,0.75,0.1854655172413793,0.75,1,1,3,0,0,0,1,0,0
227955,ZA2,Eastern Cape,ZA2,Eastern Cape,ZA213,Chris Hani,ZA214,Joe Gqabi,2020-06-29,2020-06-29,10,10,10,1790418.076245993,786560.5133775568,101909,20200629,20200629,0.334940582305372,0.572656560540376,0.09240285715425203,0.478383232498069,752217.0,0.3340471849013029,0.5799636495391386,0.08598916555955849,0.47733103958194023,339473.0,-0.29251697892271666,0.057692307692307696,-0.1839776119402985,0.21153846153846154,1,1,3,0,0,0,1,0,0
227956,ZA9,Limpopo,ZA7,Gauteng,ZA947,Sekhukhune,ZA798,City of Johannesburg,2020-06-29,2020-06-29,5,5,5,2839213.5428919946,1424992.686570312,111026,20200629,20200629,0.3536917516859454,0.5707075150199985,0.07560073329405607,0.46486328935523974,1125333.0,0.2220629170143196,0.7299897648810346,0.047947318104645836,0.5097433964893054,5540727.0,-0.06015677966101695,0.4423076923076923,0.8818060606060606,1.0,1,1,3,0,0,0,1,0,0
227957,ZA4,Free State,ZA4,Free State,ZA418,Lejweleputswa,ZA494,Mangaung,2020-06-29,2020-06-29,53,51,50,13492832.099019872,6354633.84395479,428769,20200629,20200629,0.27941650281351393,0.6617931601395349,0.058790337046951115,0.500105365269169,574193.0,0.26262942751272955,0.6754982029249197,0.06187236956235082,0.4901411892511804,826621.0,0.29495049504950493,0.8653846153846154,0.27329104477611943,0.8269230769230769,1,1,3,0,0,0,1,0,0
227958,ZA8,Mpumalanga,ZA8,Mpumalanga,ZA830,Gert Sibande,ZA830,Gert Sibande,2020-06-29,2020-06-30,236,236,236,5748198.412262032,1434749.0646623753,7593171,20200629,20200630,0.30688245639051287,0.6412288994160756,0.05188864419341153,0.49968312815881616,1136106.0,0.30688245639051287,0.6412288994160756,0.05188864419341153,0.49968312815881616,1136106.0,-0.11248741610738255,0.36538461538461536,-0.11248741610738255,0.36538461538461536,1,1,3,0,0,0,1,0,0
227959,ZA9,Limpopo,ZA7,Gauteng,ZA936,Waterberg,ZA797,Ekurhuleni,2020-06-29,2020-06-29,17,17,17,7421467.181843446,3646792.1800305606,249611,20200629,20200629,0.2870915348782833,0.6477210572390478,0.06518740788266879,0.5138960603357211,718513.0,0.23296733680905687,0.7203157619169479,0.04671690127399521,0.5205474946472306,3739653.0,0.00236898395721925,0.5576923076923077,0.7435109289617486,0.9615384615384616,1,1,3,0,0,0,1,0,0
227960,ZA1,Western Cape,ZA1,Western Cape,ZA191,City of Cape Town,ZA191,City of Cape Town,2020-06-29,2020-06-29,48197,23437,15749,1775444064.4407744,437581868.1452656,196442082,20200629,20200629,0.23849582985172932,0.697186217784503,0.06431795236376775,0.4976008771049945,4436413.0,0.23849582985172932,0.697186217784503,0.06431795236376775,0.4976008771049945,4436413.0,0.7687640750670242,0.9807692307692307,0.7687640750670242,0.9807692307692307,1,1,3,0,0,0,1,0,0
227961,ZA5,KwaZulu-Natal,ZA5,KwaZulu-Natal,ZA525,Amajuba,ZA525,Amajuba,2020-06-29,2020-06-29,977,451,313,39607350.19396,7491552.558255147,4609851,20200629,20200629,0.3311353387795859,0.6144200377537888,0.05444462346662529,0.48045773982507545,502731.0,0.3311353387795859,0.6144200377537888,0.05444462346662529,0.48045773982507545,502731.0,-0.16864155251141552,0.25,-0.16864155251141552,0.25,1,1,3,0,0,0,1,0,0
227962,ZA2,Eastern Cape,ZA2,Eastern Cape,ZA213,Chris Hani,ZA213,Chris Hani,2020-06-29,2020-06-29,1004,460,285,51165515.55914566,8222810.861889678,4519398,20200629,20200629,0.334940582305372,0.572656560540376,0.09240285715425203,0.478383232498069,752217.0,0.334940582305372,0.572656560540376,0.09240285715425203,0.478383232498069,752217.0,-0.29251697892271666,0.057692307692307696,-0.29251697892271666,0.057692307692307696,1,1,3,0,0,0,1,0,0
227963,ZA9,Limpopo,ZA9,Limpopo,ZA947,Sekhukhune,ZA947,Sekhukhune,2020-06-29,2020-06-30,108,108,108,2209539.1804752075,706744.5400390571,3476433,20200629,20200630,0.3536917516859454,0.5707075150199985,0.07560073329405607,0.46486328935523974,1125333.0,0.3536917516859454,0.5707075150199985,0.07560073329405607,0.46486328935523974,1125333.0,-0.06015677966101695,0.4423076923076923,-0.06015677966101695,0.4423076923076923,1,1,3,0,0,0,1,0,0
227964,ZA7,Gauteng,ZA7,Gauteng,ZA797,Ekurhuleni,ZA797,Ekurhuleni,2020-06-29,2020-06-30,1526,1526,1526,21622460.50651281,6646778.639792405,47886149,20200629,20200630,0.23296733680905687,0.7203157619169479,0.04671690127399521,0.5205474946472306,3739653.0,0.23296733680905687,0.7203157619169479,0.04671690127399521,0.5205474946472306,3739653.0,0.7435109289617486,0.9615384615384616,0.7435109289617486,0.9615384615384616,1,1,3,0,0,0,1,0,0
227965,ZA9,Limpopo,ZA9,Limpopo,ZA934,Vhembe,ZA936,Waterberg,2020-06-29,2020-06-29,4,4,4,2042305.387490089,1068050.7906331914,60400,20200629,20200629,0.3433867460978093,0.5887604530714541,0.06785280083073665,0.4597374214109392,1325089.0,0.2870915348782833,0.6477210572390478,0.06518740788266879,0.5138960603357211,718513.0,-0.0767829596412556,0.4230769230769231,0.00236898395721925,0.5576923076923077,1,1,3,0,0,0,1,0,0
227966,ZA5,KwaZulu-Natal,ZA5,KwaZulu-Natal,ZA527,Umkhanyakude,ZA527,Umkhanyakude,2020-06-29,2020-06-30,20,20,20,740089.9801713382,202908.6911023305,702596,20200629,20200630,0.40017378652548197,0.5489306999026919,0.05089551357182606,0.4622270789873748,643318.0,0.40017378652548197,0.5489306999026919,0.05089551357182606,0.4622270789873748,643318.0,-0.31784377542717657,0.038461538461538464,-0.31784377542717657,0.038461538461538464,1,1,3,0,0,0,1,0,0
227967,ZA9,Limpopo,ZA9,Limpopo,ZA935,Capricorn,ZA933,Mopani,2020-06-29,2020-06-30,4,4,4,1693821.9556421072,327044.0727976578,131890,20200629,20200630,0.3265897738288558,0.6007690312860821,0.07264119488506209,0.472231826966417,1295656.0,0.3329418650827259,0.6026296126910996,0.06442852222617454,0.46142626187343905,1062666.0,0.07397387387387387,0.6346153846153846,-0.037928345626975765,0.4807692307692308,1,1,3,0,0,0,1,0,0
227968,ZA8,Mpumalanga,ZA8,Mpumalanga,ZA830,Gert Sibande,ZA830,Gert Sibande,2020-06-29,2020-06-29,5304,2407,1409,220105157.78021535,49381116.2485574,18873302,20200629,20200629,0.30688245639051287,0.6412288994160756,0.05188864419341153,0.49968312815881616,1136106.0,0.30688245639051287,0.6412288994160756,0.05188864419341153,0.49968312815881616,1136106.0,-0.11248741610738255,0.36538461538461536,-0.11248741610738255,0.36538461538461536,1,1,3,0,0,0,1,0,0
227969,ZA3,Nothern Cape,ZA4,Free State,ZA309,Frances Baard,ZA494,Mangaung,2020-06-29,2020-06-29,5,5,5,2597940.746003997,824976.1561482114,50348,20200629,20200629,0.2860169290028057,0.6497360787483951,0.06424699224879928,0.49189928194398214,420580.0,0.26262942751272955,0.6754982029249197,0.06187236956235082,0.4901411892511804,826621.0,0.29907801418439717,0.8846153846153846,0.27329104477611943,0.8269230769230769,1,1,3,0,0,0,1,0,0
227970,ZA7,Gauteng,ZA6,North West,ZA797,Ekurhuleni,ZA640,Dr Kenneth Kaunda,2020-06-29,2020-06-29,7,7,7,2302940.8120886125,1062579.9886544775,115045,20200629,20200629,0.23296733680905687,0.7203157619169479,0.04671690127399521,0.5205474946472306,3739653.0,0.27505895171327793,0.6602340041700301,0.06470704411669191,0.5065976875287468,754431.0,0.7435109289617486,0.9615384615384616,-0.10069384057971015,0.38461538461538464,1,1,3,0,0,0,1,0,0
227971,ZA7,Gauteng,ZA7,Gauteng,ZA742,Sedibeng,ZA742,Sedibeng,2020-06-29,2020-06-29,6257,3188,2036,252086486.8133323,50244338.28659327,21831750,20200629,20200629,0.24393339879416723,0.6953819961266214,0.06068460507921129,0.5059130831550246,994997.0,0.24393339879416723,0.6953819961266214,0.06068460507921129,0.5059130831550246,994997.0,0.2808379746835443,0.8461538461538461,0.2808379746835443,0.8461538461538461,1,1,3,0,0,0,1,0,0
227972,ZA8,Mpumalanga,ZA7,Gauteng,ZA830,Gert Sibande,ZA748,West Rand,2020-06-29,2020-06-29,1,1,1,1021499.5472334626,251272.87360181383,19800,20200629,20200629,0.30688245639051287,0.6412288994160756,0.05188864419341153,0.49968312815881616,1136106.0,0.23154887232085752,0.7207832829912092,0.047667844687933295,0.5288128906961219,856804.0,-0.11248741610738255,0.36538461538461536,0.23715802469135805,0.8076923076923077,1,1,3,0,0,0,1,0,0
227973,ZA3,Nothern Cape,ZA7,Gauteng,ZA309,Frances Baard,ZA799,City of Tshwane,2020-06-29,2020-06-29,2,2,2,1375017.8186875624,892616.260733225,99975,20200629,20200629,0.2860169290028057,0.6497360787483951,0.06424699224879928,0.49189928194398214,420580.0,0.22283079372412132,0.7204843127840075,0.056684893491871245,0.5057337597223363,3627986.0,0.29907801418439717,0.8846153846153846,0.48224212034383956,0.9038461538461539,1,1,3,0,0,0,1,0,0
227974,ZA4,Free State,ZA1,Western Cape,ZA418,Lejweleputswa,ZA191,City of Cape Town,2020-06-29,2020-06-29,1,1,1,1063637.3605405637,1063637.3605405637,35203,20200629,20200629,0.27941650281351393,0.6617931601395349,0.058790337046951115,0.500105365269169,574193.0,0.23849582985172932,0.697186217784503,0.06431795236376775,0.4976008771049945,4436413.0,0.29495049504950493,0.8653846153846154,0.7687640750670242,0.9807692307692307,1,1,3,0,0,0,1,0,0
227975,ZA7,Gauteng,ZA1,Western Cape,ZA798,City of Johannesburg,ZA103,Overberg,2020-06-29,2020-06-29,1,1,1,2622936.5702629294,1260758.1536093582,23593,20200629,20200629,0.2220629170143196,0.7299897648810346,0.047947318104645836,0.5097433964893054,5540727.0,0.22836513904770692,0.6721314716747349,0.09950338927755827,0.511077351980676,303457.0,0.8818060606060606,1.0,0.051486772486772484,0.5961538461538461,1,1,3,0,0,0,1,0,0
227976,ZA5,KwaZulu-Natal,ZA5,KwaZulu-Natal,ZA522,Umgungundlovu,ZA595,eThekwini,2020-06-29,2020-06-30,26,26,26,3324837.59156757,1574942.702555091,764771,20200629,20200630,0.2748377359932372,0.663873035280183,0.06128922872657978,0.48236181888519014,1046905.0,0.2446364969883556,0.6990922562931536,0.05627124671849075,0.494610924976595,3587907.0,0.0061256544502617805,0.5769230769230769,0.5666580406654343,0.9230769230769231,1,1,3,0,0,0,1,0,0
227977,ZA9,Limpopo,ZA9,Limpopo,ZA936,Waterberg,ZA947,Sekhukhune,2020-06-29,2020-06-29,13,13,13,3204015.074073962,1338019.0671251935,187683,20200629,20200629,0.2870915348782833,0.6477210572390478,0.06518740788266879,0.5138960603357211,718513.0,0.3536917516859454,0.5707075150199985,0.07560073329405607,0.46486328935523974,1125333.0,0.00236898395721925,0.5576923076923077,-0.06015677966101695,0.4423076923076923,1,1,3,0,0,0,1,0,0
227978,ZA2,Eastern Cape,ZA5,KwaZulu-Natal,ZA244,Alfred Nzo,ZA521,Ugu,2020-06-29,2020-06-29,8,8,7,925491.9282628744,308615.212013336,72723,20200629,20200629,0.40782127157510134,0.5221222097470932,0.07005651867780548,0.4576553946475353,788235.0,0.32122674606698143,0.6016982741355622,0.07707497979745637,0.47391596021954596,714019.0,-0.27396673320026615,0.11538461538461539,-0.09480895915678524,0.40384615384615385,1,1,3,0,0,0,1,0,0
227979,ZA5,KwaZulu-Natal,ZA5,KwaZulu-Natal,ZA543,Sisonke,ZA521,Ugu,2020-06-29,2020-06-30,1,1,1,13269.401819793104,6634.700909896553,60933,20200629,20200630,0.37293146983899067,0.5707096800166399,0.05635885014436937,0.4671305273563743,447117.0,0.32122674606698143,0.6016982741355622,0.07707497979745637,0.47391596021954596,714019.0,-0.2112274881516588,0.17307692307692307,-0.09480895915678524,0.40384615384615385,1,1,3,0,0,0,1,0,0
227980,ZA4,Free State,ZA4,Free State,ZA420,Fezile Dabi,ZA494,Mangaung,2020-06-29,2020-06-29,7,7,7,2977587.17787044,1386375.279253404,123437,20200629,20200629,0.2705098118551487,0.6604572122193,0.06903297592555128,0.5050070807202104,494300.0,0.26262942751272955,0.6754982029249197,0.06187236956235082,0.4901411892511804,826621.0,0.2276555023923445,0.7884615384615384,0.27329104477611943,0.8269230769230769,1,1,3,0,0,0,1,0,0
227981,ZA7,Gauteng,ZA8,Mpumalanga,ZA742,Sedibeng,ZA831,Nkangala,2020-06-29,2020-06-29,23,23,22,6007032.041773059,1750747.6453173289,176691,20200629,20200629,0.24393339879416723,0.6953819961266214,0.06068460507921129,0.5059130831550246,994997.0,0.27290691475673784,0.6711806877078121,0.055912397535449986,0.5109201270525474,1573837.0,0.2808379746835443,0.8461538461538461,0.07867808219178082,0.6730769230769231,1,1,3,0,0,0,1,0,0
227982,ZA4,Free State,ZA7,Gauteng,ZA420,Fezile Dabi,ZA799,City of Tshwane,2020-06-29,2020-06-29,7,7,7,3708376.604283182,1222462.616144504,100015,20200629,20200629,0.2705098118551487,0.6604572122193,0.06903297592555128,0.5050070807202104,494300.0,0.22283079372412132,0.7204843127840075,0.056684893491871245,0.5057337597223363,3627986.0,0.2276555023923445,0.7884615384615384,0.48224212034383956,0.9038461538461539,1,1,3,0,0,0,1,0,0
227983,ZA7,Gauteng,ZA6,North West,ZA748,West Rand,ZA637,Bojanala,2020-06-29,2020-06-29,40,40,40,6181843.8527414445,2289395.740835671,343306,20200629,20200629,0.23154887232085752,0.7207832829912092,0.047667844687933295,0.5288128906961219,856804.0,0.25082919250139085,0.6903465537718604,0.05882425372674875,0.5380589003726469,1786678.0,0.23715802469135805,0.8076923076923077,0.07430676328502415,0.6538461538461539,1,1,3,0,0,0,1,0,0
227984,ZA8,Mpumalanga,ZA6,North West,ZA830,Gert Sibande,ZA640,Dr Kenneth Kaunda,2020-06-29,2020-06-29,2,2,2,800595.2819834803,380923.1627786278,36041,20200629,20200629,0.30688245639051287,0.6412288994160756,0.05188864419341153,0.49968312815881616,1136106.0,0.27505895171327793,0.6602340041700301,0.06470704411669191,0.5065976875287468,754431.0,-0.11248741610738255,0.36538461538461536,-0.10069384057971015,0.38461538461538464,1,1,3,0,0,0,1,0,0
227985,ZA2,Eastern Cape,ZA2,Eastern Cape,ZA215,O.R.Tambo,ZA244,Alfred Nzo,2020-06-29,2020-06-29,9,9,9,1654119.5162249466,785861.5504528761,122270,20200629,20200629,0.38804558548824664,0.5482866433400703,0.06366777117168307,0.4623163104135049,1358678.0,0.40782127157510134,0.5221222097470932,0.07005651867780548,0.4576553946475353,788235.0,-0.23807536101083035,0.1346153846153846,-0.27396673320026615,0.11538461538461539,1,1,3,0,0,0,1,0,0
227986,ZA5,KwaZulu-Natal,ZA5,KwaZulu-Natal,ZA521,Ugu,ZA543,Sisonke,2020-06-29,2020-06-29,4,4,4,1004347.2457234646,218679.1410291833,45550,20200629,20200629,0.32122674606698143,0.6016982741355622,0.07707497979745637,0.47391596021954596,714019.0,0.37293146983899067,0.5707096800166399,0.05635885014436937,0.4671305273563743,447117.0,-0.09480895915678524,0.40384615384615385,-0.2112274881516588,0.17307692307692307,1,1,3,0,0,0,1,0,0
227987,ZA4,Free State,ZA4,Free State,ZA416,Xhariep,ZA416,Xhariep,2020-06-29,2020-06-30,11,11,11,177710.93068679638,100675.15476419128,256733,20200629,20200630,0.29515218562959183,0.6325513667867511,0.07229644758365718,0.5005153225730198,105759.0,0.29515218562959183,0.6325513667867511,0.07229644758365718,0.5005153225730198,105759.0,0.18671264367816093,0.7692307692307693,0.18671264367816093,0.7692307692307693,1,1,3,0,0,0,1,0,0
227988,ZA8,Mpumalanga,ZA4,Free State,ZA830,Gert Sibande,ZA420,Fezile Dabi,2020-06-29,2020-06-29,4,4,4,932351.3916058666,435553.741747322,45606,20200629,20200629,0.30688245639051287,0.6412288994160756,0.05188864419341153,0.49968312815881616,1136106.0,0.2705098118551487,0.6604572122193,0.06903297592555128,0.5050070807202104,494300.0,-0.11248741610738255,0.36538461538461536,0.2276555023923445,0.7884615384615384,1,1,3,0,0,0,1,0,0
227989,ZA2,Eastern Cape,ZA5,KwaZulu-Natal,ZA244,Alfred Nzo,ZA595,eThekwini,2020-06-29,2020-06-29,4,4,4,2154455.299253445,933687.6326115,74877,20200629,20200629,0.40782127157510134,0.5221222097470932,0.07005651867780548,0.4576553946475353,788235.0,0.2446364969883556,0.6990922562931536,0.05627124671849075,0.494610924976595,3587907.0,-0.27396673320026615,0.11538461538461539,0.5666580406654343,0.9230769230769231,1,1,3,0,0,0,1,0,0
227990,ZA4,Free State,ZA8,Mpumalanga,ZA420,Fezile Dabi,ZA830,Gert Sibande,2020-06-29,2020-06-29,2,2,2,451428.1778687457,285166.0959568965,24679,20200629,20200629,0.2705098118551487,0.6604572122193,0.06903297592555128,0.5050070807202104,494300.0,0.30688245639051287,0.6412288994160756,0.05188864419341153,0.49968312815881616,1136106.0,0.2276555023923445,0.7884615384615384,-0.11248741610738255,0.36538461538461536,1,1,3,0,0,0,1,0,0
227991,ZA7,Gauteng,ZA4,Free State,ZA748,West Rand,ZA418,Lejweleputswa,2020-06-29,2020-06-29,2,2,2,918281.458051668,447924.9267357461,33285,20200629,20200629,0.23154887232085752,0.7207832829912092,0.047667844687933295,0.5288128906961219,856804.0,0.27941650281351393,0.6617931601395349,0.058790337046951115,0.500105365269169,574193.0,0.23715802469135805,0.8076923076923077,0.29495049504950493,0.8653846153846154,1,1,3,0,0,0,1,0,0
227992,ZA8,Mpumalanga,ZA9,Limpopo,ZA831,Nkangala,ZA933,Mopani,2020-06-29,2020-06-29,2,2,2,1250890.425517684,513968.1049391269,22481,20200629,20200629,0.27290691475673784,0.6711806877078121,0.055912397535449986,0.5109201270525474,1573837.0,0.3329418650827259,0.6026296126910996,0.06442852222617454,0.46142626187343905,1062666.0,0.07867808219178082,0.6730769230769231,-0.037928345626975765,0.4807692307692308,1,1,3,0,0,0,1,0,0
227993,ZA9,Limpopo,ZA7,Gauteng,ZA936,Waterberg,ZA797,Ekurhuleni,2020-06-29,2020-06-30,1,1,1,516254.44881315576,219373.60230189085,53124,20200629,20200630,0.2870915348782833,0.6477210572390478,0.06518740788266879,0.5138960603357211,718513.0,0.23296733680905687,0.7203157619169479,0.04671690127399521,0.5205474946472306,3739653.0,0.00236898395721925,0.5576923076923077,0.7435109289617486,0.9615384615384616,1,1,3,0,0,0,1,0,0
227994,ZA7,Gauteng,ZA8,Mpumalanga,ZA798,City of Johannesburg,ZA831,Nkangala,2020-06-29,2020-06-30,1,1,1,321026.3630313949,166367.76349825217,43001,20200629,20200630,0.2220629170143196,0.7299897648810346,0.047947318104645836,0.5097433964893054,5540727.0,0.27290691475673784,0.6711806877078121,0.055912397535449986,0.5109201270525474,1573837.0,0.8818060606060606,1.0,0.07867808219178082,0.6730769230769231,1,1,3,0,0,0,1,0,0
227995,ZA4,Free State,ZA7,Gauteng,ZA418,Lejweleputswa,ZA798,City of Johannesburg,2020-06-29,2020-06-29,3,3,3,1206571.0068704423,702951.2465137114,97814,20200629,20200629,0.27941650281351393,0.6617931601395349,0.058790337046951115,0.500105365269169,574193.0,0.2220629170143196,0.7299897648810346,0.047947318104645836,0.5097433964893054,5540727.0,0.29495049504950493,0.8653846153846154,0.8818060606060606,1.0,1,1,3,0,0,0,1,0,0
227996,ZA3,Nothern Cape,ZA7,Gauteng,ZA308,Z F Mgcawu,ZA798,City of Johannesburg,2020-06-29,2020-06-29,1,1,1,1169156.5264901193,543039.3791451418,21727,20200629,20200629,0.27601757542529287,0.6641943181028425,0.059788106471864645,0.5142626583989065,258998.0,0.2220629170143196,0.7299897648810346,0.047947318104645836,0.5097433964893054,5540727.0,-0.04016603773584906,0.46153846153846156,0.8818060606060606,1.0,1,1,3,0,0,0,1,0,0
227997,ZA7,Gauteng,ZA6,North West,ZA799,City of Tshwane,ZA638,Ngaka Modiri Molema,2020-06-29,2020-06-29,2,2,2,800856.040492247,521602.1023443835,33568,20200629,20200629,0.22283079372412132,0.7204843127840075,0.056684893491871245,0.5057337597223363,3627986.0,0.3236353449196357,0.6078801705223251,0.06848448455803925,0.4964769205863341,870971.0,0.48224212034383956,0.9038461538461539,-0.18344824707846413,0.23076923076923078,1,1,3,0,0,0,1,0,0
227998,ZA2,Eastern Cape,ZA2,Eastern Cape,ZA293,Nelson Mandela Bay,ZA292,Buffalo City,2020-06-29,2020-06-29,12,12,12,3840210.276721393,2940479.20787722,266551,20200629,20200629,0.2465186661259611,0.6842154879637478,0.0692658459102911,0.4877654529777138,1230491.0,0.254980022080858,0.6758306608485358,0.06918931707060617,0.48177934914042375,760840.0,0.5740514018691588,0.9423076923076923,0.09585175879396986,0.6923076923076923,1,1,3,0,0,0,1,0,0
227999,ZA8,Mpumalanga,ZA7,Gauteng,ZA830,Gert Sibande,ZA742,Sedibeng,2020-06-29,2020-06-29,10,10,10,1231523.20559863,487124.7751342853,106871,20200629,20200629,0.30688245639051287,0.6412288994160756,0.05188864419341153,0.49968312815881616,1136106.0,0.24393339879416723,0.6953819961266214,0.06068460507921129,0.5059130831550246,994997.0,-0.11248741610738255,0.36538461538461536,0.2808379746835443,0.8461538461538461,1,1,3,0,0,0,1,0,0
228000,ZA7,Gauteng,ZA5,KwaZulu-Natal,ZA798,City of Johannesburg,ZA522,Umgungundlovu,2020-06-29,2020-06-29,3,3,3,3127802.877450694,1569920.3405206543,71562,20200629,20200629,0.2220629170143196,0.7299897648810346,0.047947318104645836,0.5097433964893054,5540727.0,0.2748377359932372,0.663873035280183,0.06128922872657978,0.48236181888519014,1046905.0,0.8818060606060606,1.0,0.0061256544502617805,0.5769230769230769,1,1,3,0,0,0,1,0,0
228001,ZA3,Nothern Cape,ZA6,North West,ZA345,John Taolo Gaetsewe,ZA639,Dr Ruth Segomotsi Mompati,2020-06-29,2020-06-30,1,1,1,836342.1930677671,139639.00987590064,23778,20200629,20200630,0.31986957060536586,0.628082594956317,0.05204783443831712,0.4959027820806741,258224.0,0.3412335579082451,0.5850872971649528,0.07367914492680208,0.4911837461796937,473784.0,-0.13480926430517712,0.3076923076923077,-0.16626678765880218,0.2692307692307692,1,1,3,0,0,0,1,0,0
228002,ZA2,Eastern Cape,ZA2,Eastern Cape,ZA212,Amathole,ZA210,Cacadu,2020-06-29,2020-06-29,5,5,5,399419.5036835413,203552.1668210708,44615,20200629,20200629,0.32816698449842097,0.5696178168124134,0.1022151986891656,0.47434426623917664,789726.0,0.2618455236218228,0.6571170870354837,0.08103738934269357,0.4975242081945451,491156.0,-0.3192883211678832,0.019230769230769232,-0.01848062015503876,0.5,1,1,3,0,0,0,1,0,0
228003,ZA1,Western Cape,ZA2,Eastern Cape,ZA104,Eden,ZA210,Cacadu,2020-06-29,2020-06-29,6,6,6,3078765.964401781,1473661.2700376902,99614,20200629,20200629,0.24710205256745305,0.6628052101466374,0.09009273728590954,0.4993180863678119,673839.0,0.2618455236218228,0.6571170870354837,0.08103738934269357,0.4975242081945451,491156.0,0.0004522691705790296,0.5384615384615384,-0.01848062015503876,0.5,1,1,3,0,0,0,1,0,0
228004,ZA1,Western Cape,ZA7,Gauteng,ZA191,City of Cape Town,ZA797,Ekurhuleni,2020-06-29,2020-06-29,7,7,7,15045735.98581085,8924501.272674236,77320,20200629,20200629,0.23849582985172932,0.697186217784503,0.06431795236376775,0.4976008771049945,4436413.0,0.23296733680905687,0.7203157619169479,0.04671690127399521,0.5205474946472306,3739653.0,0.7687640750670242,0.9807692307692307,0.7435109289617486,0.9615384615384616,1,1,3,0,0,0,1,0,0
228005,ZA4,Free State,ZA1,Western Cape,ZA494,Mangaung,ZA191,City of Cape Town,2020-06-29,2020-06-29,1,1,1,1177915.8527505368,1177915.8527505368,42815,20200629,20200629,0.26262942751272955,0.6754982029249197,0.06187236956235082,0.4901411892511804,826621.0,0.23849582985172932,0.697186217784503,0.06431795236376775,0.4976008771049945,4436413.0,0.27329104477611943,0.8269230769230769,0.7687640750670242,0.9807692307692307,1,1,3,0,0,0,1,0,0
228006,ZA1,Western Cape,ZA1,Western Cape,ZA105,Central Karoo,ZA105,Central Karoo,2020-06-29,2020-06-30,13,13,13,196955.7606591273,82692.86101704967,506151,20200629,20200630,0.29415328297801036,0.633639246216906,0.07220747080508365,0.4979247763656518,77582.0,0.29415328297801036,0.633639246216906,0.07220747080508365,0.4979247763656518,77582.0,-0.12604477611940298,0.3269230769230769,-0.12604477611940298,0.3269230769230769,1,1,3,0,0,0,1,0,0
228007,ZA4,Free State,ZA3,Nothern Cape,ZA494,Mangaung,ZA307,Pixley ka Seme,2020-06-29,2020-06-29,5,5,5,3897263.178050363,1200274.614294113,69056,20200629,20200629,0.26262942751272955,0.6754982029249197,0.06187236956235082,0.4901411892511804,826621.0,0.3060749448635213,0.6232332132979509,0.0706918418385278,0.5011842246002923,196331.0,0.27329104477611943,0.8269230769230769,0.1854655172413793,0.75,1,1,3,0,0,0,1,0,0
228008,ZA3,Nothern Cape,ZA2,Eastern Cape,ZA307,Pixley ka Seme,ZA213,Chris Hani,2020-06-29,2020-06-29,2,2,2,558387.1816668017,292882.126875933,16374,20200629,20200629,0.3060749448635213,0.6232332132979509,0.0706918418385278,0.5011842246002923,196331.0,0.334940582305372,0.572656560540376,0.09240285715425203,0.478383232498069,752217.0,0.1854655172413793,0.75,-0.29251697892271666,0.057692307692307696,1,1,3,0,0,0,1,0,0
228009,ZA1,Western Cape,ZA1,Western Cape,ZA104,Eden,ZA191,City of Cape Town,2020-06-29,2020-06-30,4,4,4,2589661.6370155467,1747584.4498446528,270839,20200629,20200630,0.24710205256745305,0.6628052101466374,0.09009273728590954,0.4993180863678119,673839.0,0.23849582985172932,0.697186217784503,0.06431795236376775,0.4976008771049945,4436413.0,0.0004522691705790296,0.5384615384615384,0.7687640750670242,0.9807692307692307,1,1,3,0,0,0,1,0,0
228010,ZA4,Free State,ZA6,North West,ZA420,Fezile Dabi,ZA640,Dr Kenneth Kaunda,2020-06-29,2020-06-29,63,63,61,8227783.901585571,2990273.66636785,427977,20200629,20200629,0.2705098118551487,0.6604572122193,0.06903297592555128,0.5050070807202104,494300.0,0.27505895171327793,0.6602340041700301,0.06470704411669191,0.5065976875287468,754431.0,0.2276555023923445,0.7884615384615384,-0.10069384057971015,0.38461538461538464,1,1,3,0,0,0,1,0,0
228011,ZA5,KwaZulu-Natal,ZA5,KwaZulu-Natal,ZA529,iLembe,ZA522,Umgungundlovu,2020-06-29,2020-06-30,1,1,1,125619.92585347896,58246.45718173662,15191,20200629,20200630,0.32390440311621094,0.6202867780885334,0.05580881879525565,0.4827645772056803,636799.0,0.2748377359932372,0.663873035280183,0.06128922872657978,0.48236181888519014,1046905.0,-0.14951617873651774,0.28846153846153844,0.0061256544502617805,0.5769230769230769,1,1,3,0,0,0,1,0,0
228012,ZA7,Gauteng,ZA4,Free State,ZA799,City of Tshwane,ZA419,Thabo Mofutsanyane,2020-06-29,2020-06-29,8,8,8,4193519.1570921736,2499168.6551601207,125925,20200629,20200629,0.22283079372412132,0.7204843127840075,0.056684893491871245,0.5057337597223363,3627986.0,0.31143326559338835,0.6251823622683981,0.06338437213821363,0.47028720831466336,662829.0,0.48224212034383956,0.9038461538461539,0.10770218579234972,0.7115384615384616,1,1,3,0,0,0,1,0,0
228013,ZA1,Western Cape,ZA3,Nothern Cape,ZA191,City of Cape Town,ZA307,Pixley ka Seme,2020-06-29,2020-06-29,2,2,2,1626382.1398965877,1287799.0102351054,61539,20200629,20200629,0.23849582985172932,0.697186217784503,0.06431795236376775,0.4976008771049945,4436413.0,0.3060749448635213,0.6232332132979509,0.0706918418385278,0.5011842246002923,196331.0,0.7687640750670242,0.9807692307692307,0.1854655172413793,0.75,1,1,3,0,0,0,1,0,0
228014,ZA7,Gauteng,ZA7,Gauteng,ZA748,West Rand,ZA797,Ekurhuleni,2020-06-29,2020-06-30,4,4,4,645843.2809736899,240485.48317501936,69175,20200629,20200630,0.23154887232085752,0.7207832829912092,0.047667844687933295,0.5288128906961219,856804.0,0.23296733680905687,0.7203157619169479,0.04671690127399521,0.5205474946472306,3739653.0,0.23715802469135805,0.8076923076923077,0.7435109289617486,0.9615384615384616,1,1,3,0,0,0,1,0,0
228015,ZA8,Mpumalanga,ZA7,Gauteng,ZA832,Ehlanzeni,ZA797,Ekurhuleni,2020-06-29,2020-06-29,10,10,10,7579067.545549934,3810349.2200448727,262533,20200629,20200629,0.32438893780700045,0.6235217992770762,0.05208926291592337,0.47979089412028486,1837538.0,0.23296733680905687,0.7203157619169479,0.04671690127399521,0.5205474946472306,3739653.0,0.1315940928270042,0.7307692307692307,0.7435109289617486,0.9615384615384616,1,1,3,0,0,0,1,0,0
228016,ZA4,Free State,ZA1,Western Cape,ZA494,Mangaung,ZA102,Cape Winelands,2020-06-29,2020-06-29,1,1,1,1696900.757849455,843406.7964805025,23895,20200629,20200629,0.26262942751272955,0.6754982029249197,0.06187236956235082,0.4901411892511804,826621.0,0.24989252608235304,0.6902123420738123,0.059895131843834624,0.5011121214086944,909523.0,0.27329104477611943,0.8269230769230769,-0.012388831437435367,0.5192307692307693,1,1,3,0,0,0,1,0,0
228017,ZA5,KwaZulu-Natal,ZA7,Gauteng,ZA595,eThekwini,ZA798,City of Johannesburg,2020-06-29,2020-06-29,11,11,11,9555989.65503366,5894896.526640199,214619,20200629,20200629,0.2446364969883556,0.6990922562931536,0.05627124671849075,0.494610924976595,3587907.0,0.2220629170143196,0.7299897648810346,0.047947318104645836,0.5097433964893054,5540727.0,0.5666580406654343,0.9230769230769231,0.8818060606060606,1.0,1,1,3,0,0,0,1,0,0
228018,ZA2,Eastern Cape,ZA2,Eastern Cape,ZA212,Amathole,ZA292,Buffalo City,2020-06-29,2020-06-30,12,12,12,1056599.81751053,528852.9803070432,356009,20200629,20200630,0.32816698449842097,0.5696178168124134,0.1022151986891656,0.47434426623917664,789726.0,0.254980022080858,0.6758306608485358,0.06918931707060617,0.48177934914042375,760840.0,-0.3192883211678832,0.019230769230769232,0.09585175879396986,0.6923076923076923,1,1,3,0,0,0,1,0,0
228019,ZA1,Western Cape,ZA1,Western Cape,ZA104,Eden,ZA191,City of Cape Town,2020-06-29,2020-06-29,26,26,25,16098052.036565714,9695818.71614432,510823,20200629,20200629,0.24710205256745305,0.6628052101466374,0.09009273728590954,0.4993180863678119,673839.0,0.23849582985172932,0.697186217784503,0.06431795236376775,0.4976008771049945,4436413.0,0.0004522691705790296,0.5384615384615384,0.7687640750670242,0.9807692307692307,1,1,3,0,0,0,1,0,0
228020,ZA8,Mpumalanga,ZA5,KwaZulu-Natal,ZA830,Gert Sibande,ZA522,Umgungundlovu,2020-06-29,2020-06-30,1,1,1,759641.0441399348,379811.2041744401,67017,20200629,20200630,0.30688245639051287,0.6412288994160756,0.05188864419341153,0.49968312815881616,1136106.0,0.2748377359932372,0.663873035280183,0.06128922872657978,0.48236181888519014,1046905.0,-0.11248741610738255,0.36538461538461536,0.0061256544502617805,0.5769230769230769,1,1,3,0,0,0,1,0,0
228021,ZA7,Gauteng,ZA6,North West,ZA748,West Rand,ZA637,Bojanala,2020-06-29,2020-06-30,3,3,3,194962.04348315575,97087.93270816412,121260,20200629,20200630,0.23154887232085752,0.7207832829912092,0.047667844687933295,0.5288128906961219,856804.0,0.25082919250139085,0.6903465537718604,0.05882425372674875,0.5380589003726469,1786678.0,0.23715802469135805,0.8076923076923077,0.07430676328502415,0.6538461538461539,1,1,3,0,0,0,1,0,0
228022,ZA8,Mpumalanga,ZA8,Mpumalanga,ZA830,Gert Sibande,ZA832,Ehlanzeni,2020-06-29,2020-06-29,8,8,8,2587963.2035217937,1260699.953555589,104024,20200629,20200629,0.30688245639051287,0.6412288994160756,0.05188864419341153,0.49968312815881616,1136106.0,0.32438893780700045,0.6235217992770762,0.05208926291592337,0.47979089412028486,1837538.0,-0.11248741610738255,0.36538461538461536,0.1315940928270042,0.7307692307692307,1,1,3,0,0,0,1,0,0
228023,ZA8,Mpumalanga,ZA7,Gauteng,ZA832,Ehlanzeni,ZA799,City of Tshwane,2020-06-29,2020-06-30,2,2,2,1133334.5573041637,555067.5993176661,56014,20200629,20200630,0.32438893780700045,0.6235217992770762,0.05208926291592337,0.47979089412028486,1837538.0,0.22283079372412132,0.7204843127840075,0.056684893491871245,0.5057337597223363,3627986.0,0.1315940928270042,0.7307692307692307,0.48224212034383956,0.9038461538461539,1,1,3,0,0,0,1,0,0
228024,ZA3,Nothern Cape,ZA4,Free State,ZA309,Frances Baard,ZA416,Xhariep,2020-06-29,2020-06-29,5,5,5,551547.8072834215,197800.09011095387,63864,20200629,20200629,0.2860169290028057,0.6497360787483951,0.06424699224879928,0.49189928194398214,420580.0,0.29515218562959183,0.6325513667867511,0.07229644758365718,0.5005153225730198,105759.0,0.29907801418439717,0.8846153846153846,0.18671264367816093,0.7692307692307693,1,1,3,0,0,0,1,0,0
228025,ZA8,Mpumalanga,ZA8,Mpumalanga,ZA830,Gert Sibande,ZA831,Nkangala,2020-06-29,2020-06-30,11,11,11,2163028.038444476,761496.1096128211,383416,20200629,20200630,0.30688245639051287,0.6412288994160756,0.05188864419341153,0.49968312815881616,1136106.0,0.27290691475673784,0.6711806877078121,0.055912397535449986,0.5109201270525474,1573837.0,-0.11248741610738255,0.36538461538461536,0.07867808219178082,0.6730769230769231,1,1,3,0,0,0,1,0,0
228026,ZA2,Eastern Cape,ZA2,Eastern Cape,ZA213,Chris Hani,ZA292,Buffalo City,2020-06-29,2020-06-29,2,2,2,730984.7267220847,404304.11028505256,53214,20200629,20200629,0.334940582305372,0.572656560540376,0.09240285715425203,0.478383232498069,752217.0,0.254980022080858,0.6758306608485358,0.06918931707060617,0.48177934914042375,760840.0,-0.29251697892271666,0.057692307692307696,0.09585175879396986,0.6923076923076923,1,1,3,0,0,0,1,0,0
228027,ZA1,Western Cape,ZA2,Eastern Cape,ZA105,Central Karoo,ZA210,Cacadu,2020-06-29,2020-06-29,4,4,4,4504141.162147333,1141170.9177821225,59869,20200629,20200629,0.29415328297801036,0.633639246216906,0.07220747080508365,0.4979247763656518,77582.0,0.2618455236218228,0.6571170870354837,0.08103738934269357,0.4975242081945451,491156.0,-0.12604477611940298,0.3269230769230769,-0.01848062015503876,0.5,1,1,3,0,0,0,1,0,0
228028,ZA7,Gauteng,ZA5,KwaZulu-Natal,ZA742,Sedibeng,ZA522,Umgungundlovu,2020-06-29,2020-06-29,1,1,1,874940.9779799592,427756.788996468,26936,20200629,20200629,0.24393339879416723,0.6953819961266214,0.06068460507921129,0.5059130831550246,994997.0,0.2748377359932372,0.663873035280183,0.06128922872657978,0.48236181888519014,1046905.0,0.2808379746835443,0.8461538461538461,0.0061256544502617805,0.5769230769230769,1,1,3,0,0,0,1,0,0
228029,ZA2,Eastern Cape,ZA4,Free State,ZA210,Cacadu,ZA494,Mangaung,2020-06-29,2020-06-29,1,1,1,729059.1728622618,639516.8416776237,28699,20200629,20200629,0.2618455236218228,0.6571170870354837,0.08103738934269357,0.4975242081945451,491156.0,0.26262942751272955,0.6754982029249197,0.06187236956235082,0.4901411892511804,826621.0,-0.01848062015503876,0.5,0.27329104477611943,0.8269230769230769,1,1,3,0,0,0,1,0,0
228030,ZA4,Free State,ZA7,Gauteng,ZA420,Fezile Dabi,ZA748,West Rand,2020-06-29,2020-06-30,1,1,1,586764.8045805935,205318.14047172727,28768,20200629,20200630,0.2705098118551487,0.6604572122193,0.06903297592555128,0.5050070807202104,494300.0,0.23154887232085752,0.7207832829912092,0.047667844687933295,0.5288128906961219,856804.0,0.2276555023923445,0.7884615384615384,0.23715802469135805,0.8076923076923077,1,1,3,0,0,0,1,0,0
228031,ZA7,Gauteng,ZA8,Mpumalanga,ZA748,West Rand,ZA830,Gert Sibande,2020-06-29,2020-06-29,3,3,3,990307.696332264,759016.0926572654,73201,20200629,20200629,0.23154887232085752,0.7207832829912092,0.047667844687933295,0.5288128906961219,856804.0,0.30688245639051287,0.6412288994160756,0.05188864419341153,0.49968312815881616,1136106.0,0.23715802469135805,0.8076923076923077,-0.11248741610738255,0.36538461538461536,1,1,3,0,0,0,1,0,0
228032,ZA1,Western Cape,ZA1,Western Cape,ZA101,West Coast,ZA102,Cape Winelands,2020-06-29,2020-06-30,1,1,1,41193.14033443671,20732.348960569067,14799,20200629,20200630,0.24466466325617858,0.6852166396976793,0.0701186970461421,0.5060695297345649,497485.0,0.24989252608235304,0.6902123420738123,0.059895131843834624,0.5011121214086944,909523.0,-0.12079976303317536,0.34615384615384615,-0.012388831437435367,0.5192307692307693,1,1,3,0,0,0,1,0,0
228033,ZA5,KwaZulu-Natal,ZA5,KwaZulu-Natal,ZA595,eThekwini,ZA527,Umkhanyakude,2020-06-29,2020-06-29,4,4,4,2537461.1898884038,898931.2408298239,56330,20200629,20200629,0.2446364969883556,0.6990922562931536,0.05627124671849075,0.494610924976595,3587907.0,0.40017378652548197,0.5489306999026919,0.05089551357182606,0.4622270789873748,643318.0,0.5666580406654343,0.9230769230769231,-0.31784377542717657,0.038461538461538464,1,1,3,0,0,0,1,0,0
228034,ZA5,KwaZulu-Natal,ZA7,Gauteng,ZA522,Umgungundlovu,ZA798,City of Johannesburg,2020-06-29,2020-06-29,1,1,1,871900.4324736784,432419.1937312348,21598,20200629,20200629,0.2748377359932372,0.663873035280183,0.06128922872657978,0.48236181888519014,1046905.0,0.2220629170143196,0.7299897648810346,0.047947318104645836,0.5097433964893054,5540727.0,0.0061256544502617805,0.5769230769230769,0.8818060606060606,1.0,1,1,3,0,0,0,1,0,0
228035,ZA2,Eastern Cape,ZA2,Eastern Cape,ZA292,Buffalo City,ZA293,Nelson Mandela Bay,2020-06-29,2020-06-30,2,2,2,764043.7772881829,475428.439996563,145943,20200629,20200630,0.254980022080858,0.6758306608485358,0.06918931707060617,0.48177934914042375,760840.0,0.2465186661259611,0.6842154879637478,0.0692658459102911,0.4877654529777138,1230491.0,0.09585175879396986,0.6923076923076923,0.5740514018691588,0.9423076923076923,1,1,3,0,0,0,1,0,0
228036,ZA5,KwaZulu-Natal,ZA5,KwaZulu-Natal,ZA526,Zululand,ZA522,Umgungundlovu,2020-06-29,2020-06-29,1,1,1,734956.8254814679,368264.6321813669,20400,20200629,20200629,0.392497537624586,0.5542130860581069,0.053289376317307055,0.4651401640222711,783796.0,0.2748377359932372,0.663873035280183,0.06128922872657978,0.48236181888519014,1046905.0,-0.2762355212355212,0.09615384615384616,0.0061256544502617805,0.5769230769230769,1,1,3,0,0,0,1,0,0
228037,ZA1,Western Cape,ZA1,Western Cape,ZA101,West Coast,ZA191,City of Cape Town,2020-06-29,2020-06-30,10,10,10,2411392.9517040825,944880.3652244324,323804,20200629,20200630,0.24466466325617858,0.6852166396976793,0.0701186970461421,0.5060695297345649,497485.0,0.23849582985172932,0.697186217784503,0.06431795236376775,0.4976008771049945,4436413.0,-0.12079976303317536,0.34615384615384615,0.7687640750670242,0.9807692307692307,1,1,3,0,0,0,1,0,0
228038,ZA6,North West,ZA1,Western Cape,ZA637,Bojanala,ZA102,Cape Winelands,2020-06-29,2020-06-30,1,1,1,2333349.828285367,1166679.3843695149,7882,20200629,20200630,0.25082919250139085,0.6903465537718604,0.05882425372674875,0.5380589003726469,1786678.0,0.24989252608235304,0.6902123420738123,0.059895131843834624,0.5011121214086944,909523.0,0.07430676328502415,0.6538461538461539,-0.012388831437435367,0.5192307692307693,1,1,3,0,0,0,1,0,0
228039,ZA7,Gauteng,ZA7,Gauteng,ZA748,West Rand,ZA799,City of Tshwane,2020-06-29,2020-06-30,4,4,4,647430.0469573359,243314.4090491289,83477,20200629,20200630,0.23154887232085752,0.7207832829912092,0.047667844687933295,0.5288128906961219,856804.0,0.22283079372412132,0.7204843127840075,0.056684893491871245,0.5057337597223363,3627986.0,0.23715802469135805,0.8076923076923077,0.48224212034383956,0.9038461538461539,1,1,3,0,0,0,1,0,0
228040,ZA5,KwaZulu-Natal,ZA5,KwaZulu-Natal,ZA595,eThekwini,ZA521,Ugu,2020-06-29,2020-06-30,4,4,4,929361.667369775,306042.41865767835,78504,20200629,20200630,0.2446364969883556,0.6990922562931536,0.05627124671849075,0.494610924976595,3587907.0,0.32122674606698143,0.6016982741355622,0.07707497979745637,0.47391596021954596,714019.0,0.5666580406654343,0.9230769230769231,-0.09480895915678524,0.40384615384615385,1,1,3,0,0,0,1,0,0
228041,ZA7,Gauteng,ZA9,Limpopo,ZA797,Ekurhuleni,ZA935,Capricorn,2020-06-29,2020-06-30,1,1,1,307365.0746067953,307359.89912396646,129981,20200629,20200630,0.23296733680905687,0.7203157619169479,0.04671690127399521,0.5205474946472306,3739653.0,0.3265897738288558,0.6007690312860821,0.07264119488506209,0.472231826966417,1295656.0,0.7435109289617486,0.9615384615384616,0.07397387387387387,0.6346153846153846,1,1,3,0,0,0,1,0,0
228042,ZA5,KwaZulu-Natal,ZA5,KwaZulu-Natal,ZA522,Umgungundlovu,ZA524,Umzinyathi,2020-06-29,2020-06-30,1,1,1,152928.06584981858,76433.37283615278,65424,20200629,20200630,0.2748377359932372,0.663873035280183,0.06128922872657978,0.48236181888519014,1046905.0,0.3952311253914291,0.5454951881678106,0.05927368644076033,0.451447242842509,514461.0,0.0061256544502617805,0.5769230769230769,-0.28225945945945946,0.07692307692307693,1,1,3,0,0,0,1,0,0
228043,ZA3,Nothern Cape,ZA7,Gauteng,ZA307,Pixley ka Seme,ZA798,City of Johannesburg,2020-06-29,2020-06-29,6,6,6,5658012.369292747,3748241.773975422,190384,20200629,20200629,0.3060749448635213,0.6232332132979509,0.0706918418385278,0.5011842246002923,196331.0,0.2220629170143196,0.7299897648810346,0.047947318104645836,0.5097433964893054,5540727.0,0.1854655172413793,0.75,0.8818060606060606,1.0,1,1,3,0,0,0,1,0,0
228044,ZA4,Free State,ZA6,North West,ZA419,Thabo Mofutsanyane,ZA640,Dr Kenneth Kaunda,2020-06-29,2020-06-29,3,3,3,1632470.0676052938,823573.0956284918,42108,20200629,20200629,0.31143326559338835,0.6251823622683981,0.06338437213821363,0.47028720831466336,662829.0,0.27505895171327793,0.6602340041700301,0.06470704411669191,0.5065976875287468,754431.0,0.10770218579234972,0.7115384615384616,-0.10069384057971015,0.38461538461538464,1,1,3,0,0,0,1,0,0
228045,ZA1,Western Cape,ZA3,Nothern Cape,ZA105,Central Karoo,ZA306,Namakwa,2020-06-29,2020-06-29,4,2,2,348551.42159228364,98898.0308950798,21743,20200629,20200629,0.29415328297801036,0.633639246216906,0.07220747080508365,0.4979247763656518,77582.0,0.2479438366342976,0.6592106724059887,0.09284549095971371,0.5132337492633683,117087.0,-0.12604477611940298,0.3269230769230769,0.06505633802816901,0.6153846153846154,1,1,3,0,0,0,1,0,0
228046,ZA4,Free State,ZA7,Gauteng,ZA420,Fezile Dabi,ZA742,Sedibeng,2020-06-29,2020-06-30,13,13,13,504530.35519945616,220357.99351848784,620988,20200629,20200630,0.2705098118551487,0.6604572122193,0.06903297592555128,0.5050070807202104,494300.0,0.24393339879416723,0.6953819961266214,0.06068460507921129,0.5059130831550246,994997.0,0.2276555023923445,0.7884615384615384,0.2808379746835443,0.8461538461538461,1,1,3,0,0,0,1,0,0
228047,ZA8,Mpumalanga,ZA7,Gauteng,ZA832,Ehlanzeni,ZA799,City of Tshwane,2020-06-29,2020-06-29,9,9,9,5089540.510965491,2730700.3303566016,150772,20200629,20200629,0.32438893780700045,0.6235217992770762,0.05208926291592337,0.47979089412028486,1837538.0,0.22283079372412132,0.7204843127840075,0.056684893491871245,0.5057337597223363,3627986.0,0.1315940928270042,0.7307692307692307,0.48224212034383956,0.9038461538461539,1,1,3,0,0,0,1,0,0
228048,ZA5,KwaZulu-Natal,ZA5,KwaZulu-Natal,ZA525,Amajuba,ZA523,Uthukela,2020-06-29,2020-06-29,3,3,3,702946.7063856141,411319.24063835264,54815,20200629,20200629,0.3311353387795859,0.6144200377537888,0.05444462346662529,0.48045773982507545,502731.0,0.36014331224838336,0.5864396074090654,0.05341708034255123,0.46782833191779016,652282.0,-0.16864155251141552,0.25,-0.19841226215644822,0.19230769230769232,1,1,3,0,0,0,1,0,0
228049,ZA7,Gauteng,ZA6,North West,ZA742,Sedibeng,ZA637,Bojanala,2020-06-29,2020-06-29,4,4,4,898404.8790242855,579178.556827244,57655,20200629,20200629,0.24393339879416723,0.6953819961266214,0.06068460507921129,0.5059130831550246,994997.0,0.25082919250139085,0.6903465537718604,0.05882425372674875,0.5380589003726469,1786678.0,0.2808379746835443,0.8461538461538461,0.07430676328502415,0.6538461538461539,1,1,3,0,0,0,1,0,0
228050,ZA7,Gauteng,ZA4,Free State,ZA798,City of Johannesburg,ZA418,Lejweleputswa,2020-06-29,2020-06-29,2,2,2,1739252.7585791522,539854.0457709164,48369,20200629,20200629,0.2220629170143196,0.7299897648810346,0.047947318104645836,0.5097433964893054,5540727.0,0.27941650281351393,0.6617931601395349,0.058790337046951115,0.500105365269169,574193.0,0.8818060606060606,1.0,0.29495049504950493,0.8653846153846154,1,1,3,0,0,0,1,0,0
228051,ZA6,North West,ZA3,Nothern Cape,ZA637,Bojanala,ZA345,John Taolo Gaetsewe,2020-06-29,2020-06-29,2,2,2,1754413.5828378536,953417.1137498084,52046,20200629,20200629,0.25082919250139085,0.6903465537718604,0.05882425372674875,0.5380589003726469,1786678.0,0.31986957060536586,0.628082594956317,0.05204783443831712,0.4959027820806741,258224.0,0.07430676328502415,0.6538461538461539,-0.13480926430517712,0.3076923076923077,1,1,3,0,0,0,1,0,0
228052,ZA2,Eastern Cape,ZA2,Eastern Cape,ZA293,Nelson Mandela Bay,ZA210,Cacadu,2020-06-29,2020-06-30,4,4,4,513588.5317413263,209482.37329476004,109947,20200629,20200630,0.2465186661259611,0.6842154879637478,0.0692658459102911,0.4877654529777138,1230491.0,0.2618455236218228,0.6571170870354837,0.08103738934269357,0.4975242081945451,491156.0,0.5740514018691588,0.9423076923076923,-0.01848062015503876,0.5,1,1,3,0,0,0,1,0,0
228053,ZA4,Free State,ZA7,Gauteng,ZA419,Thabo Mofutsanyane,ZA799,City of Tshwane,2020-06-29,2020-06-29,7,7,7,5840975.845444755,2037758.785743663,112575,20200629,20200629,0.31143326559338835,0.6251823622683981,0.06338437213821363,0.47028720831466336,662829.0,0.22283079372412132,0.7204843127840075,0.056684893491871245,0.5057337597223363,3627986.0,0.10770218579234972,0.7115384615384616,0.48224212034383956,0.9038461538461539,1,1,3,0,0,0,1,0,0
228054,ZA7,Gauteng,ZA2,Eastern Cape,ZA799,City of Tshwane,ZA210,Cacadu,2020-06-29,2020-06-30,1,1,1,1657430.6752919003,836335.289732209,78991,20200629,20200630,0.22283079372412132,0.7204843127840075,0.056684893491871245,0.5057337597223363,3627986.0,0.2618455236218228,0.6571170870354837,0.08103738934269357,0.4975242081945451,491156.0,0.48224212034383956,0.9038461538461539,-0.01848062015503876,0.5,1,1,3,0,0,0,1,0,0
228055,ZA1,Western Cape,ZA7,Gauteng,ZA191,City of Cape Town,ZA798,City of Johannesburg,2020-06-29,2020-06-29,6,6,6,13689316.366784336,7665366.287841149,103023,20200629,20200629,0.23849582985172932,0.697186217784503,0.06431795236376775,0.4976008771049945,4436413.0,0.2220629170143196,0.7299897648810346,0.047947318104645836,0.5097433964893054,5540727.0,0.7687640750670242,0.9807692307692307,0.8818060606060606,1.0,1,1,3,0,0,0,1,0,0
228056,ZA4,Free State,ZA4,Free State,ZA494,Mangaung,ZA420,Fezile Dabi,2020-06-29,2020-06-29,4,4,4,1704059.065026518,821535.7670666088,96509,20200629,20200629,0.26262942751272955,0.6754982029249197,0.06187236956235082,0.4901411892511804,826621.0,0.2705098118551487,0.6604572122193,0.06903297592555128,0.5050070807202104,494300.0,0.27329104477611943,0.8269230769230769,0.2276555023923445,0.7884615384615384,1,1,3,0,0,0,1,0,0
228057,ZA8,Mpumalanga,ZA9,Limpopo,ZA831,Nkangala,ZA936,Waterberg,2020-06-29,2020-06-29,2,2,2,378097.7787284128,352677.11028585123,76154,20200629,20200629,0.27290691475673784,0.6711806877078121,0.055912397535449986,0.5109201270525474,1573837.0,0.2870915348782833,0.6477210572390478,0.06518740788266879,0.5138960603357211,718513.0,0.07867808219178082,0.6730769230769231,0.00236898395721925,0.5576923076923077,1,1,3,0,0,0,1,0,0
228058,ZA2,Eastern Cape,ZA7,Gauteng,ZA293,Nelson Mandela Bay,ZA798,City of Johannesburg,2020-06-29,2020-06-30,1,1,1,4719540.8935056925,2822993.4479263145,94719,20200629,20200630,0.2465186661259611,0.6842154879637478,0.0692658459102911,0.4877654529777138,1230491.0,0.2220629170143196,0.7299897648810346,0.047947318104645836,0.5097433964893054,5540727.0,0.5740514018691588,0.9423076923076923,0.8818060606060606,1.0,1,1,3,0,0,0,1,0,0
228059,ZA4,Free State,ZA5,KwaZulu-Natal,ZA494,Mangaung,ZA523,Uthukela,2020-06-29,2020-06-29,1,1,1,615041.8133444454,413947.40043936,19425,20200629,20200629,0.26262942751272955,0.6754982029249197,0.06187236956235082,0.4901411892511804,826621.0,0.36014331224838336,0.5864396074090654,0.05341708034255123,0.46782833191779016,652282.0,0.27329104477611943,0.8269230769230769,-0.19841226215644822,0.19230769230769232,1,1,3,0,0,0,1,0,0
228060,ZA5,KwaZulu-Natal,ZA5,KwaZulu-Natal,ZA529,iLembe,ZA595,eThekwini,2020-06-29,2020-06-30,23,23,23,2142288.059211169,1007498.3348892254,546586,20200629,20200630,0.32390440311621094,0.6202867780885334,0.05580881879525565,0.4827645772056803,636799.0,0.2446364969883556,0.6990922562931536,0.05627124671849075,0.494610924976595,3587907.0,-0.14951617873651774,0.28846153846153844,0.5666580406654343,0.9230769230769231,1,1,3,0,0,0,1,0,0
228061,ZA7,Gauteng,ZA5,KwaZulu-Natal,ZA797,Ekurhuleni,ZA527,Umkhanyakude,2020-06-29,2020-06-29,3,3,3,6936613.621017092,3968377.620620239,70249,20200629,20200629,0.23296733680905687,0.7203157619169479,0.04671690127399521,0.5205474946472306,3739653.0,0.40017378652548197,0.5489306999026919,0.05089551357182606,0.4622270789873748,643318.0,0.7435109289617486,0.9615384615384616,-0.31784377542717657,0.038461538461538464,1,1,3,0,0,0,1,0,0
228062,ZA9,Limpopo,ZA7,Gauteng,ZA947,Sekhukhune,ZA798,City of Johannesburg,2020-06-29,2020-06-30,1,1,1,650985.920288347,353690.13191828865,29400,20200629,20200630,0.3536917516859454,0.5707075150199985,0.07560073329405607,0.46486328935523974,1125333.0,0.2220629170143196,0.7299897648810346,0.047947318104645836,0.5097433964893054,5540727.0,-0.06015677966101695,0.4423076923076923,0.8818060606060606,1.0,1,1,3,0,0,0,1,0,0
228063,ZA7,Gauteng,ZA9,Limpopo,ZA748,West Rand,ZA936,Waterberg,2020-06-29,2020-06-29,1,1,1,730484.371123309,231522.17290374107,15916,20200629,20200629,0.23154887232085752,0.7207832829912092,0.047667844687933295,0.5288128906961219,856804.0,0.2870915348782833,0.6477210572390478,0.06518740788266879,0.5138960603357211,718513.0,0.23715802469135805,0.8076923076923077,0.00236898395721925,0.5576923076923077,1,1,3,0,0,0,1,0,0
228064,ZA2,Eastern Cape,ZA2,Eastern Cape,ZA212,Amathole,ZA213,Chris Hani,2020-06-29,2020-06-30,1,1,1,108599.96345153265,48218.78630164037,37454,20200629,20200630,0.32816698449842097,0.5696178168124134,0.1022151986891656,0.47434426623917664,789726.0,0.334940582305372,0.572656560540376,0.09240285715425203,0.478383232498069,752217.0,-0.3192883211678832,0.019230769230769232,-0.29251697892271666,0.057692307692307696,1,1,3,0,0,0,1,0,0
228065,ZA1,Western Cape,ZA7,Gauteng,ZA104,Eden,ZA798,City of Johannesburg,2020-06-29,2020-06-29,2,2,2,4211094.123667995,2258408.2651766287,70724,20200629,20200629,0.24710205256745305,0.6628052101466374,0.09009273728590954,0.4993180863678119,673839.0,0.2220629170143196,0.7299897648810346,0.047947318104645836,0.5097433964893054,5540727.0,0.0004522691705790296,0.5384615384615384,0.8818060606060606,1.0,1,1,3,0,0,0,1,0,0
228066,ZA3,Nothern Cape,ZA3,Nothern Cape,ZA308,Z F Mgcawu,ZA307,Pixley ka Seme,2020-06-29,2020-06-29,4,4,4,868514.6274664517,567301.3238653436,62093,20200629,20200629,0.27601757542529287,0.6641943181028425,0.059788106471864645,0.5142626583989065,258998.0,0.3060749448635213,0.6232332132979509,0.0706918418385278,0.5011842246002923,196331.0,-0.04016603773584906,0.46153846153846156,0.1854655172413793,0.75,1,1,3,0,0,0,1,0,0
228067,ZA4,Free State,ZA4,Free State,ZA418,Lejweleputswa,ZA419,Thabo Mofutsanyane,2020-06-29,2020-06-29,7,7,6,2698914.4814750766,847126.7885734403,44487,20200629,20200629,0.27941650281351393,0.6617931601395349,0.058790337046951115,0.500105365269169,574193.0,0.31143326559338835,0.6251823622683981,0.06338437213821363,0.47028720831466336,662829.0,0.29495049504950493,0.8653846153846154,0.10770218579234972,0.7115384615384616,1,1,3,0,0,0,1,0,0
228068,ZA4,Free State,ZA3,Nothern Cape,ZA494,Mangaung,ZA309,Frances Baard,2020-06-29,2020-06-30,2,2,2,696021.0901407865,297186.078232898,75722,20200629,20200630,0.26262942751272955,0.6754982029249197,0.06187236956235082,0.4901411892511804,826621.0,0.2860169290028057,0.6497360787483951,0.06424699224879928,0.49189928194398214,420580.0,0.27329104477611943,0.8269230769230769,0.29907801418439717,0.8846153846153846,1,1,3,0,0,0,1,0,0
228069,ZA7,Gauteng,ZA8,Mpumalanga,ZA798,City of Johannesburg,ZA830,Gert Sibande,2020-06-29,2020-06-29,8,8,8,2389747.722318855,1270214.7895421414,108662,20200629,20200629,0.2220629170143196,0.7299897648810346,0.047947318104645836,0.5097433964893054,5540727.0,0.30688245639051287,0.6412288994160756,0.05188864419341153,0.49968312815881616,1136106.0,0.8818060606060606,1.0,-0.11248741610738255,0.36538461538461536,1,1,3,0,0,0,1,0,0
228070,ZA2,Eastern Cape,ZA4,Free State,ZA214,Joe Gqabi,ZA494,Mangaung,2020-06-29,2020-06-30,1,1,1,904315.3955549411,269297.93093554326,54850,20200629,20200630,0.3340471849013029,0.5799636495391386,0.08598916555955849,0.47733103958194023,339473.0,0.26262942751272955,0.6754982029249197,0.06187236956235082,0.4901411892511804,826621.0,-0.1839776119402985,0.21153846153846154,0.27329104477611943,0.8269230769230769,1,1,3,0,0,0,1,0,0
228071,ZA5,KwaZulu-Natal,ZA4,Free State,ZA595,eThekwini,ZA418,Lejweleputswa,2020-06-29,2020-06-30,1,1,1,461989.14223170455,461989.14223170455,150890,20200629,20200630,0.2446364969883556,0.6990922562931536,0.05627124671849075,0.494610924976595,3587907.0,0.27941650281351393,0.6617931601395349,0.058790337046951115,0.500105365269169,574193.0,0.5666580406654343,0.9230769230769231,0.29495049504950493,0.8653846153846154,1,1,3,0,0,0,1,0,0
228072,ZA7,Gauteng,ZA2,Eastern Cape,ZA798,City of Johannesburg,ZA292,Buffalo City,2020-06-29,2020-06-29,1,1,1,1851197.5202112235,848721.7125773677,50670,20200629,20200629,0.2220629170143196,0.7299897648810346,0.047947318104645836,0.5097433964893054,5540727.0,0.254980022080858,0.6758306608485358,0.06918931707060617,0.48177934914042375,760840.0,0.8818060606060606,1.0,0.09585175879396986,0.6923076923076923,1,1,3,0,0,0,1,0,0
228073,ZA2,Eastern Cape,ZA2,Eastern Cape,ZA292,Buffalo City,ZA210,Cacadu,2020-06-29,2020-06-29,4,4,3,2453739.565959468,949241.6812726774,44171,20200629,20200629,0.254980022080858,0.6758306608485358,0.06918931707060617,0.48177934914042375,760840.0,0.2618455236218228,0.6571170870354837,0.08103738934269357,0.4975242081945451,491156.0,0.09585175879396986,0.6923076923076923,-0.01848062015503876,0.5,1,1,3,0,0,0,1,0,0
228074,ZA4,Free State,ZA3,Nothern Cape,ZA416,Xhariep,ZA307,Pixley ka Seme,2020-06-29,2020-06-29,9,9,8,2052029.2295311897,175697.0834374542,78189,20200629,20200629,0.29515218562959183,0.6325513667867511,0.07229644758365718,0.5005153225730198,105759.0,0.3060749448635213,0.6232332132979509,0.0706918418385278,0.5011842246002923,196331.0,0.18671264367816093,0.7692307692307693,0.1854655172413793,0.75,1,1,3,0,0,0,1,0,0
228075,ZA4,Free State,ZA3,Nothern Cape,ZA494,Mangaung,ZA308,Z F Mgcawu,2020-06-29,2020-06-29,1,1,1,539110.1998246824,536750.801632876,31007,20200629,20200629,0.26262942751272955,0.6754982029249197,0.06187236956235082,0.4901411892511804,826621.0,0.27601757542529287,0.6641943181028425,0.059788106471864645,0.5142626583989065,258998.0,0.27329104477611943,0.8269230769230769,-0.04016603773584906,0.46153846153846156,1,1,3,0,0,0,1,0,0
228076,ZA5,KwaZulu-Natal,ZA5,KwaZulu-Natal,ZA522,Umgungundlovu,ZA527,Umkhanyakude,2020-06-29,2020-06-29,3,3,3,2241679.021316264,895962.9779224473,92207,20200629,20200629,0.2748377359932372,0.663873035280183,0.06128922872657978,0.48236181888519014,1046905.0,0.40017378652548197,0.5489306999026919,0.05089551357182606,0.4622270789873748,643318.0,0.0061256544502617805,0.5769230769230769,-0.31784377542717657,0.038461538461538464,1,1,3,0,0,0,1,0,0
228077,ZA2,Eastern Cape,ZA5,KwaZulu-Natal,ZA215,O.R.Tambo,ZA595,eThekwini,2020-06-29,2020-06-29,3,3,3,979091.817792501,736061.8308180763,69348,20200629,20200629,0.38804558548824664,0.5482866433400703,0.06366777117168307,0.4623163104135049,1358678.0,0.2446364969883556,0.6990922562931536,0.05627124671849075,0.494610924976595,3587907.0,-0.23807536101083035,0.1346153846153846,0.5666580406654343,0.9230769230769231,1,1,3,0,0,0,1,0,0
228078,ZA5,KwaZulu-Natal,ZA5,KwaZulu-Natal,ZA524,Umzinyathi,ZA525,Amajuba,2020-06-29,2020-06-30,2,2,2,127299.7215215302,61561.27940732421,63336,20200629,20200630,0.3952311253914291,0.5454951881678106,0.05927368644076033,0.451447242842509,514461.0,0.3311353387795859,0.6144200377537888,0.05444462346662529,0.48045773982507545,502731.0,-0.28225945945945946,0.07692307692307693,-0.16864155251141552,0.25,1,1,3,0,0,0,1,0,0
228079,ZA7,Gauteng,ZA9,Limpopo,ZA742,Sedibeng,ZA936,Waterberg,2020-06-29,2020-06-29,1,1,1,333288.4335937749,333288.4335937749,29676,20200629,20200629,0.24393339879416723,0.6953819961266214,0.06068460507921129,0.5059130831550246,994997.0,0.2870915348782833,0.6477210572390478,0.06518740788266879,0.5138960603357211,718513.0,0.2808379746835443,0.8461538461538461,0.00236898395721925,0.5576923076923077,1,1,3,0,0,0,1,0,0
228080,ZA5,KwaZulu-Natal,ZA4,Free State,ZA595,eThekwini,ZA420,Fezile Dabi,2020-06-29,2020-06-29,1,1,1,1249054.0548325689,472593.4248418167,26197,20200629,20200629,0.2446364969883556,0.6990922562931536,0.05627124671849075,0.494610924976595,3587907.0,0.2705098118551487,0.6604572122193,0.06903297592555128,0.5050070807202104,494300.0,0.5666580406654343,0.9230769230769231,0.2276555023923445,0.7884615384615384,1,1,3,0,0,0,1,0,0
228081,ZA8,Mpumalanga,ZA8,Mpumalanga,ZA832,Ehlanzeni,ZA831,Nkangala,2020-06-29,2020-06-30,1,1,1,101162.2724596068,50481.50636553409,61539,20200629,20200630,0.32438893780700045,0.6235217992770762,0.05208926291592337,0.47979089412028486,1837538.0,0.27290691475673784,0.6711806877078121,0.055912397535449986,0.5109201270525474,1573837.0,0.1315940928270042,0.7307692307692307,0.07867808219178082,0.6730769230769231,1,1,3,0,0,0,1,0,0
228082,ZA5,KwaZulu-Natal,ZA5,KwaZulu-Natal,ZA528,Uthungulu,ZA526,Zululand,2020-06-29,2020-06-29,4,4,4,1036734.5392581604,520293.16833732126,52059,20200629,20200629,0.3398562749304085,0.6096443299200878,0.05049939514950375,0.4759701217345943,889476.0,0.392497537624586,0.5542130860581069,0.053289376317307055,0.4651401640222711,783796.0,-0.2202014106583072,0.15384615384615385,-0.2762355212355212,0.09615384615384616,1,1,3,0,0,0,1,0,0
228083,ZA5,KwaZulu-Natal,ZA7,Gauteng,ZA523,Uthukela,ZA798,City of Johannesburg,2020-06-29,2020-06-30,1,1,1,1240556.4663956666,390730.1890246165,66328,20200629,20200630,0.36014331224838336,0.5864396074090654,0.05341708034255123,0.46782833191779016,652282.0,0.2220629170143196,0.7299897648810346,0.047947318104645836,0.5097433964893054,5540727.0,-0.19841226215644822,0.19230769230769232,0.8818060606060606,1.0,1,1,3,0,0,0,1,0,0
228084,ZA9,Limpopo,ZA5,KwaZulu-Natal,ZA933,Mopani,ZA595,eThekwini,2020-06-29,2020-06-30,1,1,1,2086146.0104533264,729647.2166825391,92090,20200629,20200630,0.3329418650827259,0.6026296126910996,0.06442852222617454,0.46142626187343905,1062666.0,0.2446364969883556,0.6990922562931536,0.05627124671849075,0.494610924976595,3587907.0,-0.037928345626975765,0.4807692307692308,0.5666580406654343,0.9230769230769231,1,1,3,0,0,0,1,0,0
228085,ZA7,Gauteng,ZA3,Nothern Cape,ZA798,City of Johannesburg,ZA307,Pixley ka Seme,2020-06-29,2020-06-29,1,1,1,1492206.6342162872,740411.8604071076,47342,20200629,20200629,0.2220629170143196,0.7299897648810346,0.047947318104645836,0.5097433964893054,5540727.0,0.3060749448635213,0.6232332132979509,0.0706918418385278,0.5011842246002923,196331.0,0.8818060606060606,1.0,0.1854655172413793,0.75,1,1,3,0,0,0,1,0,0
228086,ZA6,North West,ZA7,Gauteng,ZA637,Bojanala,ZA797,Ekurhuleni,2020-06-29,2020-06-30,3,3,3,511508.7212476115,179740.85947491718,67116,20200629,20200630,0.25082919250139085,0.6903465537718604,0.05882425372674875,0.5380589003726469,1786678.0,0.23296733680905687,0.7203157619169479,0.04671690127399521,0.5205474946472306,3739653.0,0.07430676328502415,0.6538461538461539,0.7435109289617486,0.9615384615384616,1,1,3,0,0,0,1,0,0
228087,ZA9,Limpopo,ZA8,Mpumalanga,ZA947,Sekhukhune,ZA832,Ehlanzeni,2020-06-29,2020-06-30,5,5,5,733328.4474306926,186641.76616070303,121690,20200629,20200630,0.3536917516859454,0.5707075150199985,0.07560073329405607,0.46486328935523974,1125333.0,0.32438893780700045,0.6235217992770762,0.05208926291592337,0.47979089412028486,1837538.0,-0.06015677966101695,0.4423076923076923,0.1315940928270042,0.7307692307692307,1,1,3,0,0,0,1,0,0
228088,ZA5,KwaZulu-Natal,ZA8,Mpumalanga,ZA523,Uthukela,ZA830,Gert Sibande,2020-06-29,2020-06-29,1,1,1,310980.069345673,140450.48669556656,19338,20200629,20200629,0.36014331224838336,0.5864396074090654,0.05341708034255123,0.46782833191779016,652282.0,0.30688245639051287,0.6412288994160756,0.05188864419341153,0.49968312815881616,1136106.0,-0.19841226215644822,0.19230769230769232,-0.11248741610738255,0.36538461538461536,1,1,3,0,0,0,1,0,0
228089,ZA4,Free State,ZA7,Gauteng,ZA418,Lejweleputswa,ZA798,City of Johannesburg,2020-06-29,2020-06-30,1,1,1,1217260.394753317,619198.9857780989,81053,20200629,20200630,0.27941650281351393,0.6617931601395349,0.058790337046951115,0.500105365269169,574193.0,0.2220629170143196,0.7299897648810346,0.047947318104645836,0.5097433964893054,5540727.0,0.29495049504950493,0.8653846153846154,0.8818060606060606,1.0,1,1,3,0,0,0,1,0,0
228090,ZA2,Eastern Cape,ZA2,Eastern Cape,ZA213,Chris Hani,ZA210,Cacadu,2020-06-29,2020-06-30,1,1,1,177263.90551306144,78670.63395944652,15043,20200629,20200630,0.334940582305372,0.572656560540376,0.09240285715425203,0.478383232498069,752217.0,0.2618455236218228,0.6571170870354837,0.08103738934269357,0.4975242081945451,491156.0,-0.29251697892271666,0.057692307692307696,-0.01848062015503876,0.5,1,1,3,0,0,0,1,0,0
228091,ZA5,KwaZulu-Natal,ZA7,Gauteng,ZA525,Amajuba,ZA742,Sedibeng,2020-06-29,2020-06-29,1,1,1,228560.7609894313,228560.7609894313,26209,20200629,20200629,0.3311353387795859,0.6144200377537888,0.05444462346662529,0.48045773982507545,502731.0,0.24393339879416723,0.6953819961266214,0.06068460507921129,0.5059130831550246,994997.0,-0.16864155251141552,0.25,0.2808379746835443,0.8461538461538461,1,1,3,0,0,0,1,0,0
228092,ZA4,Free State,ZA5,KwaZulu-Natal,ZA419,Thabo Mofutsanyane,ZA525,Amajuba,2020-06-29,2020-06-29,3,3,3,1039652.3797773108,312152.15454054903,24342,20200629,20200629,0.31143326559338835,0.6251823622683981,0.06338437213821363,0.47028720831466336,662829.0,0.3311353387795859,0.6144200377537888,0.05444462346662529,0.48045773982507545,502731.0,0.10770218579234972,0.7115384615384616,-0.16864155251141552,0.25,1,1,3,0,0,0,1,0,0
228093,ZA3,Nothern Cape,ZA6,North West,ZA307,Pixley ka Seme,ZA639,Dr Ruth Segomotsi Mompati,2020-06-29,2020-06-30,1,1,1,349609.9993753801,170289.64381286947,15255,20200629,20200630,0.3060749448635213,0.6232332132979509,0.0706918418385278,0.5011842246002923,196331.0,0.3412335579082451,0.5850872971649528,0.07367914492680208,0.4911837461796937,473784.0,0.1854655172413793,0.75,-0.16626678765880218,0.2692307692307692,1,1,3,0,0,0,1,0,0
228094,ZA7,Gauteng,ZA2,Eastern Cape,ZA797,Ekurhuleni,ZA292,Buffalo City,2020-06-29,2020-06-29,1,1,1,1548051.5168387976,765538.3270185832,5122,20200629,20200629,0.23296733680905687,0.7203157619169479,0.04671690127399521,0.5205474946472306,3739653.0,0.254980022080858,0.6758306608485358,0.06918931707060617,0.48177934914042375,760840.0,0.7435109289617486,0.9615384615384616,0.09585175879396986,0.6923076923076923,1,1,3,0,0,0,1,0,0
228095,ZA6,North West,ZA9,Limpopo,ZA637,Bojanala,ZA935,Capricorn,2020-06-29,2020-06-29,1,1,1,613536.3198313458,280629.5886905958,20065,20200629,20200629,0.25082919250139085,0.6903465537718604,0.05882425372674875,0.5380589003726469,1786678.0,0.3265897738288558,0.6007690312860821,0.07264119488506209,0.472231826966417,1295656.0,0.07430676328502415,0.6538461538461539,0.07397387387387387,0.6346153846153846,1,1,3,0,0,0,1,0,0
228096,ZA8,Mpumalanga,ZA1,Western Cape,ZA832,Ehlanzeni,ZA104,Eden,2020-06-29,2020-06-29,1,1,1,1418538.9528867889,1333796.9956555364,27734,20200629,20200629,0.32438893780700045,0.6235217992770762,0.05208926291592337,0.47979089412028486,1837538.0,0.24710205256745305,0.6628052101466374,0.09009273728590954,0.4993180863678119,673839.0,0.1315940928270042,0.7307692307692307,0.0004522691705790296,0.5384615384615384,1,1,3,0,0,0,1,0,0
228097,ZA4,Free State,ZA7,Gauteng,ZA420,Fezile Dabi,ZA797,Ekurhuleni,2020-06-29,2020-06-30,2,2,2,298827.5877343697,142331.88714268268,30678,20200629,20200630,0.2705098118551487,0.6604572122193,0.06903297592555128,0.5050070807202104,494300.0,0.23296733680905687,0.7203157619169479,0.04671690127399521,0.5205474946472306,3739653.0,0.2276555023923445,0.7884615384615384,0.7435109289617486,0.9615384615384616,1,1,3,0,0,0,1,0,0
228098,ZA7,Gauteng,ZA5,KwaZulu-Natal,ZA799,City of Tshwane,ZA595,eThekwini,2020-06-29,2020-06-29,1,1,1,561510.4930451578,533466.252614365,14878,20200629,20200629,0.22283079372412132,0.7204843127840075,0.056684893491871245,0.5057337597223363,3627986.0,0.2446364969883556,0.6990922562931536,0.05627124671849075,0.494610924976595,3587907.0,0.48224212034383956,0.9038461538461539,0.5666580406654343,0.9230769230769231,1,1,3,0,0,0,1,0,0
228099,ZA5,KwaZulu-Natal,ZA5,KwaZulu-Natal,ZA529,iLembe,ZA528,Uthungulu,2020-06-29,2020-06-30,3,3,3,376115.693249501,152603.5340602606,95222,20200629,20200630,0.32390440311621094,0.6202867780885334,0.05580881879525565,0.4827645772056803,636799.0,0.3398562749304085,0.6096443299200878,0.05049939514950375,0.4759701217345943,889476.0,-0.14951617873651774,0.28846153846153844,-0.2202014106583072,0.15384615384615385,1,1,3,0,0,0,1,0,0
228100,ZA1,Western Cape,ZA5,KwaZulu-Natal,ZA191,City of Cape Town,ZA526,Zululand,2020-06-29,2020-06-29,1,1,1,3278902.693389924,1436476.6399758705,21470,20200629,20200629,0.23849582985172932,0.697186217784503,0.06431795236376775,0.4976008771049945,4436413.0,0.392497537624586,0.5542130860581069,0.053289376317307055,0.4651401640222711,783796.0,0.7687640750670242,0.9807692307692307,-0.2762355212355212,0.09615384615384616,1,1,3,0,0,0,1,0,0
228101,ZA7,Gauteng,ZA5,KwaZulu-Natal,ZA797,Ekurhuleni,ZA523,Uthukela,2020-06-29,2020-06-29,1,1,1,1173830.5689162186,307449.27265090693,18228,20200629,20200629,0.23296733680905687,0.7203157619169479,0.04671690127399521,0.5205474946472306,3739653.0,0.36014331224838336,0.5864396074090654,0.05341708034255123,0.46782833191779016,652282.0,0.7435109289617486,0.9615384615384616,-0.19841226215644822,0.19230769230769232,1,1,3,0,0,0,1,0,0
228102,ZA7,Gauteng,ZA5,KwaZulu-Natal,ZA797,Ekurhuleni,ZA526,Zululand,2020-06-29,2020-06-29,1,1,1,1214410.9367107835,654314.5923892799,25881,20200629,20200629,0.23296733680905687,0.7203157619169479,0.04671690127399521,0.5205474946472306,3739653.0,0.392497537624586,0.5542130860581069,0.053289376317307055,0.4651401640222711,783796.0,0.7435109289617486,0.9615384615384616,-0.2762355212355212,0.09615384615384616,1,1,3,0,0,0,1,0,0
228103,ZA4,Free State,ZA4,Free State,ZA418,Lejweleputswa,ZA416,Xhariep,2020-06-29,2020-06-29,2,2,2,616425.2723096007,327107.2297258592,11939,20200629,20200629,0.27941650281351393,0.6617931601395349,0.058790337046951115,0.500105365269169,574193.0,0.29515218562959183,0.6325513667867511,0.07229644758365718,0.5005153225730198,105759.0,0.29495049504950493,0.8653846153846154,0.18671264367816093,0.7692307692307693,1,1,3,0,0,0,1,0,0
228104,ZA2,Eastern Cape,ZA7,Gauteng,ZA210,Cacadu,ZA799,City of Tshwane,2020-06-29,2020-06-29,1,1,1,2435178.1897516646,1083121.050289316,46721,20200629,20200629,0.2618455236218228,0.6571170870354837,0.08103738934269357,0.4975242081945451,491156.0,0.22283079372412132,0.7204843127840075,0.056684893491871245,0.5057337597223363,3627986.0,-0.01848062015503876,0.5,0.48224212034383956,0.9038461538461539,1,1,3,0,0,0,1,0,0
228105,ZA5,KwaZulu-Natal,ZA7,Gauteng,ZA522,Umgungundlovu,ZA797,Ekurhuleni,2020-06-29,2020-06-29,1,1,1,434939.9370676255,434938.0675904165,41205,20200629,20200629,0.2748377359932372,0.663873035280183,0.06128922872657978,0.48236181888519014,1046905.0,0.23296733680905687,0.7203157619169479,0.04671690127399521,0.5205474946472306,3739653.0,0.0061256544502617805,0.5769230769230769,0.7435109289617486,0.9615384615384616,1,1,3,0,0,0,1,0,0
228106,ZA1,Western Cape,ZA5,KwaZulu-Natal,ZA191,City of Cape Town,ZA521,Ugu,2020-06-29,2020-06-29,1,1,1,1353182.474757833,1160523.0768969571,20468,20200629,20200629,0.23849582985172932,0.697186217784503,0.06431795236376775,0.4976008771049945,4436413.0,0.32122674606698143,0.6016982741355622,0.07707497979745637,0.47391596021954596,714019.0,0.7687640750670242,0.9807692307692307,-0.09480895915678524,0.40384615384615385,1,1,3,0,0,0,1,0,0
228107,ZA1,Western Cape,ZA7,Gauteng,ZA102,Cape Winelands,ZA799,City of Tshwane,2020-06-29,2020-06-29,2,2,2,4222406.704782361,2612259.6661582934,69868,20200629,20200629,0.24989252608235304,0.6902123420738123,0.059895131843834624,0.5011121214086944,909523.0,0.22283079372412132,0.7204843127840075,0.056684893491871245,0.5057337597223363,3627986.0,-0.012388831437435367,0.5192307692307693,0.48224212034383956,0.9038461538461539,1,1,3,0,0,0,1,0,0
228108,ZA3,Nothern Cape,ZA4,Free State,ZA309,Frances Baard,ZA418,Lejweleputswa,2020-06-29,2020-06-29,2,2,2,192749.6354112096,96021.45265198172,12287,20200629,20200629,0.2860169290028057,0.6497360787483951,0.06424699224879928,0.49189928194398214,420580.0,0.27941650281351393,0.6617931601395349,0.058790337046951115,0.500105365269169,574193.0,0.29907801418439717,0.8846153846153846,0.29495049504950493,0.8653846153846154,1,1,3,0,0,0,1,0,0
228109,ZA1,Western Cape,ZA1,Western Cape,ZA102,Cape Winelands,ZA104,Eden,2020-06-29,2020-06-30,1,1,1,732473.037680398,334903.8094130929,54147,20200629,20200630,0.24989252608235304,0.6902123420738123,0.059895131843834624,0.5011121214086944,909523.0,0.24710205256745305,0.6628052101466374,0.09009273728590954,0.4993180863678119,673839.0,-0.012388831437435367,0.5192307692307693,0.0004522691705790296,0.5384615384615384,1,1,3,0,0,0,1,0,0
228110,ZA9,Limpopo,ZA7,Gauteng,ZA936,Waterberg,ZA742,Sedibeng,2020-06-29,2020-06-29,3,3,3,1762787.3141840985,855548.6678884688,75462,20200629,20200629,0.2870915348782833,0.6477210572390478,0.06518740788266879,0.5138960603357211,718513.0,0.24393339879416723,0.6953819961266214,0.06068460507921129,0.5059130831550246,994997.0,0.00236898395721925,0.5576923076923077,0.2808379746835443,0.8461538461538461,1,1,3,0,0,0,1,0,0
228111,ZA2,Eastern Cape,ZA3,Nothern Cape,ZA214,Joe Gqabi,ZA307,Pixley ka Seme,2020-06-29,2020-06-29,2,2,2,1366279.3422155883,597610.671218785,60905,20200629,20200629,0.3340471849013029,0.5799636495391386,0.08598916555955849,0.47733103958194023,339473.0,0.3060749448635213,0.6232332132979509,0.0706918418385278,0.5011842246002923,196331.0,-0.1839776119402985,0.21153846153846154,0.1854655172413793,0.75,1,1,3,0,0,0,1,0,0
228112,ZA5,KwaZulu-Natal,ZA5,KwaZulu-Natal,ZA524,Umzinyathi,ZA526,Zululand,2020-06-29,2020-06-29,4,4,4,1306130.1336815162,436841.2210210289,28189,20200629,20200629,0.3952311253914291,0.5454951881678106,0.05927368644076033,0.451447242842509,514461.0,0.392497537624586,0.5542130860581069,0.053289376317307055,0.4651401640222711,783796.0,-0.28225945945945946,0.07692307692307693,-0.2762355212355212,0.09615384615384616,1,1,3,0,0,0,1,0,0
228113,ZA1,Western Cape,ZA1,Western Cape,ZA191,City of Cape Town,ZA104,Eden,2020-06-29,2020-06-30,2,2,2,1058917.0791261874,717725.3943730135,167681,20200629,20200630,0.23849582985172932,0.697186217784503,0.06431795236376775,0.4976008771049945,4436413.0,0.24710205256745305,0.6628052101466374,0.09009273728590954,0.4993180863678119,673839.0,0.7687640750670242,0.9807692307692307,0.0004522691705790296,0.5384615384615384,1,1,3,0,0,0,1,0,0
228114,ZA7,Gauteng,ZA3,Nothern Cape,ZA799,City of Tshwane,ZA345,John Taolo Gaetsewe,2020-06-29,2020-06-29,2,2,2,1958914.4343683813,1097979.1545177803,51340,20200629,20200629,0.22283079372412132,0.7204843127840075,0.056684893491871245,0.5057337597223363,3627986.0,0.31986957060536586,0.628082594956317,0.05204783443831712,0.4959027820806741,258224.0,0.48224212034383956,0.9038461538461539,-0.13480926430517712,0.3076923076923077,1,1,3,0,0,0,1,0,0
228115,ZA5,KwaZulu-Natal,ZA1,Western Cape,ZA595,eThekwini,ZA102,Cape Winelands,2020-06-29,2020-06-29,1,1,1,1275435.8806580144,1252995.4433194152,18322,20200629,20200629,0.2446364969883556,0.6990922562931536,0.05627124671849075,0.494610924976595,3587907.0,0.24989252608235304,0.6902123420738123,0.059895131843834624,0.5011121214086944,909523.0,0.5666580406654343,0.9230769230769231,-0.012388831437435367,0.5192307692307693,1,1,3,0,0,0,1,0,0
228116,ZA7,Gauteng,ZA2,Eastern Cape,ZA798,City of Johannesburg,ZA210,Cacadu,2020-06-29,2020-06-29,1,1,1,1088396.1947722018,811054.6904580734,30088,20200629,20200629,0.2220629170143196,0.7299897648810346,0.047947318104645836,0.5097433964893054,5540727.0,0.2618455236218228,0.6571170870354837,0.08103738934269357,0.4975242081945451,491156.0,0.8818060606060606,1.0,-0.01848062015503876,0.5,1,1,3,0,0,0,1,0,0
228117,ZA3,Nothern Cape,ZA6,North West,ZA308,Z F Mgcawu,ZA639,Dr Ruth Segomotsi Mompati,2020-06-29,2020-06-29,1,1,1,2310509.644186078,505369.52601153567,22154,20200629,20200629,0.27601757542529287,0.6641943181028425,0.059788106471864645,0.5142626583989065,258998.0,0.3412335579082451,0.5850872971649528,0.07367914492680208,0.4911837461796937,473784.0,-0.04016603773584906,0.46153846153846156,-0.16626678765880218,0.2692307692307692,1,1,3,0,0,0,1,0,0
228118,ZA9,Limpopo,ZA7,Gauteng,ZA933,Mopani,ZA798,City of Johannesburg,2020-06-29,2020-06-29,1,1,1,689858.5923768171,669031.6509105279,28578,20200629,20200629,0.3329418650827259,0.6026296126910996,0.06442852222617454,0.46142626187343905,1062666.0,0.2220629170143196,0.7299897648810346,0.047947318104645836,0.5097433964893054,5540727.0,-0.037928345626975765,0.4807692307692308,0.8818060606060606,1.0,1,1,3,0,0,0,1,0,0
228119,ZA8,Mpumalanga,ZA5,KwaZulu-Natal,ZA831,Nkangala,ZA523,Uthukela,2020-06-29,2020-06-29,2,2,2,1902979.0923828,707314.3027002478,54554,20200629,20200629,0.27290691475673784,0.6711806877078121,0.055912397535449986,0.5109201270525474,1573837.0,0.36014331224838336,0.5864396074090654,0.05341708034255123,0.46782833191779016,652282.0,0.07867808219178082,0.6730769230769231,-0.19841226215644822,0.19230769230769232,1,1,3,0,0,0,1,0,0
228120,ZA4,Free State,ZA3,Nothern Cape,ZA419,Thabo Mofutsanyane,ZA345,John Taolo Gaetsewe,2020-06-29,2020-06-29,2,2,2,1815052.466694981,1166317.449467362,53473,20200629,20200629,0.31143326559338835,0.6251823622683981,0.06338437213821363,0.47028720831466336,662829.0,0.31986957060536586,0.628082594956317,0.05204783443831712,0.4959027820806741,258224.0,0.10770218579234972,0.7115384615384616,-0.13480926430517712,0.3076923076923077,1,1,3,0,0,0,1,0,0
228121,ZA7,Gauteng,ZA4,Free State,ZA798,City of Johannesburg,ZA419,Thabo Mofutsanyane,2020-06-29,2020-06-30,1,1,1,492201.3000247936,239941.51121071636,36567,20200629,20200630,0.2220629170143196,0.7299897648810346,0.047947318104645836,0.5097433964893054,5540727.0,0.31143326559338835,0.6251823622683981,0.06338437213821363,0.47028720831466336,662829.0,0.8818060606060606,1.0,0.10770218579234972,0.7115384615384616,1,1,3,0,0,0,1,0,0
228122,ZA1,Western Cape,ZA2,Eastern Cape,ZA103,Overberg,ZA293,Nelson Mandela Bay,2020-06-29,2020-06-29,1,1,1,894572.0497411382,894572.0497411382,56987,20200629,20200629,0.22836513904770692,0.6721314716747349,0.09950338927755827,0.511077351980676,303457.0,0.2465186661259611,0.6842154879637478,0.0692658459102911,0.4877654529777138,1230491.0,0.051486772486772484,0.5961538461538461,0.5740514018691588,0.9423076923076923,1,1,3,0,0,0,1,0,0
228123,ZA6,North West,ZA4,Free State,ZA638,Ngaka Modiri Molema,ZA418,Lejweleputswa,2020-06-29,2020-06-29,1,1,1,3041066.213879884,271133.81230773457,10236,20200629,20200629,0.3236353449196357,0.6078801705223251,0.06848448455803925,0.4964769205863341,870971.0,0.27941650281351393,0.6617931601395349,0.058790337046951115,0.500105365269169,574193.0,-0.18344824707846413,0.23076923076923078,0.29495049504950493,0.8653846153846154,1,1,3,0,0,0,1,0,0
228124,ZA1,Western Cape,ZA2,Eastern Cape,ZA191,City of Cape Town,ZA292,Buffalo City,2020-06-29,2020-06-29,3,3,3,3601988.907658471,2655420.7790763336,51205,20200629,20200629,0.23849582985172932,0.697186217784503,0.06431795236376775,0.4976008771049945,4436413.0,0.254980022080858,0.6758306608485358,0.06918931707060617,0.48177934914042375,760840.0,0.7687640750670242,0.9807692307692307,0.09585175879396986,0.6923076923076923,1,1,3,0,0,0,1,0,0
228125,ZA5,KwaZulu-Natal,ZA2,Eastern Cape,ZA521,Ugu,ZA215,O.R.Tambo,2020-06-29,2020-06-29,1,1,1,272278.2140049929,188948.4916520914,14715,20200629,20200629,0.32122674606698143,0.6016982741355622,0.07707497979745637,0.47391596021954596,714019.0,0.38804558548824664,0.5482866433400703,0.06366777117168307,0.4623163104135049,1358678.0,-0.09480895915678524,0.40384615384615385,-0.23807536101083035,0.1346153846153846,1,1,3,0,0,0,1,0,0
228126,ZA2,Eastern Cape,ZA2,Eastern Cape,ZA213,Chris Hani,ZA244,Alfred Nzo,2020-06-29,2020-06-30,1,1,1,501907.2823167471,231998.670928606,113357,20200629,20200630,0.334940582305372,0.572656560540376,0.09240285715425203,0.478383232498069,752217.0,0.40782127157510134,0.5221222097470932,0.07005651867780548,0.4576553946475353,788235.0,-0.29251697892271666,0.057692307692307696,-0.27396673320026615,0.11538461538461539,1,1,3,0,0,0,1,0,0
228127,ZA3,Nothern Cape,ZA1,Western Cape,ZA306,Namakwa,ZA104,Eden,2020-06-29,2020-06-29,2,2,2,944554.9717391907,555286.551446325,52903,20200629,20200629,0.2479438366342976,0.6592106724059887,0.09284549095971371,0.5132337492633683,117087.0,0.24710205256745305,0.6628052101466374,0.09009273728590954,0.4993180863678119,673839.0,0.06505633802816901,0.6153846153846154,0.0004522691705790296,0.5384615384615384,1,1,3,0,0,0,1,0,0
228128,ZA6,North West,ZA1,Western Cape,ZA638,Ngaka Modiri Molema,ZA105,Central Karoo,2020-06-29,2020-06-29,1,1,1,2473620.640782189,798392.4460014143,36223,20200629,20200629,0.3236353449196357,0.6078801705223251,0.06848448455803925,0.4964769205863341,870971.0,0.29415328297801036,0.633639246216906,0.07220747080508365,0.4979247763656518,77582.0,-0.18344824707846413,0.23076923076923078,-0.12604477611940298,0.3269230769230769,1,1,3,0,0,0,1,0,0
228129,ZA9,Limpopo,ZA4,Free State,ZA936,Waterberg,ZA420,Fezile Dabi,2020-06-29,2020-06-29,1,1,1,302639.8857463576,299547.7524380964,27003,20200629,20200629,0.2870915348782833,0.6477210572390478,0.06518740788266879,0.5138960603357211,718513.0,0.2705098118551487,0.6604572122193,0.06903297592555128,0.5050070807202104,494300.0,0.00236898395721925,0.5576923076923077,0.2276555023923445,0.7884615384615384,1,1,3,0,0,0,1,0,0
228130,ZA5,KwaZulu-Natal,ZA5,KwaZulu-Natal,ZA543,Sisonke,ZA521,Ugu,2020-06-29,2020-06-29,2,2,2,242260.0554056044,132108.12620308445,41221,20200629,20200629,0.37293146983899067,0.5707096800166399,0.05635885014436937,0.4671305273563743,447117.0,0.32122674606698143,0.6016982741355622,0.07707497979745637,0.47391596021954596,714019.0,-0.2112274881516588,0.17307692307692307,-0.09480895915678524,0.40384615384615385,1,1,3,0,0,0,1,0,0
228131,ZA2,Eastern Cape,ZA7,Gauteng,ZA293,Nelson Mandela Bay,ZA798,City of Johannesburg,2020-06-29,2020-06-29,1,1,1,1780951.562796195,890455.8388252857,19100,20200629,20200629,0.2465186661259611,0.6842154879637478,0.0692658459102911,0.4877654529777138,1230491.0,0.2220629170143196,0.7299897648810346,0.047947318104645836,0.5097433964893054,5540727.0,0.5740514018691588,0.9423076923076923,0.8818060606060606,1.0,1,1,3,0,0,0,1,0,0
228132,ZA3,Nothern Cape,ZA6,North West,ZA309,Frances Baard,ZA640,Dr Kenneth Kaunda,2020-06-29,2020-06-29,3,3,3,1968316.802649901,786965.1514247179,46824,20200629,20200629,0.2860169290028057,0.6497360787483951,0.06424699224879928,0.49189928194398214,420580.0,0.27505895171327793,0.6602340041700301,0.06470704411669191,0.5065976875287468,754431.0,0.29907801418439717,0.8846153846153846,-0.10069384057971015,0.38461538461538464,1,1,3,0,0,0,1,0,0
228133,ZA1,Western Cape,ZA8,Mpumalanga,ZA191,City of Cape Town,ZA831,Nkangala,2020-06-29,2020-06-29,2,2,2,4186335.743691922,2642348.009368197,28148,20200629,20200629,0.23849582985172932,0.697186217784503,0.06431795236376775,0.4976008771049945,4436413.0,0.27290691475673784,0.6711806877078121,0.055912397535449986,0.5109201270525474,1573837.0,0.7687640750670242,0.9807692307692307,0.07867808219178082,0.6730769230769231,1,1,3,0,0,0,1,0,0
228134,ZA6,North West,ZA4,Free State,ZA638,Ngaka Modiri Molema,ZA494,Mangaung,2020-06-29,2020-06-29,2,2,2,884221.9928301477,884171.5172964807,60617,20200629,20200629,0.3236353449196357,0.6078801705223251,0.06848448455803925,0.4964769205863341,870971.0,0.26262942751272955,0.6754982029249197,0.06187236956235082,0.4901411892511804,826621.0,-0.18344824707846413,0.23076923076923078,0.27329104477611943,0.8269230769230769,1,1,3,0,0,0,1,0,0
228135,ZA9,Limpopo,ZA6,North West,ZA936,Waterberg,ZA640,Dr Kenneth Kaunda,2020-06-29,2020-06-29,1,1,1,404373.94807656767,404344.5335335354,53185,20200629,20200629,0.2870915348782833,0.6477210572390478,0.06518740788266879,0.5138960603357211,718513.0,0.27505895171327793,0.6602340041700301,0.06470704411669191,0.5065976875287468,754431.0,0.00236898395721925,0.5576923076923077,-0.10069384057971015,0.38461538461538464,1,1,3,0,0,0,1,0,0
228136,ZA6,North West,ZA6,North West,ZA640,Dr Kenneth Kaunda,ZA637,Bojanala,2020-06-29,2020-06-30,1,1,1,249872.70309055585,65905.70134152698,14947,20200629,20200630,0.27505895171327793,0.6602340041700301,0.06470704411669191,0.5065976875287468,754431.0,0.25082919250139085,0.6903465537718604,0.05882425372674875,0.5380589003726469,1786678.0,-0.10069384057971015,0.38461538461538464,0.07430676328502415,0.6538461538461539,1,1,3,0,0,0,1,0,0
228138,ZA5,KwaZulu-Natal,,,ZA595,eThekwini,,,2020-06-29,2020-06-30,1,1,1,1417677.996228102,21881.491124392214,106549,20200629,20200630,0.2446364969883556,0.6990922562931536,0.05627124671849075,0.494610924976595,3587907.0,,,,,,0.5666580406654343,0.9230769230769231,,,1,1,3,0,0,0,1,0,0
228139,ZA9,Limpopo,ZA9,Limpopo,ZA933,Mopani,ZA947,Sekhukhune,2020-06-29,2020-06-29,3,3,3,993517.1491742516,454048.6251885663,48494,20200629,20200629,0.3329418650827259,0.6026296126910996,0.06442852222617454,0.46142626187343905,1062666.0,0.3536917516859454,0.5707075150199985,0.07560073329405607,0.46486328935523974,1125333.0,-0.037928345626975765,0.4807692307692308,-0.06015677966101695,0.4423076923076923,1,1,3,0,0,0,1,0,0
228140,ZA5,KwaZulu-Natal,ZA5,KwaZulu-Natal,ZA526,Zululand,ZA527,Umkhanyakude,2020-06-29,2020-06-29,2,2,2,308012.79217160144,144256.23584899856,21404,20200629,20200629,0.392497537624586,0.5542130860581069,0.053289376317307055,0.4651401640222711,783796.0,0.40017378652548197,0.5489306999026919,0.05089551357182606,0.4622270789873748,643318.0,-0.2762355212355212,0.09615384615384616,-0.31784377542717657,0.038461538461538464,1,1,3,0,0,0,1,0,0
228141,ZA7,Gauteng,ZA9,Limpopo,ZA798,City of Johannesburg,ZA935,Capricorn,2020-06-29,2020-06-29,5,5,5,2447718.5849359822,1472736.728939882,80787,20200629,20200629,0.2220629170143196,0.7299897648810346,0.047947318104645836,0.5097433964893054,5540727.0,0.3265897738288558,0.6007690312860821,0.07264119488506209,0.472231826966417,1295656.0,0.8818060606060606,1.0,0.07397387387387387,0.6346153846153846,1,1,3,0,0,0,1,0,0
228142,ZA1,Western Cape,ZA1,Western Cape,ZA104,Eden,ZA105,Central Karoo,2020-06-29,2020-06-29,2,2,2,353145.8541598229,328705.4472618728,18431,20200629,20200629,0.24710205256745305,0.6628052101466374,0.09009273728590954,0.4993180863678119,673839.0,0.29415328297801036,0.633639246216906,0.07220747080508365,0.4979247763656518,77582.0,0.0004522691705790296,0.5384615384615384,-0.12604477611940298,0.3269230769230769,1,1,3,0,0,0,1,0,0
228143,ZA9,Limpopo,ZA7,Gauteng,ZA934,Vhembe,ZA797,Ekurhuleni,2020-06-29,2020-06-29,1,1,1,1363157.0560792915,493328.591289192,44036,20200629,20200629,0.3433867460978093,0.5887604530714541,0.06785280083073665,0.4597374214109392,1325089.0,0.23296733680905687,0.7203157619169479,0.04671690127399521,0.5205474946472306,3739653.0,-0.0767829596412556,0.4230769230769231,0.7435109289617486,0.9615384615384616,1,1,3,0,0,0,1,0,0
228144,ZA3,Nothern Cape,ZA1,Western Cape,ZA306,Namakwa,ZA102,Cape Winelands,2020-06-29,2020-06-29,2,2,2,1262200.4196469455,663904.7296741506,47812,20200629,20200629,0.2479438366342976,0.6592106724059887,0.09284549095971371,0.5132337492633683,117087.0,0.24989252608235304,0.6902123420738123,0.059895131843834624,0.5011121214086944,909523.0,0.06505633802816901,0.6153846153846154,-0.012388831437435367,0.5192307692307693,1,1,3,0,0,0,1,0,0
228145,ZA8,Mpumalanga,ZA7,Gauteng,ZA832,Ehlanzeni,ZA798,City of Johannesburg,2020-06-29,2020-06-30,1,1,1,569265.352612775,321940.2527660097,107023,20200629,20200630,0.32438893780700045,0.6235217992770762,0.05208926291592337,0.47979089412028486,1837538.0,0.2220629170143196,0.7299897648810346,0.047947318104645836,0.5097433964893054,5540727.0,0.1315940928270042,0.7307692307692307,0.8818060606060606,1.0,1,1,3,0,0,0,1,0,0
228146,ZA9,Limpopo,ZA8,Mpumalanga,ZA933,Mopani,ZA832,Ehlanzeni,2020-06-29,2020-06-30,1,1,1,285244.655286253,26138.126973057653,52925,20200629,20200630,0.3329418650827259,0.6026296126910996,0.06442852222617454,0.46142626187343905,1062666.0,0.32438893780700045,0.6235217992770762,0.05208926291592337,0.47979089412028486,1837538.0,-0.037928345626975765,0.4807692307692308,0.1315940928270042,0.7307692307692307,1,1,3,0,0,0,1,0,0
228147,ZA9,Limpopo,ZA4,Free State,ZA935,Capricorn,ZA419,Thabo Mofutsanyane,2020-06-29,2020-06-29,1,1,1,1198420.7415188665,594750.0621879251,185,20200629,20200629,0.3265897738288558,0.6007690312860821,0.07264119488506209,0.472231826966417,1295656.0,0.31143326559338835,0.6251823622683981,0.06338437213821363,0.47028720831466336,662829.0,0.07397387387387387,0.6346153846153846,0.10770218579234972,0.7115384615384616,1,1,3,0,0,0,1,0,0
228148,ZA8,Mpumalanga,ZA8,Mpumalanga,ZA831,Nkangala,ZA832,Ehlanzeni,2020-06-29,2020-06-30,1,1,1,186450.97183125163,91130.73025003694,53268,20200629,20200630,0.27290691475673784,0.6711806877078121,0.055912397535449986,0.5109201270525474,1573837.0,0.32438893780700045,0.6235217992770762,0.05208926291592337,0.47979089412028486,1837538.0,0.07867808219178082,0.6730769230769231,0.1315940928270042,0.7307692307692307,1,1,3,0,0,0,1,0,0
228149,ZA2,Eastern Cape,ZA2,Eastern Cape,ZA292,Buffalo City,ZA215,O.R.Tambo,2020-06-29,2020-06-29,6,6,5,2153562.5122140176,1252368.9885764471,66530,20200629,20200629,0.254980022080858,0.6758306608485358,0.06918931707060617,0.48177934914042375,760840.0,0.38804558548824664,0.5482866433400703,0.06366777117168307,0.4623163104135049,1358678.0,0.09585175879396986,0.6923076923076923,-0.23807536101083035,0.1346153846153846,1,1,3,0,0,0,1,0,0
228150,ZA1,Western Cape,ZA1,Western Cape,ZA102,Cape Winelands,ZA104,Eden,2020-06-29,2020-06-29,5,5,5,2691778.454552965,1565979.6021505964,122415,20200629,20200629,0.24989252608235304,0.6902123420738123,0.059895131843834624,0.5011121214086944,909523.0,0.24710205256745305,0.6628052101466374,0.09009273728590954,0.4993180863678119,673839.0,-0.012388831437435367,0.5192307692307693,0.0004522691705790296,0.5384615384615384,1,1,3,0,0,0,1,0,0
228151,ZA1,Western Cape,ZA3,Nothern Cape,ZA104,Eden,ZA307,Pixley ka Seme,2020-06-29,2020-06-29,1,1,1,1656256.8719028265,572893.6422577057,30246,20200629,20200629,0.24710205256745305,0.6628052101466374,0.09009273728590954,0.4993180863678119,673839.0,0.3060749448635213,0.6232332132979509,0.0706918418385278,0.5011842246002923,196331.0,0.0004522691705790296,0.5384615384615384,0.1854655172413793,0.75,1,1,3,0,0,0,1,0,0
228152,ZA5,KwaZulu-Natal,ZA8,Mpumalanga,ZA595,eThekwini,ZA832,Ehlanzeni,2020-06-29,2020-06-29,1,1,1,1038952.7883709904,519528.94504542736,3278,20200629,20200629,0.2446364969883556,0.6990922562931536,0.05627124671849075,0.494610924976595,3587907.0,0.32438893780700045,0.6235217992770762,0.05208926291592337,0.47979089412028486,1837538.0,0.5666580406654343,0.9230769230769231,0.1315940928270042,0.7307692307692307,1,1,3,0,0,0,1,0,0
228153,ZA4,Free State,ZA7,Gauteng,ZA419,Thabo Mofutsanyane,ZA797,Ekurhuleni,2020-06-29,2020-06-29,1,1,1,657757.5186631127,185911.78364624263,6115,20200629,20200629,0.31143326559338835,0.6251823622683981,0.06338437213821363,0.47028720831466336,662829.0,0.23296733680905687,0.7203157619169479,0.04671690127399521,0.5205474946472306,3739653.0,0.10770218579234972,0.7115384615384616,0.7435109289617486,0.9615384615384616,1,1,3,0,0,0,1,0,0
228154,ZA9,Limpopo,ZA1,Western Cape,ZA936,Waterberg,ZA191,City of Cape Town,2020-06-29,2020-06-30,1,1,1,2896237.649537076,1447567.42341852,15097,20200629,20200630,0.2870915348782833,0.6477210572390478,0.06518740788266879,0.5138960603357211,718513.0,0.23849582985172932,0.697186217784503,0.06431795236376775,0.4976008771049945,4436413.0,0.00236898395721925,0.5576923076923077,0.7687640750670242,0.9807692307692307,1,1,3,0,0,0,1,0,0
228155,ZA4,Free State,ZA5,KwaZulu-Natal,ZA494,Mangaung,ZA543,Sisonke,2020-06-29,2020-06-29,1,1,1,519833.8194976136,505909.88218897686,27438,20200629,20200629,0.26262942751272955,0.6754982029249197,0.06187236956235082,0.4901411892511804,826621.0,0.37293146983899067,0.5707096800166399,0.05635885014436937,0.4671305273563743,447117.0,0.27329104477611943,0.8269230769230769,-0.2112274881516588,0.17307692307692307,1,1,3,0,0,0,1,0,0
228156,ZA3,Nothern Cape,ZA1,Western Cape,ZA309,Frances Baard,ZA191,City of Cape Town,2020-06-29,2020-06-30,1,1,1,983607.9231923958,831589.6139730309,59314,20200629,20200630,0.2860169290028057,0.6497360787483951,0.06424699224879928,0.49189928194398214,420580.0,0.23849582985172932,0.697186217784503,0.06431795236376775,0.4976008771049945,4436413.0,0.29907801418439717,0.8846153846153846,0.7687640750670242,0.9807692307692307,1,1,3,0,0,0,1,0,0
228157,ZA5,KwaZulu-Natal,ZA4,Free State,ZA595,eThekwini,ZA494,Mangaung,2020-06-29,2020-06-29,1,1,1,471318.2790783814,471318.2790783814,26050,20200629,20200629,0.2446364969883556,0.6990922562931536,0.05627124671849075,0.494610924976595,3587907.0,0.26262942751272955,0.6754982029249197,0.06187236956235082,0.4901411892511804,826621.0,0.5666580406654343,0.9230769230769231,0.27329104477611943,0.8269230769230769,1,1,3,0,0,0,1,0,0
228158,ZA7,Gauteng,ZA4,Free State,ZA748,West Rand,ZA419,Thabo Mofutsanyane,2020-06-29,2020-06-29,1,1,1,269768.295296235,260102.9471188392,17623,20200629,20200629,0.23154887232085752,0.7207832829912092,0.047667844687933295,0.5288128906961219,856804.0,0.31143326559338835,0.6251823622683981,0.06338437213821363,0.47028720831466336,662829.0,0.23715802469135805,0.8076923076923077,0.10770218579234972,0.7115384615384616,1,1,3,0,0,0,1,0,0
228159,ZA5,KwaZulu-Natal,ZA8,Mpumalanga,ZA595,eThekwini,ZA830,Gert Sibande,2020-06-29,2020-06-30,1,1,1,412453.2643089359,412453.2643089359,14228,20200629,20200630,0.2446364969883556,0.6990922562931536,0.05627124671849075,0.494610924976595,3587907.0,0.30688245639051287,0.6412288994160756,0.05188864419341153,0.49968312815881616,1136106.0,0.5666580406654343,0.9230769230769231,-0.11248741610738255,0.36538461538461536,1,1,3,0,0,0,1,0,0
228160,ZA9,Limpopo,ZA8,Mpumalanga,ZA933,Mopani,ZA830,Gert Sibande,2020-06-29,2020-06-29,1,1,1,323664.2024238714,290158.99384178134,38306,20200629,20200629,0.3329418650827259,0.6026296126910996,0.06442852222617454,0.46142626187343905,1062666.0,0.30688245639051287,0.6412288994160756,0.05188864419341153,0.49968312815881616,1136106.0,-0.037928345626975765,0.4807692307692308,-0.11248741610738255,0.36538461538461536,1,1,3,0,0,0,1,0,0
228161,ZA1,Western Cape,ZA2,Eastern Cape,ZA191,City of Cape Town,ZA210,Cacadu,2020-06-29,2020-06-29,2,2,2,1801469.2252368107,1239084.8889146969,44110,20200629,20200629,0.23849582985172932,0.697186217784503,0.06431795236376775,0.4976008771049945,4436413.0,0.2618455236218228,0.6571170870354837,0.08103738934269357,0.4975242081945451,491156.0,0.7687640750670242,0.9807692307692307,-0.01848062015503876,0.5,1,1,3,0,0,0,1,0,0
228162,ZA5,KwaZulu-Natal,ZA3,Nothern Cape,ZA595,eThekwini,ZA307,Pixley ka Seme,2020-06-29,2020-06-30,1,1,1,1660621.5578462824,817161.6444681843,94600,20200629,20200630,0.2446364969883556,0.6990922562931536,0.05627124671849075,0.494610924976595,3587907.0,0.3060749448635213,0.6232332132979509,0.0706918418385278,0.5011842246002923,196331.0,0.5666580406654343,0.9230769230769231,0.1854655172413793,0.75,1,1,3,0,0,0,1,0,0
228163,ZA3,Nothern Cape,ZA1,Western Cape,ZA306,Namakwa,ZA101,West Coast,2020-06-29,2020-06-30,1,1,1,3240522.1902008383,71925.7707947808,39963,20200629,20200630,0.2479438366342976,0.6592106724059887,0.09284549095971371,0.5132337492633683,117087.0,0.24466466325617858,0.6852166396976793,0.0701186970461421,0.5060695297345649,497485.0,0.06505633802816901,0.6153846153846154,-0.12079976303317536,0.34615384615384615,1,1,3,0,0,0,1,0,0
228164,ZA7,Gauteng,ZA6,North West,ZA797,Ekurhuleni,ZA638,Ngaka Modiri Molema,2020-06-29,2020-06-30,1,1,1,448564.8413239618,232160.49804465575,43391,20200629,20200630,0.23296733680905687,0.7203157619169479,0.04671690127399521,0.5205474946472306,3739653.0,0.3236353449196357,0.6078801705223251,0.06848448455803925,0.4964769205863341,870971.0,0.7435109289617486,0.9615384615384616,-0.18344824707846413,0.23076923076923078,1,1,3,0,0,0,1,0,0
228165,ZA2,Eastern Cape,ZA5,KwaZulu-Natal,ZA292,Buffalo City,ZA522,Umgungundlovu,2020-06-29,2020-06-29,1,1,1,1089485.8768594435,507649.6913658777,26757,20200629,20200629,0.254980022080858,0.6758306608485358,0.06918931707060617,0.48177934914042375,760840.0,0.2748377359932372,0.663873035280183,0.06128922872657978,0.48236181888519014,1046905.0,0.09585175879396986,0.6923076923076923,0.0061256544502617805,0.5769230769230769,1,1,3,0,0,0,1,0,0
228166,ZA5,KwaZulu-Natal,ZA5,KwaZulu-Natal,ZA524,Umzinyathi,ZA526,Zululand,2020-06-29,2020-06-30,1,1,1,352553.642035037,67896.61378021621,14710,20200629,20200630,0.3952311253914291,0.5454951881678106,0.05927368644076033,0.451447242842509,514461.0,0.392497537624586,0.5542130860581069,0.053289376317307055,0.4651401640222711,783796.0,-0.28225945945945946,0.07692307692307693,-0.2762355212355212,0.09615384615384616,1,1,3,0,0,0,1,0,0
228167,ZA2,Eastern Cape,ZA2,Eastern Cape,ZA293,Nelson Mandela Bay,ZA215,O.R.Tambo,2020-06-29,2020-06-29,1,1,1,403102.4692297797,403102.4692297797,26806,20200629,20200629,0.2465186661259611,0.6842154879637478,0.0692658459102911,0.4877654529777138,1230491.0,0.38804558548824664,0.5482866433400703,0.06366777117168307,0.4623163104135049,1358678.0,0.5740514018691588,0.9423076923076923,-0.23807536101083035,0.1346153846153846,1,1,3,0,0,0,1,0,0
228168,ZA5,KwaZulu-Natal,ZA2,Eastern Cape,ZA595,eThekwini,ZA214,Joe Gqabi,2020-06-29,2020-06-29,1,1,1,359959.3364335245,359959.3364335245,32275,20200629,20200629,0.2446364969883556,0.6990922562931536,0.05627124671849075,0.494610924976595,3587907.0,0.3340471849013029,0.5799636495391386,0.08598916555955849,0.47733103958194023,339473.0,0.5666580406654343,0.9230769230769231,-0.1839776119402985,0.21153846153846154,1,1,3,0,0,0,1,0,0
228169,ZA1,Western Cape,ZA7,Gauteng,ZA191,City of Cape Town,ZA748,West Rand,2020-06-29,2020-06-29,1,1,1,5063826.526463871,1247605.1870731192,971,20200629,20200629,0.23849582985172932,0.697186217784503,0.06431795236376775,0.4976008771049945,4436413.0,0.23154887232085752,0.7207832829912092,0.047667844687933295,0.5288128906961219,856804.0,0.7687640750670242,0.9807692307692307,0.23715802469135805,0.8076923076923077,1,1,3,0,0,0,1,0,0
228170,ZA5,KwaZulu-Natal,ZA8,Mpumalanga,ZA524,Umzinyathi,ZA830,Gert Sibande,2020-06-29,2020-06-29,1,1,1,327970.3465181668,167985.06117499064,22717,20200629,20200629,0.3952311253914291,0.5454951881678106,0.05927368644076033,0.451447242842509,514461.0,0.30688245639051287,0.6412288994160756,0.05188864419341153,0.49968312815881616,1136106.0,-0.28225945945945946,0.07692307692307693,-0.11248741610738255,0.36538461538461536,1,1,3,0,0,0,1,0,0
228171,ZA8,Mpumalanga,ZA5,KwaZulu-Natal,ZA830,Gert Sibande,ZA528,Uthungulu,2020-06-29,2020-06-29,1,1,1,487266.30665298,286928.49153051333,36297,20200629,20200629,0.30688245639051287,0.6412288994160756,0.05188864419341153,0.49968312815881616,1136106.0,0.3398562749304085,0.6096443299200878,0.05049939514950375,0.4759701217345943,889476.0,-0.11248741610738255,0.36538461538461536,-0.2202014106583072,0.15384615384615385,1,1,3,0,0,0,1,0,0
228172,ZA2,Eastern Cape,ZA4,Free State,ZA214,Joe Gqabi,ZA416,Xhariep,2020-06-29,2020-06-30,1,1,1,48186.734199496765,25553.99526825762,53832,20200629,20200630,0.3340471849013029,0.5799636495391386,0.08598916555955849,0.47733103958194023,339473.0,0.29515218562959183,0.6325513667867511,0.07229644758365718,0.5005153225730198,105759.0,-0.1839776119402985,0.21153846153846154,0.18671264367816093,0.7692307692307693,1,1,3,0,0,0,1,0,0
228173,ZA3,Nothern Cape,ZA3,Nothern Cape,ZA307,Pixley ka Seme,ZA306,Namakwa,2020-06-29,2020-06-30,1,1,1,879113.920718253,576519.073085296,63759,20200629,20200630,0.3060749448635213,0.6232332132979509,0.0706918418385278,0.5011842246002923,196331.0,0.2479438366342976,0.6592106724059887,0.09284549095971371,0.5132337492633683,117087.0,0.1854655172413793,0.75,0.06505633802816901,0.6153846153846154,1,1,3,0,0,0,1,0,0
228174,ZA9,Limpopo,ZA8,Mpumalanga,ZA935,Capricorn,ZA832,Ehlanzeni,2020-06-29,2020-06-29,1,1,1,367194.7380621126,169627.2939389137,15880,20200629,20200629,0.3265897738288558,0.6007690312860821,0.07264119488506209,0.472231826966417,1295656.0,0.32438893780700045,0.6235217992770762,0.05208926291592337,0.47979089412028486,1837538.0,0.07397387387387387,0.6346153846153846,0.1315940928270042,0.7307692307692307,1,1,3,0,0,0,1,0,0
228175,ZA4,Free State,ZA6,North West,ZA418,Lejweleputswa,ZA637,Bojanala,2020-06-29,2020-06-29,1,1,1,399228.5897728796,349938.3331446531,21115,20200629,20200629,0.27941650281351393,0.6617931601395349,0.058790337046951115,0.500105365269169,574193.0,0.25082919250139085,0.6903465537718604,0.05882425372674875,0.5380589003726469,1786678.0,0.29495049504950493,0.8653846153846154,0.07430676328502415,0.6538461538461539,1,1,3,0,0,0,1,0,0
228176,ZA5,KwaZulu-Natal,ZA5,KwaZulu-Natal,ZA525,Amajuba,ZA523,Uthukela,2020-06-29,2020-06-30,1,1,1,422988.4560636952,79897.08175560864,16323,20200629,20200630,0.3311353387795859,0.6144200377537888,0.05444462346662529,0.48045773982507545,502731.0,0.36014331224838336,0.5864396074090654,0.05341708034255123,0.46782833191779016,652282.0,-0.16864155251141552,0.25,-0.19841226215644822,0.19230769230769232,1,1,3,0,0,0,1,0,0
228177,ZA2,Eastern Cape,ZA2,Eastern Cape,ZA213,Chris Hani,ZA293,Nelson Mandela Bay,2020-06-29,2020-06-30,1,1,1,767686.3229281867,260060.7481358734,19566,20200629,20200630,0.334940582305372,0.572656560540376,0.09240285715425203,0.478383232498069,752217.0,0.2465186661259611,0.6842154879637478,0.0692658459102911,0.4877654529777138,1230491.0,-0.29251697892271666,0.057692307692307696,0.5740514018691588,0.9423076923076923,1,1,3,0,0,0,1,0,0
228178,ZA1,Western Cape,ZA4,Free State,ZA105,Central Karoo,ZA494,Mangaung,2020-06-29,2020-06-29,1,1,1,1376796.0790601056,724681.9741416705,24095,20200629,20200629,0.29415328297801036,0.633639246216906,0.07220747080508365,0.4979247763656518,77582.0,0.26262942751272955,0.6754982029249197,0.06187236956235082,0.4901411892511804,826621.0,-0.12604477611940298,0.3269230769230769,0.27329104477611943,0.8269230769230769,1,1,3,0,0,0,1,0,0
228179,ZA5,KwaZulu-Natal,ZA5,KwaZulu-Natal,ZA595,eThekwini,ZA523,Uthukela,2020-06-29,2020-06-30,1,1,1,286796.2782847658,141371.2715974049,42536,20200629,20200630,0.2446364969883556,0.6990922562931536,0.05627124671849075,0.494610924976595,3587907.0,0.36014331224838336,0.5864396074090654,0.05341708034255123,0.46782833191779016,652282.0,0.5666580406654343,0.9230769230769231,-0.19841226215644822,0.19230769230769232,1,1,3,0,0,0,1,0,0
228180,ZA1,Western Cape,ZA3,Nothern Cape,ZA191,City of Cape Town,ZA308,Z F Mgcawu,2020-06-29,2020-06-29,1,1,1,952947.3918103904,768872.5980158033,37391,20200629,20200629,0.23849582985172932,0.697186217784503,0.06431795236376775,0.4976008771049945,4436413.0,0.27601757542529287,0.6641943181028425,0.059788106471864645,0.5142626583989065,258998.0,0.7687640750670242,0.9807692307692307,-0.04016603773584906,0.46153846153846156,1,1,3,0,0,0,1,0,0
228181,ZA2,Eastern Cape,ZA2,Eastern Cape,ZA215,O.R.Tambo,ZA214,Joe Gqabi,2020-06-29,2020-06-30,1,1,1,256866.71583147527,51391.34950519353,14586,20200629,20200630,0.38804558548824664,0.5482866433400703,0.06366777117168307,0.4623163104135049,1358678.0,0.3340471849013029,0.5799636495391386,0.08598916555955849,0.47733103958194023,339473.0,-0.23807536101083035,0.1346153846153846,-0.1839776119402985,0.21153846153846154,1,1,3,0,0,0,1,0,0
228182,ZA2,Eastern Cape,ZA5,KwaZulu-Natal,ZA215,O.R.Tambo,ZA522,Umgungundlovu,2020-06-29,2020-06-30,1,1,1,378546.1953366272,189176.2960990329,23603,20200629,20200630,0.38804558548824664,0.5482866433400703,0.06366777117168307,0.4623163104135049,1358678.0,0.2748377359932372,0.663873035280183,0.06128922872657978,0.48236181888519014,1046905.0,-0.23807536101083035,0.1346153846153846,0.0061256544502617805,0.5769230769230769,1,1,3,0,0,0,1,0,0
228183,ZA2,Eastern Cape,ZA5,KwaZulu-Natal,ZA293,Nelson Mandela Bay,ZA543,Sisonke,2020-06-29,2020-06-29,1,1,1,1048392.3380702157,523539.5295703106,902,20200629,20200629,0.2465186661259611,0.6842154879637478,0.0692658459102911,0.4877654529777138,1230491.0,0.37293146983899067,0.5707096800166399,0.05635885014436937,0.4671305273563743,447117.0,0.5740514018691588,0.9423076923076923,-0.2112274881516588,0.17307692307692307,1,1,3,0,0,0,1,0,0
228184,ZA7,Gauteng,ZA5,KwaZulu-Natal,ZA742,Sedibeng,ZA523,Uthukela,2020-06-29,2020-06-29,1,1,1,656689.3330527041,309645.88020991813,10246,20200629,20200629,0.24393339879416723,0.6953819961266214,0.06068460507921129,0.5059130831550246,994997.0,0.36014331224838336,0.5864396074090654,0.05341708034255123,0.46782833191779016,652282.0,0.2808379746835443,0.8461538461538461,-0.19841226215644822,0.19230769230769232,1,1,3,0,0,0,1,0,0
228185,ZA1,Western Cape,ZA2,Eastern Cape,ZA104,Eden,ZA210,Cacadu,2020-06-29,2020-06-30,1,1,1,1332979.096603803,317776.8007633601,28349,20200629,20200630,0.24710205256745305,0.6628052101466374,0.09009273728590954,0.4993180863678119,673839.0,0.2618455236218228,0.6571170870354837,0.08103738934269357,0.4975242081945451,491156.0,0.0004522691705790296,0.5384615384615384,-0.01848062015503876,0.5,1,1,3,0,0,0,1,0,0
228186,ZA7,Gauteng,ZA4,Free State,ZA797,Ekurhuleni,ZA419,Thabo Mofutsanyane,2020-06-29,2020-06-30,1,1,1,872606.8499423095,255343.2555291901,24255,20200629,20200630,0.23296733680905687,0.7203157619169479,0.04671690127399521,0.5205474946472306,3739653.0,0.31143326559338835,0.6251823622683981,0.06338437213821363,0.47028720831466336,662829.0,0.7435109289617486,0.9615384615384616,0.10770218579234972,0.7115384615384616,1,1,3,0,0,0,1,0,0
228187,ZA4,Free State,ZA3,Nothern Cape,ZA494,Mangaung,ZA307,Pixley ka Seme,2020-06-29,2020-06-30,2,2,2,2517745.64942142,618000.9285635047,175430,20200629,20200630,0.26262942751272955,0.6754982029249197,0.06187236956235082,0.4901411892511804,826621.0,0.3060749448635213,0.6232332132979509,0.0706918418385278,0.5011842246002923,196331.0,0.27329104477611943,0.8269230769230769,0.1854655172413793,0.75,1,1,3,0,0,0,1,0,0
228188,ZA2,Eastern Cape,ZA1,Western Cape,ZA210,Cacadu,ZA105,Central Karoo,2020-06-29,2020-06-29,1,1,1,123313.17418743444,58313.59630905192,16129,20200629,20200629,0.2618455236218228,0.6571170870354837,0.08103738934269357,0.4975242081945451,491156.0,0.29415328297801036,0.633639246216906,0.07220747080508365,0.4979247763656518,77582.0,-0.01848062015503876,0.5,-0.12604477611940298,0.3269230769230769,1,1,3,0,0,0,1,0,0
228189,ZA5,KwaZulu-Natal,ZA5,KwaZulu-Natal,ZA523,Uthukela,ZA525,Amajuba,2020-06-29,2020-06-30,1,1,1,92125.0699841688,92125.0699841688,63179,20200629,20200630,0.36014331224838336,0.5864396074090654,0.05341708034255123,0.46782833191779016,652282.0,0.3311353387795859,0.6144200377537888,0.05444462346662529,0.48045773982507545,502731.0,-0.19841226215644822,0.19230769230769232,-0.16864155251141552,0.25,1,1,3,0,0,0,1,0,0
228190,ZA4,Free State,ZA4,Free State,ZA494,Mangaung,ZA419,Thabo Mofutsanyane,2020-06-29,2020-06-30,2,2,2,324665.2089161045,155138.27304066095,53689,20200629,20200630,0.26262942751272955,0.6754982029249197,0.06187236956235082,0.4901411892511804,826621.0,0.31143326559338835,0.6251823622683981,0.06338437213821363,0.47028720831466336,662829.0,0.27329104477611943,0.8269230769230769,0.10770218579234972,0.7115384615384616,1,1,3,0,0,0,1,0,0
228191,ZA5,KwaZulu-Natal,ZA2,Eastern Cape,ZA522,Umgungundlovu,ZA215,O.R.Tambo,2020-06-29,2020-06-29,1,1,1,378546.1953366272,189233.9694846329,32041,20200629,20200629,0.2748377359932372,0.663873035280183,0.06128922872657978,0.48236181888519014,1046905.0,0.38804558548824664,0.5482866433400703,0.06366777117168307,0.4623163104135049,1358678.0,0.0061256544502617805,0.5769230769230769,-0.23807536101083035,0.1346153846153846,1,1,3,0,0,0,1,0,0
228192,ZA2,Eastern Cape,ZA5,KwaZulu-Natal,ZA292,Buffalo City,ZA526,Zululand,2020-06-29,2020-06-29,1,1,1,1682685.637351965,692408.1249846992,48270,20200629,20200629,0.254980022080858,0.6758306608485358,0.06918931707060617,0.48177934914042375,760840.0,0.392497537624586,0.5542130860581069,0.053289376317307055,0.4651401640222711,783796.0,0.09585175879396986,0.6923076923076923,-0.2762355212355212,0.09615384615384616,1,1,3,0,0,0,1,0,0
228193,ZA5,KwaZulu-Natal,ZA8,Mpumalanga,ZA528,Uthungulu,ZA830,Gert Sibande,2020-06-29,2020-06-30,1,1,1,1262967.9842459124,515296.5321030816,61226,20200629,20200630,0.3398562749304085,0.6096443299200878,0.05049939514950375,0.4759701217345943,889476.0,0.30688245639051287,0.6412288994160756,0.05188864419341153,0.49968312815881616,1136106.0,-0.2202014106583072,0.15384615384615385,-0.11248741610738255,0.36538461538461536,1,1,3,0,0,0,1,0,0
228194,ZA1,Western Cape,ZA2,Eastern Cape,ZA191,City of Cape Town,ZA214,Joe Gqabi,2020-06-29,2020-06-29,1,1,1,900637.2204639167,899878.7239601186,23931,20200629,20200629,0.23849582985172932,0.697186217784503,0.06431795236376775,0.4976008771049945,4436413.0,0.3340471849013029,0.5799636495391386,0.08598916555955849,0.47733103958194023,339473.0,0.7687640750670242,0.9807692307692307,-0.1839776119402985,0.21153846153846154,1,1,3,0,0,0,1,0,0
228195,ZA2,Eastern Cape,ZA5,KwaZulu-Natal,ZA215,O.R.Tambo,ZA522,Umgungundlovu,2020-06-29,2020-06-29,1,1,1,787996.9584487341,276963.3740518417,24981,20200629,20200629,0.38804558548824664,0.5482866433400703,0.06366777117168307,0.4623163104135049,1358678.0,0.2748377359932372,0.663873035280183,0.06128922872657978,0.48236181888519014,1046905.0,-0.23807536101083035,0.1346153846153846,0.0061256544502617805,0.5769230769230769,1,1,3,0,0,0,1,0,0
228196,ZA2,Eastern Cape,ZA2,Eastern Cape,ZA212,Amathole,ZA210,Cacadu,2020-06-29,2020-06-30,1,1,1,191582.3492602485,89099.35491870293,36994,20200629,20200630,0.32816698449842097,0.5696178168124134,0.1022151986891656,0.47434426623917664,789726.0,0.2618455236218228,0.6571170870354837,0.08103738934269357,0.4975242081945451,491156.0,-0.3192883211678832,0.019230769230769232,-0.01848062015503876,0.5,1,1,3,0,0,0,1,0,0
228197,ZA9,Limpopo,ZA9,Limpopo,ZA935,Capricorn,ZA934,Vhembe,2020-06-29,2020-06-30,1,1,1,497499.87750754826,167038.20041216954,29565,20200629,20200630,0.3265897738288558,0.6007690312860821,0.07264119488506209,0.472231826966417,1295656.0,0.3433867460978093,0.5887604530714541,0.06785280083073665,0.4597374214109392,1325089.0,0.07397387387387387,0.6346153846153846,-0.0767829596412556,0.4230769230769231,1,1,3,0,0,0,1,0,0
228198,ZA8,Mpumalanga,ZA6,North West,ZA832,Ehlanzeni,ZA637,Bojanala,2020-06-29,2020-06-29,1,1,1,389352.8140266696,389352.8140266696,19540,20200629,20200629,0.32438893780700045,0.6235217992770762,0.05208926291592337,0.47979089412028486,1837538.0,0.25082919250139085,0.6903465537718604,0.05882425372674875,0.5380589003726469,1786678.0,0.1315940928270042,0.7307692307692307,0.07430676328502415,0.6538461538461539,1,1,3,0,0,0,1,0,0
228200,ZA4,Free State,ZA2,Eastern Cape,ZA419,Thabo Mofutsanyane,ZA215,O.R.Tambo,2020-06-29,2020-06-29,1,1,1,1819394.7871466028,392631.7106438495,25290,20200629,20200629,0.31143326559338835,0.6251823622683981,0.06338437213821363,0.47028720831466336,662829.0,0.38804558548824664,0.5482866433400703,0.06366777117168307,0.4623163104135049,1358678.0,0.10770218579234972,0.7115384615384616,-0.23807536101083035,0.1346153846153846,1,1,3,0,0,0,1,0,0
228201,ZA9,Limpopo,ZA6,North West,ZA936,Waterberg,ZA638,Ngaka Modiri Molema,2020-06-29,2020-06-29,1,1,1,767.5894627240473,378.8099910339808,422,20200629,20200629,0.2870915348782833,0.6477210572390478,0.06518740788266879,0.5138960603357211,718513.0,0.3236353449196357,0.6078801705223251,0.06848448455803925,0.4964769205863341,870971.0,0.00236898395721925,0.5576923076923077,-0.18344824707846413,0.23076923076923078,1,1,3,0,0,0,1,0,0
228202,ZA4,Free State,ZA9,Limpopo,ZA419,Thabo Mofutsanyane,ZA936,Waterberg,2020-06-29,2020-06-30,1,1,1,461411.8918834471,457734.93625493,41346,20200629,20200630,0.31143326559338835,0.6251823622683981,0.06338437213821363,0.47028720831466336,662829.0,0.2870915348782833,0.6477210572390478,0.06518740788266879,0.5138960603357211,718513.0,0.10770218579234972,0.7115384615384616,0.00236898395721925,0.5576923076923077,1,1,3,0,0,0,1,0,0
228203,ZA3,Nothern Cape,ZA6,North West,ZA309,Frances Baard,ZA640,Dr Kenneth Kaunda,2020-06-29,2020-06-30,1,1,1,321849.3801948785,246741.24773115024,78435,20200629,20200630,0.2860169290028057,0.6497360787483951,0.06424699224879928,0.49189928194398214,420580.0,0.27505895171327793,0.6602340041700301,0.06470704411669191,0.5065976875287468,754431.0,0.29907801418439717,0.8846153846153846,-0.10069384057971015,0.38461538461538464,1,1,3,0,0,0,1,0,0
228204,ZA2,Eastern Cape,ZA2,Eastern Cape,ZA213,Chris Hani,ZA212,Amathole,2020-06-29,2020-06-30,1,1,1,103814.65016831884,51906.39942747582,38709,20200629,20200630,0.334940582305372,0.572656560540376,0.09240285715425203,0.478383232498069,752217.0,0.32816698449842097,0.5696178168124134,0.1022151986891656,0.47434426623917664,789726.0,-0.29251697892271666,0.057692307692307696,-0.3192883211678832,0.019230769230769232,1,1,3,0,0,0,1,0,0
228205,ZA4,Free State,ZA1,Western Cape,ZA416,Xhariep,ZA105,Central Karoo,2020-06-29,2020-06-29,1,1,1,1953590.3697394012,564679.0540292024,23495,20200629,20200629,0.29515218562959183,0.6325513667867511,0.07229644758365718,0.5005153225730198,105759.0,0.29415328297801036,0.633639246216906,0.07220747080508365,0.4979247763656518,77582.0,0.18671264367816093,0.7692307692307693,-0.12604477611940298,0.3269230769230769,1,1,3,0,0,0,1,0,0
228206,ZA8,Mpumalanga,ZA7,Gauteng,ZA832,Ehlanzeni,ZA748,West Rand,2020-06-29,2020-06-29,1,1,1,360487.2256739258,360487.2256739258,16817,20200629,20200629,0.32438893780700045,0.6235217992770762,0.05208926291592337,0.47979089412028486,1837538.0,0.23154887232085752,0.7207832829912092,0.047667844687933295,0.5288128906961219,856804.0,0.1315940928270042,0.7307692307692307,0.23715802469135805,0.8076923076923077,1,1,3,0,0,0,1,0,0
228207,ZA5,KwaZulu-Natal,ZA7,Gauteng,ZA595,eThekwini,ZA799,City of Tshwane,2020-06-29,2020-06-30,1,1,1,1152902.999311685,556582.3857252598,38255,20200629,20200630,0.2446364969883556,0.6990922562931536,0.05627124671849075,0.494610924976595,3587907.0,0.22283079372412132,0.7204843127840075,0.056684893491871245,0.5057337597223363,3627986.0,0.5666580406654343,0.9230769230769231,0.48224212034383956,0.9038461538461539,1,1,3,0,0,0,1,0,0
228208,ZA4,Free State,ZA7,Gauteng,ZA494,Mangaung,ZA797,Ekurhuleni,2020-06-29,2020-06-29,1,1,1,835273.7777797348,411837.7122498393,23312,20200629,20200629,0.26262942751272955,0.6754982029249197,0.06187236956235082,0.4901411892511804,826621.0,0.23296733680905687,0.7203157619169479,0.04671690127399521,0.5205474946472306,3739653.0,0.27329104477611943,0.8269230769230769,0.7435109289617486,0.9615384615384616,1,1,3,0,0,0,1,0,0
228209,ZA9,Limpopo,ZA1,Western Cape,ZA935,Capricorn,ZA191,City of Cape Town,2020-06-29,2020-06-29,2,2,1,6167332.997889816,3083690.517991945,1301,20200629,20200629,0.3265897738288558,0.6007690312860821,0.07264119488506209,0.472231826966417,1295656.0,0.23849582985172932,0.697186217784503,0.06431795236376775,0.4976008771049945,4436413.0,0.07397387387387387,0.6346153846153846,0.7687640750670242,0.9807692307692307,1,1,3,0,0,0,1,0,0
228210,ZA4,Free State,ZA4,Free State,ZA418,Lejweleputswa,ZA494,Mangaung,2020-06-29,2020-06-30,1,1,1,145074.21585514955,145008.67955763507,42428,20200629,20200630,0.27941650281351393,0.6617931601395349,0.058790337046951115,0.500105365269169,574193.0,0.26262942751272955,0.6754982029249197,0.06187236956235082,0.4901411892511804,826621.0,0.29495049504950493,0.8653846153846154,0.27329104477611943,0.8269230769230769,1,1,3,0,0,0,1,0,0
228211,ZA1,Western Cape,ZA1,Western Cape,ZA103,Overberg,ZA102,Cape Winelands,2020-06-29,2020-06-30,3,3,3,480732.7660113935,222635.0872966916,71854,20200629,20200630,0.22836513904770692,0.6721314716747349,0.09950338927755827,0.511077351980676,303457.0,0.24989252608235304,0.6902123420738123,0.059895131843834624,0.5011121214086944,909523.0,0.051486772486772484,0.5961538461538461,-0.012388831437435367,0.5192307692307693,1,1,3,0,0,0,1,0,0
228212,ZA4,Free State,ZA4,Free State,ZA420,Fezile Dabi,ZA418,Lejweleputswa,2020-06-29,2020-06-29,37,35,30,7081089.236674244,2100319.4663962293,257053,20200629,20200629,0.2705098118551487,0.6604572122193,0.06903297592555128,0.5050070807202104,494300.0,0.27941650281351393,0.6617931601395349,0.058790337046951115,0.500105365269169,574193.0,0.2276555023923445,0.7884615384615384,0.29495049504950493,0.8653846153846154,1,1,3,0,0,0,1,0,0
228213,ZA9,Limpopo,ZA9,Limpopo,ZA934,Vhembe,ZA934,Vhembe,2020-06-29,2020-06-30,115,115,115,3725853.417920918,1030483.3060649942,4709335,20200629,20200630,0.3433867460978093,0.5887604530714541,0.06785280083073665,0.4597374214109392,1325089.0,0.3433867460978093,0.5887604530714541,0.06785280083073665,0.4597374214109392,1325089.0,-0.0767829596412556,0.4230769230769231,-0.0767829596412556,0.4230769230769231,1,1,3,0,0,0,1,0,0
228214,ZA1,Western Cape,ZA3,Nothern Cape,ZA101,West Coast,ZA306,Namakwa,2020-06-29,2020-06-29,6,6,6,4908258.364722777,1049785.3380212816,104667,20200629,20200629,0.24466466325617858,0.6852166396976793,0.0701186970461421,0.5060695297345649,497485.0,0.2479438366342976,0.6592106724059887,0.09284549095971371,0.5132337492633683,117087.0,-0.12079976303317536,0.34615384615384615,0.06505633802816901,0.6153846153846154,1,1,3,0,0,0,1,0,0
228215,ZA5,KwaZulu-Natal,ZA5,KwaZulu-Natal,ZA525,Amajuba,ZA524,Umzinyathi,2020-06-29,2020-06-29,16,16,14,2958009.7958443565,803609.6172002656,132278,20200629,20200629,0.3311353387795859,0.6144200377537888,0.05444462346662529,0.48045773982507545,502731.0,0.3952311253914291,0.5454951881678106,0.05927368644076033,0.451447242842509,514461.0,-0.16864155251141552,0.25,-0.28225945945945946,0.07692307692307693,1,1,3,0,0,0,1,0,0
228216,ZA4,Free State,ZA2,Eastern Cape,ZA416,Xhariep,ZA214,Joe Gqabi,2020-06-29,2020-06-29,16,16,16,1030039.0870701836,498315.6862809074,76008,20200629,20200629,0.29515218562959183,0.6325513667867511,0.07229644758365718,0.5005153225730198,105759.0,0.3340471849013029,0.5799636495391386,0.08598916555955849,0.47733103958194023,339473.0,0.18671264367816093,0.7692307692307693,-0.1839776119402985,0.21153846153846154,1,1,3,0,0,0,1,0,0
228217,ZA2,Eastern Cape,ZA2,Eastern Cape,ZA210,Cacadu,ZA293,Nelson Mandela Bay,2020-06-29,2020-06-29,88,87,87,18632817.897457357,7189602.4407117935,816057,20200629,20200629,0.2618455236218228,0.6571170870354837,0.08103738934269357,0.4975242081945451,491156.0,0.2465186661259611,0.6842154879637478,0.0692658459102911,0.4877654529777138,1230491.0,-0.01848062015503876,0.5,0.5740514018691588,0.9423076923076923,1,1,3,0,0,0,1,0,0
228218,ZA5,KwaZulu-Natal,ZA5,KwaZulu-Natal,ZA595,eThekwini,ZA528,Uthungulu,2020-06-29,2020-06-29,18,18,18,5939945.494963743,2972884.3240553685,213726,20200629,20200629,0.2446364969883556,0.6990922562931536,0.05627124671849075,0.494610924976595,3587907.0,0.3398562749304085,0.6096443299200878,0.05049939514950375,0.4759701217345943,889476.0,0.5666580406654343,0.9230769230769231,-0.2202014106583072,0.15384615384615385,1,1,3,0,0,0,1,0,0
228219,ZA2,Eastern Cape,ZA2,Eastern Cape,ZA213,Chris Hani,ZA213,Chris Hani,2020-06-29,2020-06-30,63,63,63,3502137.6711818594,522350.1916530658,2563050,20200629,20200630,0.334940582305372,0.572656560540376,0.09240285715425203,0.478383232498069,752217.0,0.334940582305372,0.572656560540376,0.09240285715425203,0.478383232498069,752217.0,-0.29251697892271666,0.057692307692307696,-0.29251697892271666,0.057692307692307696,1,1,3,0,0,0,1,0,0
228220,ZA4,Free State,ZA6,North West,ZA418,Lejweleputswa,ZA640,Dr Kenneth Kaunda,2020-06-29,2020-06-30,1,1,1,485904.63463642594,62189.74214151804,37828,20200629,20200630,0.27941650281351393,0.6617931601395349,0.058790337046951115,0.500105365269169,574193.0,0.27505895171327793,0.6602340041700301,0.06470704411669191,0.5065976875287468,754431.0,0.29495049504950493,0.8653846153846154,-0.10069384057971015,0.38461538461538464,1,1,3,0,0,0,1,0,0
228221,ZA5,KwaZulu-Natal,ZA5,KwaZulu-Natal,ZA524,Umzinyathi,ZA524,Umzinyathi,2020-06-29,2020-06-29,483,226,151,20595005.637782674,3282767.052699604,2018852,20200629,20200629,0.3952311253914291,0.5454951881678106,0.05927368644076033,0.451447242842509,514461.0,0.3952311253914291,0.5454951881678106,0.05927368644076033,0.451447242842509,514461.0,-0.28225945945945946,0.07692307692307693,-0.28225945945945946,0.07692307692307693,1,1,3,0,0,0,1,0,0
228222,ZA7,Gauteng,ZA6,North West,ZA797,Ekurhuleni,ZA637,Bojanala,2020-06-29,2020-06-29,29,29,29,8763986.089086464,3247275.4239113643,369360,20200629,20200629,0.23296733680905687,0.7203157619169479,0.04671690127399521,0.5205474946472306,3739653.0,0.25082919250139085,0.6903465537718604,0.05882425372674875,0.5380589003726469,1786678.0,0.7435109289617486,0.9615384615384616,0.07430676328502415,0.6538461538461539,1,1,3,0,0,0,1,0,0
228223,ZA7,Gauteng,ZA7,Gauteng,ZA748,West Rand,ZA798,City of Johannesburg,2020-06-29,2020-06-30,35,35,35,2100094.811809484,761745.2108768437,1132827,20200629,20200630,0.23154887232085752,0.7207832829912092,0.047667844687933295,0.5288128906961219,856804.0,0.2220629170143196,0.7299897648810346,0.047947318104645836,0.5097433964893054,5540727.0,0.23715802469135805,0.8076923076923077,0.8818060606060606,1.0,1,1,3,0,0,0,1,0,0
228224,ZA6,North West,ZA7,Gauteng,ZA640,Dr Kenneth Kaunda,ZA799,City of Tshwane,2020-06-29,2020-06-29,5,5,5,2637404.824086084,946108.0033657092,67238,20200629,20200629,0.27505895171327793,0.6602340041700301,0.06470704411669191,0.5065976875287468,754431.0,0.22283079372412132,0.7204843127840075,0.056684893491871245,0.5057337597223363,3627986.0,-0.10069384057971015,0.38461538461538464,0.48224212034383956,0.9038461538461539,1,1,3,0,0,0,1,0,0
228225,ZA4,Free State,ZA4,Free State,ZA494,Mangaung,ZA494,Mangaung,2020-06-29,2020-06-29,5909,2646,1695,235675951.1860549,45106945.18535349,20134426,20200629,20200629,0.26262942751272955,0.6754982029249197,0.06187236956235082,0.4901411892511804,826621.0,0.26262942751272955,0.6754982029249197,0.06187236956235082,0.4901411892511804,826621.0,0.27329104477611943,0.8269230769230769,0.27329104477611943,0.8269230769230769,1,1,3,0,0,0,1,0,0
228226,ZA1,Western Cape,ZA1,Western Cape,ZA103,Overberg,ZA191,City of Cape Town,2020-06-29,2020-06-30,39,39,39,5061789.1871974,2414169.890316973,1064950,20200629,20200630,0.22836513904770692,0.6721314716747349,0.09950338927755827,0.511077351980676,303457.0,0.23849582985172932,0.697186217784503,0.06431795236376775,0.4976008771049945,4436413.0,0.051486772486772484,0.5961538461538461,0.7687640750670242,0.9807692307692307,1,1,3,0,0,0,1,0,0
228227,ZA1,Western Cape,ZA1,Western Cape,ZA191,City of Cape Town,ZA102,Cape Winelands,2020-06-29,2020-06-29,735,719,694,73319300.18778601,28623854.32462991,5350673,20200629,20200629,0.23849582985172932,0.697186217784503,0.06431795236376775,0.4976008771049945,4436413.0,0.24989252608235304,0.6902123420738123,0.059895131843834624,0.5011121214086944,909523.0,0.7687640750670242,0.9807692307692307,-0.012388831437435367,0.5192307692307693,1,1,3,0,0,0,1,0,0
228228,ZA4,Free State,ZA4,Free State,ZA494,Mangaung,ZA418,Lejweleputswa,2020-06-29,2020-06-29,54,52,52,15502657.107188648,6346990.911447119,511489,20200629,20200629,0.26262942751272955,0.6754982029249197,0.06187236956235082,0.4901411892511804,826621.0,0.27941650281351393,0.6617931601395349,0.058790337046951115,0.500105365269169,574193.0,0.27329104477611943,0.8269230769230769,0.29495049504950493,0.8653846153846154,1,1,3,0,0,0,1,0,0
228229,ZA2,Eastern Cape,ZA2,Eastern Cape,ZA215,O.R.Tambo,ZA214,Joe Gqabi,2020-06-29,2020-06-29,3,3,3,1282419.6066370802,474413.908547321,45805,20200629,20200629,0.38804558548824664,0.5482866433400703,0.06366777117168307,0.4623163104135049,1358678.0,0.3340471849013029,0.5799636495391386,0.08598916555955849,0.47733103958194023,339473.0,-0.23807536101083035,0.1346153846153846,-0.1839776119402985,0.21153846153846154,1,1,3,0,0,0,1,0,0
228230,ZA2,Eastern Cape,ZA7,Gauteng,ZA292,Buffalo City,ZA799,City of Tshwane,2020-06-29,2020-06-29,2,2,2,5012001.701678639,1778258.4897682755,106132,20200629,20200629,0.254980022080858,0.6758306608485358,0.06918931707060617,0.48177934914042375,760840.0,0.22283079372412132,0.7204843127840075,0.056684893491871245,0.5057337597223363,3627986.0,0.09585175879396986,0.6923076923076923,0.48224212034383956,0.9038461538461539,1,1,3,0,0,0,1,0,0
228231,ZA7,Gauteng,ZA3,Nothern Cape,ZA742,Sedibeng,ZA345,John Taolo Gaetsewe,2020-06-29,2020-06-30,1,1,1,660773.5865440423,619200.0403623644,44999,20200629,20200630,0.24393339879416723,0.6953819961266214,0.06068460507921129,0.5059130831550246,994997.0,0.31986957060536586,0.628082594956317,0.05204783443831712,0.4959027820806741,258224.0,0.2808379746835443,0.8461538461538461,-0.13480926430517712,0.3076923076923077,1,1,3,0,0,0,1,0,0
228232,ZA2,Eastern Cape,ZA2,Eastern Cape,ZA215,O.R.Tambo,ZA292,Buffalo City,2020-06-29,2020-06-29,10,10,9,4040829.084807768,2115185.647481792,111920,20200629,20200629,0.38804558548824664,0.5482866433400703,0.06366777117168307,0.4623163104135049,1358678.0,0.254980022080858,0.6758306608485358,0.06918931707060617,0.48177934914042375,760840.0,-0.23807536101083035,0.1346153846153846,0.09585175879396986,0.6923076923076923,1,1,3,0,0,0,1,0,0
228233,ZA5,KwaZulu-Natal,ZA5,KwaZulu-Natal,ZA595,eThekwini,ZA522,Umgungundlovu,2020-06-29,2020-06-30,24,24,24,3305809.789465016,1405674.7444901597,555519,20200629,20200630,0.2446364969883556,0.6990922562931536,0.05627124671849075,0.494610924976595,3587907.0,0.2748377359932372,0.663873035280183,0.06128922872657978,0.48236181888519014,1046905.0,0.5666580406654343,0.9230769230769231,0.0061256544502617805,0.5769230769230769,1,1,3,0,0,0,1,0,0
228234,ZA1,Western Cape,ZA1,Western Cape,ZA104,Eden,ZA104,Eden,2020-06-29,2020-06-29,6321,2870,1747,280502994.2888297,66690772.631483495,22969687,20200629,20200629,0.24710205256745305,0.6628052101466374,0.09009273728590954,0.4993180863678119,673839.0,0.24710205256745305,0.6628052101466374,0.09009273728590954,0.4993180863678119,673839.0,0.0004522691705790296,0.5384615384615384,0.0004522691705790296,0.5384615384615384,1,1,3,0,0,0,1,0,0
228235,ZA6,North West,ZA6,North West,ZA637,Bojanala,ZA637,Bojanala,2020-06-29,2020-06-30,315,315,315,7277721.861527109,1849037.974233755,10526358,20200629,20200630,0.25082919250139085,0.6903465537718604,0.05882425372674875,0.5380589003726469,1786678.0,0.25082919250139085,0.6903465537718604,0.05882425372674875,0.5380589003726469,1786678.0,0.07430676328502415,0.6538461538461539,0.07430676328502415,0.6538461538461539,1,1,3,0,0,0,1,0,0
228236,ZA1,Western Cape,ZA2,Eastern Cape,ZA105,Central Karoo,ZA214,Joe Gqabi,2020-06-29,2020-06-29,1,1,1,2890041.6070450605,476600.9975031346,28867,20200629,20200629,0.29415328297801036,0.633639246216906,0.07220747080508365,0.4979247763656518,77582.0,0.3340471849013029,0.5799636495391386,0.08598916555955849,0.47733103958194023,339473.0,-0.12604477611940298,0.3269230769230769,-0.1839776119402985,0.21153846153846154,1,1,3,0,0,0,1,0,0
228237,ZA2,Eastern Cape,ZA2,Eastern Cape,ZA214,Joe Gqabi,ZA292,Buffalo City,2020-06-29,2020-06-29,3,3,3,2727278.96656768,894921.6807305897,26495,20200629,20200629,0.3340471849013029,0.5799636495391386,0.08598916555955849,0.47733103958194023,339473.0,0.254980022080858,0.6758306608485358,0.06918931707060617,0.48177934914042375,760840.0,-0.1839776119402985,0.21153846153846154,0.09585175879396986,0.6923076923076923,1,1,3,0,0,0,1,0,0
228238,ZA7,Gauteng,ZA7,Gauteng,ZA748,West Rand,ZA748,West Rand,2020-06-29,2020-06-30,280,280,280,3164716.7460830915,1129648.0934160622,8295401,20200629,20200630,0.23154887232085752,0.7207832829912092,0.047667844687933295,0.5288128906961219,856804.0,0.23154887232085752,0.7207832829912092,0.047667844687933295,0.5288128906961219,856804.0,0.23715802469135805,0.8076923076923077,0.23715802469135805,0.8076923076923077,1,1,3,0,0,0,1,0,0
228239,ZA2,Eastern Cape,ZA2,Eastern Cape,ZA292,Buffalo City,ZA213,Chris Hani,2020-06-29,2020-06-29,4,4,4,1458061.4409821092,893783.8654180206,77804,20200629,20200629,0.254980022080858,0.6758306608485358,0.06918931707060617,0.48177934914042375,760840.0,0.334940582305372,0.572656560540376,0.09240285715425203,0.478383232498069,752217.0,0.09585175879396986,0.6923076923076923,-0.29251697892271666,0.057692307692307696,1,1,3,0,0,0,1,0,0
228240,ZA7,Gauteng,ZA9,Limpopo,ZA799,City of Tshwane,ZA947,Sekhukhune,2020-06-29,2020-06-29,9,9,9,3329156.2507174425,1604292.843694368,118591,20200629,20200629,0.22283079372412132,0.7204843127840075,0.056684893491871245,0.5057337597223363,3627986.0,0.3536917516859454,0.5707075150199985,0.07560073329405607,0.46486328935523974,1125333.0,0.48224212034383956,0.9038461538461539,-0.06015677966101695,0.4423076923076923,1,1,3,0,0,0,1,0,0
228241,ZA2,Eastern Cape,ZA2,Eastern Cape,ZA293,Nelson Mandela Bay,ZA293,Nelson Mandela Bay,2020-06-29,2020-06-30,454,454,454,12022375.69635572,2622776.103983541,16066442,20200629,20200630,0.2465186661259611,0.6842154879637478,0.0692658459102911,0.4877654529777138,1230491.0,0.2465186661259611,0.6842154879637478,0.0692658459102911,0.4877654529777138,1230491.0,0.5740514018691588,0.9423076923076923,0.5740514018691588,0.9423076923076923,1,1,3,0,0,0,1,0,0
228242,ZA1,Western Cape,ZA1,Western Cape,ZA105,Central Karoo,ZA105,Central Karoo,2020-06-29,2020-06-29,182,89,55,12383518.082123596,1705669.860833275,734265,20200629,20200629,0.29415328297801036,0.633639246216906,0.07220747080508365,0.4979247763656518,77582.0,0.29415328297801036,0.633639246216906,0.07220747080508365,0.4979247763656518,77582.0,-0.12604477611940298,0.3269230769230769,-0.12604477611940298,0.3269230769230769,1,1,3,0,0,0,1,0,0
228243,ZA4,Free State,ZA4,Free State,ZA494,Mangaung,ZA419,Thabo Mofutsanyane,2020-06-29,2020-06-29,17,17,17,7345859.673763296,2860781.609092229,204046,20200629,20200629,0.26262942751272955,0.6754982029249197,0.06187236956235082,0.4901411892511804,826621.0,0.31143326559338835,0.6251823622683981,0.06338437213821363,0.47028720831466336,662829.0,0.27329104477611943,0.8269230769230769,0.10770218579234972,0.7115384615384616,1,1,3,0,0,0,1,0,0
228244,ZA6,North West,ZA6,North West,ZA640,Dr Kenneth Kaunda,ZA640,Dr Kenneth Kaunda,2020-06-29,2020-06-30,244,244,244,6073068.043783175,1343329.2231656644,7682241,20200629,20200630,0.27505895171327793,0.6602340041700301,0.06470704411669191,0.5065976875287468,754431.0,0.27505895171327793,0.6602340041700301,0.06470704411669191,0.5065976875287468,754431.0,-0.10069384057971015,0.38461538461538464,-0.10069384057971015,0.38461538461538464,1,1,3,0,0,0,1,0,0
228245,ZA7,Gauteng,ZA7,Gauteng,ZA742,Sedibeng,ZA797,Ekurhuleni,2020-06-29,2020-06-29,389,381,358,44144367.771336,16063269.945689814,2300727,20200629,20200629,0.24393339879416723,0.6953819961266214,0.06068460507921129,0.5059130831550246,994997.0,0.23296733680905687,0.7203157619169479,0.04671690127399521,0.5205474946472306,3739653.0,0.2808379746835443,0.8461538461538461,0.7435109289617486,0.9615384615384616,1,1,3,0,0,0,1,0,0
228246,ZA8,Mpumalanga,ZA9,Limpopo,ZA832,Ehlanzeni,ZA933,Mopani,2020-06-29,2020-06-29,40,38,38,7857283.118070267,3276183.07306061,432964,20200629,20200629,0.32438893780700045,0.6235217992770762,0.05208926291592337,0.47979089412028486,1837538.0,0.3329418650827259,0.6026296126910996,0.06442852222617454,0.46142626187343905,1062666.0,0.1315940928270042,0.7307692307692307,-0.037928345626975765,0.4807692307692308,1,1,3,0,0,0,1,0,0
228247,ZA4,Free State,ZA4,Free State,ZA416,Xhariep,ZA494,Mangaung,2020-06-29,2020-06-29,17,17,17,3639279.157793128,1429449.052959237,142282,20200629,20200629,0.29515218562959183,0.6325513667867511,0.07229644758365718,0.5005153225730198,105759.0,0.26262942751272955,0.6754982029249197,0.06187236956235082,0.4901411892511804,826621.0,0.18671264367816093,0.7692307692307693,0.27329104477611943,0.8269230769230769,1,1,3,0,0,0,1,0,0
228248,ZA2,Eastern Cape,ZA1,Western Cape,ZA210,Cacadu,ZA191,City of Cape Town,2020-06-29,2020-06-29,9,9,9,10449944.404808898,6010491.610001753,285198,20200629,20200629,0.2618455236218228,0.6571170870354837,0.08103738934269357,0.4975242081945451,491156.0,0.23849582985172932,0.697186217784503,0.06431795236376775,0.4976008771049945,4436413.0,-0.01848062015503876,0.5,0.7687640750670242,0.9807692307692307,1,1,3,0,0,0,1,0,0
228249,ZA6,North West,ZA6,North West,ZA640,Dr Kenneth Kaunda,ZA637,Bojanala,2020-06-29,2020-06-29,6,6,6,1513400.730917093,765668.0990930038,70452,20200629,20200629,0.27505895171327793,0.6602340041700301,0.06470704411669191,0.5065976875287468,754431.0,0.25082919250139085,0.6903465537718604,0.05882425372674875,0.5380589003726469,1786678.0,-0.10069384057971015,0.38461538461538464,0.07430676328502415,0.6538461538461539,1,1,3,0,0,0,1,0,0
228250,ZA8,Mpumalanga,ZA1,Western Cape,ZA832,Ehlanzeni,ZA191,City of Cape Town,2020-06-29,2020-06-29,1,1,1,1703081.7827630376,1644565.1217314012,41027,20200629,20200629,0.32438893780700045,0.6235217992770762,0.05208926291592337,0.47979089412028486,1837538.0,0.23849582985172932,0.697186217784503,0.06431795236376775,0.4976008771049945,4436413.0,0.1315940928270042,0.7307692307692307,0.7687640750670242,0.9807692307692307,1,1,3,0,0,0,1,0,0
228251,ZA2,Eastern Cape,ZA2,Eastern Cape,ZA212,Amathole,ZA213,Chris Hani,2020-06-29,2020-06-29,5,5,5,3831446.301209741,479259.3307719551,78347,20200629,20200629,0.32816698449842097,0.5696178168124134,0.1022151986891656,0.47434426623917664,789726.0,0.334940582305372,0.572656560540376,0.09240285715425203,0.478383232498069,752217.0,-0.3192883211678832,0.019230769230769232,-0.29251697892271666,0.057692307692307696,1,1,3,0,0,0,1,0,0
228252,ZA6,North West,ZA6,North West,ZA639,Dr Ruth Segomotsi Mompati,ZA639,Dr Ruth Segomotsi Mompati,2020-06-29,2020-06-30,43,43,43,1611357.351726539,511437.9780851625,1297690,20200629,20200630,0.3412335579082451,0.5850872971649528,0.07367914492680208,0.4911837461796937,473784.0,0.3412335579082451,0.5850872971649528,0.07367914492680208,0.4911837461796937,473784.0,-0.16626678765880218,0.2692307692307692,-0.16626678765880218,0.2692307692307692,1,1,3,0,0,0,1,0,0
228253,ZA7,Gauteng,ZA7,Gauteng,ZA799,City of Tshwane,ZA798,City of Johannesburg,2020-06-29,2020-06-29,1315,1292,1275,154513232.11864486,57559168.730574615,9585446,20200629,20200629,0.22283079372412132,0.7204843127840075,0.056684893491871245,0.5057337597223363,3627986.0,0.2220629170143196,0.7299897648810346,0.047947318104645836,0.5097433964893054,5540727.0,0.48224212034383956,0.9038461538461539,0.8818060606060606,1.0,1,1,3,0,0,0,1,0,0
228254,ZA2,Eastern Cape,ZA2,Eastern Cape,ZA210,Cacadu,ZA293,Nelson Mandela Bay,2020-06-29,2020-06-30,15,15,15,1972680.465654394,950473.1902004596,367886,20200629,20200630,0.2618455236218228,0.6571170870354837,0.08103738934269357,0.4975242081945451,491156.0,0.2465186661259611,0.6842154879637478,0.0692658459102911,0.4877654529777138,1230491.0,-0.01848062015503876,0.5,0.5740514018691588,0.9423076923076923,1,1,3,0,0,0,1,0,0
228255,ZA2,Eastern Cape,ZA2,Eastern Cape,ZA293,Nelson Mandela Bay,ZA210,Cacadu,2020-06-29,2020-06-29,101,100,100,20216707.59479628,7760541.502976485,1114739,20200629,20200629,0.2465186661259611,0.6842154879637478,0.0692658459102911,0.4877654529777138,1230491.0,0.2618455236218228,0.6571170870354837,0.08103738934269357,0.4975242081945451,491156.0,0.5740514018691588,0.9423076923076923,-0.01848062015503876,0.5,1,1,3,0,0,0,1,0,0
228256,ZA7,Gauteng,ZA8,Mpumalanga,ZA799,City of Tshwane,ZA831,Nkangala,2020-06-29,2020-06-29,127,125,125,31477313.74817955,11409147.540422276,1277774,20200629,20200629,0.22283079372412132,0.7204843127840075,0.056684893491871245,0.5057337597223363,3627986.0,0.27290691475673784,0.6711806877078121,0.055912397535449986,0.5109201270525474,1573837.0,0.48224212034383956,0.9038461538461539,0.07867808219178082,0.6730769230769231,1,1,3,0,0,0,1,0,0
228257,ZA5,KwaZulu-Natal,ZA7,Gauteng,ZA522,Umgungundlovu,ZA742,Sedibeng,2020-06-29,2020-06-29,1,1,1,874940.9779799592,446793.48973118886,25223,20200629,20200629,0.2748377359932372,0.663873035280183,0.06128922872657978,0.48236181888519014,1046905.0,0.24393339879416723,0.6953819961266214,0.06068460507921129,0.5059130831550246,994997.0,0.0061256544502617805,0.5769230769230769,0.2808379746835443,0.8461538461538461,1,1,3,0,0,0,1,0,0
228258,ZA2,Eastern Cape,ZA2,Eastern Cape,ZA292,Buffalo City,ZA292,Buffalo City,2020-06-29,2020-06-30,225,225,225,5420490.641947374,1034630.6267565571,8052242,20200629,20200630,0.254980022080858,0.6758306608485358,0.06918931707060617,0.48177934914042375,760840.0,0.254980022080858,0.6758306608485358,0.06918931707060617,0.48177934914042375,760840.0,0.09585175879396986,0.6923076923076923,0.09585175879396986,0.6923076923076923,1,1,3,0,0,0,1,0,0
228259,ZA7,Gauteng,ZA7,Gauteng,ZA798,City of Johannesburg,ZA748,West Rand,2020-06-29,2020-06-29,978,948,900,74973910.93578288,24148937.67248773,5175038,20200629,20200629,0.2220629170143196,0.7299897648810346,0.047947318104645836,0.5097433964893054,5540727.0,0.23154887232085752,0.7207832829912092,0.047667844687933295,0.5288128906961219,856804.0,0.8818060606060606,1.0,0.23715802469135805,0.8076923076923077,1,1,3,0,0,0,1,0,0
228260,ZA7,Gauteng,ZA4,Free State,ZA799,City of Tshwane,ZA418,Lejweleputswa,2020-06-29,2020-06-29,4,4,4,3133718.5180935026,1329319.7835095937,77462,20200629,20200629,0.22283079372412132,0.7204843127840075,0.056684893491871245,0.5057337597223363,3627986.0,0.27941650281351393,0.6617931601395349,0.058790337046951115,0.500105365269169,574193.0,0.48224212034383956,0.9038461538461539,0.29495049504950493,0.8653846153846154,1,1,3,0,0,0,1,0,0
228261,ZA9,Limpopo,ZA9,Limpopo,ZA935,Capricorn,ZA936,Waterberg,2020-06-29,2020-06-29,47,47,46,8990683.178002417,4077777.578017231,381850,20200629,20200629,0.3265897738288558,0.6007690312860821,0.07264119488506209,0.472231826966417,1295656.0,0.2870915348782833,0.6477210572390478,0.06518740788266879,0.5138960603357211,718513.0,0.07397387387387387,0.6346153846153846,0.00236898395721925,0.5576923076923077,1,1,3,0,0,0,1,0,0
228262,ZA5,KwaZulu-Natal,ZA5,KwaZulu-Natal,ZA526,Zululand,ZA528,Uthungulu,2020-06-29,2020-06-29,3,3,3,810924.0482496701,319200.0805367215,47699,20200629,20200629,0.392497537624586,0.5542130860581069,0.053289376317307055,0.4651401640222711,783796.0,0.3398562749304085,0.6096443299200878,0.05049939514950375,0.4759701217345943,889476.0,-0.2762355212355212,0.09615384615384616,-0.2202014106583072,0.15384615384615385,1,1,3,0,0,0,1,0,0
228263,ZA6,North West,ZA7,Gauteng,ZA637,Bojanala,ZA798,City of Johannesburg,2020-06-29,2020-06-29,85,85,82,14234920.210654182,5839342.882001062,783171,20200629,20200629,0.25082919250139085,0.6903465537718604,0.05882425372674875,0.5380589003726469,1786678.0,0.2220629170143196,0.7299897648810346,0.047947318104645836,0.5097433964893054,5540727.0,0.07430676328502415,0.6538461538461539,0.8818060606060606,1.0,1,1,3,0,0,0,1,0,0
228264,ZA7,Gauteng,ZA7,Gauteng,ZA748,West Rand,ZA742,Sedibeng,2020-06-29,2020-06-30,2,2,2,269756.0383603481,123985.70959290888,59471,20200629,20200630,0.23154887232085752,0.7207832829912092,0.047667844687933295,0.5288128906961219,856804.0,0.24393339879416723,0.6953819961266214,0.06068460507921129,0.5059130831550246,994997.0,0.23715802469135805,0.8076923076923077,0.2808379746835443,0.8461538461538461,1,1,3,0,0,0,1,0,0
228265,ZA6,North West,ZA6,North West,ZA640,Dr Kenneth Kaunda,ZA638,Ngaka Modiri Molema,2020-06-29,2020-06-29,19,19,19,5549769.024715817,2428103.914628193,181735,20200629,20200629,0.27505895171327793,0.6602340041700301,0.06470704411669191,0.5065976875287468,754431.0,0.3236353449196357,0.6078801705223251,0.06848448455803925,0.4964769205863341,870971.0,-0.10069384057971015,0.38461538461538464,-0.18344824707846413,0.23076923076923078,1,1,3,0,0,0,1,0,0
228266,ZA9,Limpopo,ZA9,Limpopo,ZA934,Vhembe,ZA934,Vhembe,2020-06-29,2020-06-29,1796,758,464,107240935.01088056,23721367.350602165,7535873,20200629,20200629,0.3433867460978093,0.5887604530714541,0.06785280083073665,0.4597374214109392,1325089.0,0.3433867460978093,0.5887604530714541,0.06785280083073665,0.4597374214109392,1325089.0,-0.0767829596412556,0.4230769230769231,-0.0767829596412556,0.4230769230769231,1,1,3,0,0,0,1,0,0
228267,ZA7,Gauteng,ZA7,Gauteng,ZA799,City of Tshwane,ZA748,West Rand,2020-06-29,2020-06-29,85,85,84,13289795.609027509,5716664.827906887,721401,20200629,20200629,0.22283079372412132,0.7204843127840075,0.056684893491871245,0.5057337597223363,3627986.0,0.23154887232085752,0.7207832829912092,0.047667844687933295,0.5288128906961219,856804.0,0.48224212034383956,0.9038461538461539,0.23715802469135805,0.8076923076923077,1,1,3,0,0,0,1,0,0
228268,ZA2,Eastern Cape,ZA2,Eastern Cape,ZA215,O.R.Tambo,ZA215,O.R.Tambo,2020-06-29,2020-06-30,59,59,59,2950968.701259016,484760.3308505557,2444965,20200629,20200630,0.38804558548824664,0.5482866433400703,0.06366777117168307,0.4623163104135049,1358678.0,0.38804558548824664,0.5482866433400703,0.06366777117168307,0.4623163104135049,1358678.0,-0.23807536101083035,0.1346153846153846,-0.23807536101083035,0.1346153846153846,1,1,3,0,0,0,1,0,0
228269,ZA5,KwaZulu-Natal,ZA5,KwaZulu-Natal,ZA527,Umkhanyakude,ZA529,iLembe,2020-06-29,2020-06-29,2,2,2,899389.5358982298,437827.4877448818,18093,20200629,20200629,0.40017378652548197,0.5489306999026919,0.05089551357182606,0.4622270789873748,643318.0,0.32390440311621094,0.6202867780885334,0.05580881879525565,0.4827645772056803,636799.0,-0.31784377542717657,0.038461538461538464,-0.14951617873651774,0.28846153846153844,1,1,3,0,0,0,1,0,0
228270,ZA6,North West,ZA4,Free State,ZA640,Dr Kenneth Kaunda,ZA419,Thabo Mofutsanyane,2020-06-29,2020-06-29,3,3,3,1632470.0676052938,786817.5955127085,59837,20200629,20200629,0.27505895171327793,0.6602340041700301,0.06470704411669191,0.5065976875287468,754431.0,0.31143326559338835,0.6251823622683981,0.06338437213821363,0.47028720831466336,662829.0,-0.10069384057971015,0.38461538461538464,0.10770218579234972,0.7115384615384616,1,1,3,0,0,0,1,0,0
228271,ZA8,Mpumalanga,ZA4,Free State,ZA831,Nkangala,ZA420,Fezile Dabi,2020-06-29,2020-06-29,1,1,1,1005985.094349788,427972.442851746,25051,20200629,20200629,0.27290691475673784,0.6711806877078121,0.055912397535449986,0.5109201270525474,1573837.0,0.2705098118551487,0.6604572122193,0.06903297592555128,0.5050070807202104,494300.0,0.07867808219178082,0.6730769230769231,0.2276555023923445,0.7884615384615384,1,1,3,0,0,0,1,0,0
228272,ZA5,KwaZulu-Natal,ZA5,KwaZulu-Natal,ZA527,Umkhanyakude,ZA527,Umkhanyakude,2020-06-29,2020-06-29,297,128,98,21851178.795467436,2630364.76393423,1376090,20200629,20200629,0.40017378652548197,0.5489306999026919,0.05089551357182606,0.4622270789873748,643318.0,0.40017378652548197,0.5489306999026919,0.05089551357182606,0.4622270789873748,643318.0,-0.31784377542717657,0.038461538461538464,-0.31784377542717657,0.038461538461538464,1,1,3,0,0,0,1,0,0
228273,ZA3,Nothern Cape,ZA1,Western Cape,ZA307,Pixley ka Seme,ZA103,Overberg,2020-06-29,2020-06-29,1,1,1,1729214.641359693,853144.7838317169,32429,20200629,20200629,0.3060749448635213,0.6232332132979509,0.0706918418385278,0.5011842246002923,196331.0,0.22836513904770692,0.6721314716747349,0.09950338927755827,0.511077351980676,303457.0,0.1854655172413793,0.75,0.051486772486772484,0.5961538461538461,1,1,3,0,0,0,1,0,0
228274,ZA9,Limpopo,ZA9,Limpopo,ZA935,Capricorn,ZA947,Sekhukhune,2020-06-29,2020-06-29,11,11,11,2473275.8764117127,1312447.8388304142,127482,20200629,20200629,0.3265897738288558,0.6007690312860821,0.07264119488506209,0.472231826966417,1295656.0,0.3536917516859454,0.5707075150199985,0.07560073329405607,0.46486328935523974,1125333.0,0.07397387387387387,0.6346153846153846,-0.06015677966101695,0.4423076923076923,1,1,3,0,0,0,1,0,0
228275,ZA1,Western Cape,ZA1,Western Cape,ZA191,City of Cape Town,ZA101,West Coast,2020-06-29,2020-06-29,123,123,123,27813417.48261062,11578146.800233724,1312697,20200629,20200629,0.23849582985172932,0.697186217784503,0.06431795236376775,0.4976008771049945,4436413.0,0.24466466325617858,0.6852166396976793,0.0701186970461421,0.5060695297345649,497485.0,0.7687640750670242,0.9807692307692307,-0.12079976303317536,0.34615384615384615,1,1,3,0,0,0,1,0,0
228276,ZA1,Western Cape,ZA1,Western Cape,ZA101,West Coast,ZA101,West Coast,2020-06-29,2020-06-30,139,139,139,2053142.242034462,845339.4834955899,5348577,20200629,20200630,0.24466466325617858,0.6852166396976793,0.0701186970461421,0.5060695297345649,497485.0,0.24466466325617858,0.6852166396976793,0.0701186970461421,0.5060695297345649,497485.0,-0.12079976303317536,0.34615384615384615,-0.12079976303317536,0.34615384615384615,1,1,3,0,0,0,1,0,0
228277,ZA6,North West,ZA7,Gauteng,ZA640,Dr Kenneth Kaunda,ZA742,Sedibeng,2020-06-29,2020-06-29,15,15,15,3674055.9495995664,1413887.3478468263,91796,20200629,20200629,0.27505895171327793,0.6602340041700301,0.06470704411669191,0.5065976875287468,754431.0,0.24393339879416723,0.6953819961266214,0.06068460507921129,0.5059130831550246,994997.0,-0.10069384057971015,0.38461538461538464,0.2808379746835443,0.8461538461538461,1,1,3,0,0,0,1,0,0
228278,ZA7,Gauteng,ZA7,Gauteng,ZA799,City of Tshwane,ZA748,West Rand,2020-06-29,2020-06-30,10,10,10,1259828.3489616276,579727.760933839,223275,20200629,20200630,0.22283079372412132,0.7204843127840075,0.056684893491871245,0.5057337597223363,3627986.0,0.23154887232085752,0.7207832829912092,0.047667844687933295,0.5288128906961219,856804.0,0.48224212034383956,0.9038461538461539,0.23715802469135805,0.8076923076923077,1,1,3,0,0,0,1,0,0
228279,ZA5,KwaZulu-Natal,ZA5,KwaZulu-Natal,ZA528,Uthungulu,ZA528,Uthungulu,2020-06-29,2020-06-30,120,120,120,2989126.4190187934,666058.4693305481,4534521,20200629,20200630,0.3398562749304085,0.6096443299200878,0.05049939514950375,0.4759701217345943,889476.0,0.3398562749304085,0.6096443299200878,0.05049939514950375,0.4759701217345943,889476.0,-0.2202014106583072,0.15384615384615385,-0.2202014106583072,0.15384615384615385,1,1,3,0,0,0,1,0,0
228280,ZA6,North West,ZA7,Gauteng,ZA640,Dr Kenneth Kaunda,ZA798,City of Johannesburg,2020-06-29,2020-06-29,14,14,14,4203732.420938091,1995443.7424191087,120664,20200629,20200629,0.27505895171327793,0.6602340041700301,0.06470704411669191,0.5065976875287468,754431.0,0.2220629170143196,0.7299897648810346,0.047947318104645836,0.5097433964893054,5540727.0,-0.10069384057971015,0.38461538461538464,0.8818060606060606,1.0,1,1,3,0,0,0,1,0,0
228281,ZA7,Gauteng,ZA7,Gauteng,ZA748,West Rand,ZA797,Ekurhuleni,2020-06-29,2020-06-29,81,81,81,13963314.399645962,5673985.305633866,758878,20200629,20200629,0.23154887232085752,0.7207832829912092,0.047667844687933295,0.5288128906961219,856804.0,0.23296733680905687,0.7203157619169479,0.04671690127399521,0.5205474946472306,3739653.0,0.23715802469135805,0.8076923076923077,0.7435109289617486,0.9615384615384616,1,1,3,0,0,0,1,0,0
228282,ZA1,Western Cape,ZA1,Western Cape,ZA101,West Coast,ZA191,City of Cape Town,2020-06-29,2020-06-29,127,127,127,29613969.029807243,11645873.147935554,1405863,20200629,20200629,0.24466466325617858,0.6852166396976793,0.0701186970461421,0.5060695297345649,497485.0,0.23849582985172932,0.697186217784503,0.06431795236376775,0.4976008771049945,4436413.0,-0.12079976303317536,0.34615384615384615,0.7687640750670242,0.9807692307692307,1,1,3,0,0,0,1,0,0
228283,ZA7,Gauteng,ZA4,Free State,ZA797,Ekurhuleni,ZA420,Fezile Dabi,2020-06-29,2020-06-29,26,26,26,6132167.450773922,2736559.6797312237,258182,20200629,20200629,0.23296733680905687,0.7203157619169479,0.04671690127399521,0.5205474946472306,3739653.0,0.2705098118551487,0.6604572122193,0.06903297592555128,0.5050070807202104,494300.0,0.7435109289617486,0.9615384615384616,0.2276555023923445,0.7884615384615384,1,1,3,0,0,0,1,0,0
228284,ZA5,KwaZulu-Natal,ZA5,KwaZulu-Natal,ZA543,Sisonke,ZA522,Umgungundlovu,2020-06-29,2020-06-29,20,19,18,7626992.094113606,1587108.7052269634,236873,20200629,20200629,0.37293146983899067,0.5707096800166399,0.05635885014436937,0.4671305273563743,447117.0,0.2748377359932372,0.663873035280183,0.06128922872657978,0.48236181888519014,1046905.0,-0.2112274881516588,0.17307692307692307,0.0061256544502617805,0.5769230769230769,1,1,3,0,0,0,1,0,0
228285,ZA3,Nothern Cape,ZA3,Nothern Cape,ZA309,Frances Baard,ZA309,Frances Baard,2020-06-29,2020-06-30,119,119,119,5053925.471957336,737397.9294164429,4515316,20200629,20200630,0.2860169290028057,0.6497360787483951,0.06424699224879928,0.49189928194398214,420580.0,0.2860169290028057,0.6497360787483951,0.06424699224879928,0.49189928194398214,420580.0,0.29907801418439717,0.8846153846153846,0.29907801418439717,0.8846153846153846,1,1,3,0,0,0,1,0,0
228286,ZA6,North West,ZA7,Gauteng,ZA637,Bojanala,ZA748,West Rand,2020-06-29,2020-06-30,1,1,1,236117.79852372143,71242.8163025987,21979,20200629,20200630,0.25082919250139085,0.6903465537718604,0.05882425372674875,0.5380589003726469,1786678.0,0.23154887232085752,0.7207832829912092,0.047667844687933295,0.5288128906961219,856804.0,0.07430676328502415,0.6538461538461539,0.23715802469135805,0.8076923076923077,1,1,3,0,0,0,1,0,0
228287,ZA7,Gauteng,ZA7,Gauteng,ZA742,Sedibeng,ZA799,City of Tshwane,2020-06-29,2020-06-29,39,39,39,8988776.364535749,4062342.811125399,541877,20200629,20200629,0.24393339879416723,0.6953819961266214,0.06068460507921129,0.5059130831550246,994997.0,0.22283079372412132,0.7204843127840075,0.056684893491871245,0.5057337597223363,3627986.0,0.2808379746835443,0.8461538461538461,0.48224212034383956,0.9038461538461539,1,1,3,0,0,0,1,0,0
228288,ZA6,North West,ZA7,Gauteng,ZA637,Bojanala,ZA798,City of Johannesburg,2020-06-29,2020-06-30,11,11,11,1598244.5792282051,626813.1498816861,281574,20200629,20200630,0.25082919250139085,0.6903465537718604,0.05882425372674875,0.5380589003726469,1786678.0,0.2220629170143196,0.7299897648810346,0.047947318104645836,0.5097433964893054,5540727.0,0.07430676328502415,0.6538461538461539,0.8818060606060606,1.0,1,1,3,0,0,0,1,0,0
228289,ZA5,KwaZulu-Natal,ZA5,KwaZulu-Natal,ZA522,Umgungundlovu,ZA522,Umgungundlovu,2020-06-29,2020-06-29,4445,2070,1334,180038986.0205948,39603748.90753458,17179763,20200629,20200629,0.2748377359932372,0.663873035280183,0.06128922872657978,0.48236181888519014,1046905.0,0.2748377359932372,0.663873035280183,0.06128922872657978,0.48236181888519014,1046905.0,0.0061256544502617805,0.5769230769230769,0.0061256544502617805,0.5769230769230769,1,1,3,0,0,0,1,0,0
228290,ZA5,KwaZulu-Natal,ZA5,KwaZulu-Natal,ZA529,iLembe,ZA595,eThekwini,2020-06-29,2020-06-29,232,232,227,28510853.55517218,10143149.78339737,1688576,20200629,20200629,0.32390440311621094,0.6202867780885334,0.05580881879525565,0.4827645772056803,636799.0,0.2446364969883556,0.6990922562931536,0.05627124671849075,0.494610924976595,3587907.0,-0.14951617873651774,0.28846153846153844,0.5666580406654343,0.9230769230769231,1,1,3,0,0,0,1,0,0
228291,ZA6,North West,ZA7,Gauteng,ZA639,Dr Ruth Segomotsi Mompati,ZA799,City of Tshwane,2020-06-29,2020-06-29,4,4,4,2775250.3572776406,1531507.30777539,88080,20200629,20200629,0.3412335579082451,0.5850872971649528,0.07367914492680208,0.4911837461796937,473784.0,0.22283079372412132,0.7204843127840075,0.056684893491871245,0.5057337597223363,3627986.0,-0.16626678765880218,0.2692307692307692,0.48224212034383956,0.9038461538461539,1,1,3,0,0,0,1,0,0
228292,ZA7,Gauteng,ZA7,Gauteng,ZA799,City of Tshwane,ZA799,City of Tshwane,2020-06-29,2020-06-30,1881,1881,1881,35642140.423488714,13018559.609639322,59210890,20200629,20200630,0.22283079372412132,0.7204843127840075,0.056684893491871245,0.5057337597223363,3627986.0,0.22283079372412132,0.7204843127840075,0.056684893491871245,0.5057337597223363,3627986.0,0.48224212034383956,0.9038461538461539,0.48224212034383956,0.9038461538461539,1,1,3,0,0,0,1,0,0
228293,ZA2,Eastern Cape,ZA2,Eastern Cape,ZA212,Amathole,ZA212,Amathole,2020-06-29,2020-06-30,41,41,41,2610940.085362208,205962.23096939336,1524124,20200629,20200630,0.32816698449842097,0.5696178168124134,0.1022151986891656,0.47434426623917664,789726.0,0.32816698449842097,0.5696178168124134,0.1022151986891656,0.47434426623917664,789726.0,-0.3192883211678832,0.019230769230769232,-0.3192883211678832,0.019230769230769232,1,1,3,0,0,0,1,0,0
228294,ZA3,Nothern Cape,ZA1,Western Cape,ZA307,Pixley ka Seme,ZA101,West Coast,2020-06-29,2020-06-29,1,1,1,902392.7572163448,448419.9355030399,55731,20200629,20200629,0.3060749448635213,0.6232332132979509,0.0706918418385278,0.5011842246002923,196331.0,0.24466466325617858,0.6852166396976793,0.0701186970461421,0.5060695297345649,497485.0,0.1854655172413793,0.75,-0.12079976303317536,0.34615384615384615,1,1,3,0,0,0,1,0,0
228295,ZA8,Mpumalanga,ZA8,Mpumalanga,ZA831,Nkangala,ZA830,Gert Sibande,2020-06-29,2020-06-29,94,94,93,17439885.636095762,6347457.654083418,859461,20200629,20200629,0.27290691475673784,0.6711806877078121,0.055912397535449986,0.5109201270525474,1573837.0,0.30688245639051287,0.6412288994160756,0.05188864419341153,0.49968312815881616,1136106.0,0.07867808219178082,0.6730769230769231,-0.11248741610738255,0.36538461538461536,1,1,3,0,0,0,1,0,0
228296,ZA5,KwaZulu-Natal,ZA5,KwaZulu-Natal,ZA595,eThekwini,ZA521,Ugu,2020-06-29,2020-06-29,58,57,57,12932811.929943914,4819259.343655047,588896,20200629,20200629,0.2446364969883556,0.6990922562931536,0.05627124671849075,0.494610924976595,3587907.0,0.32122674606698143,0.6016982741355622,0.07707497979745637,0.47391596021954596,714019.0,0.5666580406654343,0.9230769230769231,-0.09480895915678524,0.40384615384615385,1,1,3,0,0,0,1,0,0
228297,ZA5,KwaZulu-Natal,ZA5,KwaZulu-Natal,ZA521,Ugu,ZA521,Ugu,2020-06-29,2020-06-30,83,83,83,1649922.9347033524,508273.5955065068,3139938,20200629,20200630,0.32122674606698143,0.6016982741355622,0.07707497979745637,0.47391596021954596,714019.0,0.32122674606698143,0.6016982741355622,0.07707497979745637,0.47391596021954596,714019.0,-0.09480895915678524,0.40384615384615385,-0.09480895915678524,0.40384615384615385,1,1,3,0,0,0,1,0,0
228298,ZA4,Free State,ZA1,Western Cape,ZA494,Mangaung,ZA104,Eden,2020-06-29,2020-06-30,1,1,1,1117311.9686801054,618344.7453060063,46853,20200629,20200630,0.26262942751272955,0.6754982029249197,0.06187236956235082,0.4901411892511804,826621.0,0.24710205256745305,0.6628052101466374,0.09009273728590954,0.4993180863678119,673839.0,0.27329104477611943,0.8269230769230769,0.0004522691705790296,0.5384615384615384,1,1,3,0,0,0,1,0,0
228299,ZA2,Eastern Cape,ZA2,Eastern Cape,ZA215,O.R.Tambo,ZA215,O.R.Tambo,2020-06-29,2020-06-29,681,307,184,29631581.40084712,6005956.920233021,2935109,20200629,20200629,0.38804558548824664,0.5482866433400703,0.06366777117168307,0.4623163104135049,1358678.0,0.38804558548824664,0.5482866433400703,0.06366777117168307,0.4623163104135049,1358678.0,-0.23807536101083035,0.1346153846153846,-0.23807536101083035,0.1346153846153846,1,1,3,0,0,0,1,0,0
228300,ZA5,KwaZulu-Natal,ZA5,KwaZulu-Natal,ZA525,Amajuba,ZA528,Uthungulu,2020-06-29,2020-06-29,1,1,1,633524.468839335,256241.2795661596,20545,20200629,20200629,0.3311353387795859,0.6144200377537888,0.05444462346662529,0.48045773982507545,502731.0,0.3398562749304085,0.6096443299200878,0.05049939514950375,0.4759701217345943,889476.0,-0.16864155251141552,0.25,-0.2202014106583072,0.15384615384615385,1,1,3,0,0,0,1,0,0
228301,ZA3,Nothern Cape,ZA3,Nothern Cape,ZA306,Namakwa,ZA306,Namakwa,2020-06-29,2020-06-29,247,121,79,28692467.678581864,4610197.8675562935,1312588,20200629,20200629,0.2479438366342976,0.6592106724059887,0.09284549095971371,0.5132337492633683,117087.0,0.2479438366342976,0.6592106724059887,0.09284549095971371,0.5132337492633683,117087.0,0.06505633802816901,0.6153846153846154,0.06505633802816901,0.6153846153846154,1,1,3,0,0,0,1,0,0
228302,ZA2,Eastern Cape,ZA2,Eastern Cape,ZA244,Alfred Nzo,ZA244,Alfred Nzo,2020-06-29,2020-06-29,222,97,69,13466855.562499128,1068055.9765399685,1112238,20200629,20200629,0.40782127157510134,0.5221222097470932,0.07005651867780548,0.4576553946475353,788235.0,0.40782127157510134,0.5221222097470932,0.07005651867780548,0.4576553946475353,788235.0,-0.27396673320026615,0.11538461538461539,-0.27396673320026615,0.11538461538461539,1,1,3,0,0,0,1,0,0
228303,ZA4,Free State,ZA4,Free State,ZA420,Fezile Dabi,ZA420,Fezile Dabi,2020-06-29,2020-06-30,114,114,114,2348302.9019710044,659357.2267013759,4032132,20200629,20200630,0.2705098118551487,0.6604572122193,0.06903297592555128,0.5050070807202104,494300.0,0.2705098118551487,0.6604572122193,0.06903297592555128,0.5050070807202104,494300.0,0.2276555023923445,0.7884615384615384,0.2276555023923445,0.7884615384615384,1,1,3,0,0,0,1,0,0
228304,ZA2,Eastern Cape,ZA2,Eastern Cape,ZA215,O.R.Tambo,ZA212,Amathole,2020-06-29,2020-06-29,3,3,3,345110.5333737177,175797.25642273884,8481,20200629,20200629,0.38804558548824664,0.5482866433400703,0.06366777117168307,0.4623163104135049,1358678.0,0.32816698449842097,0.5696178168124134,0.1022151986891656,0.47434426623917664,789726.0,-0.23807536101083035,0.1346153846153846,-0.3192883211678832,0.019230769230769232,1,1,3,0,0,0,1,0,0
228305,ZA3,Nothern Cape,ZA3,Nothern Cape,ZA308,Z F Mgcawu,ZA308,Z F Mgcawu,2020-06-29,2020-06-29,970,422,261,49965493.881392,8252024.189480363,4364567,20200629,20200629,0.27601757542529287,0.6641943181028425,0.059788106471864645,0.5142626583989065,258998.0,0.27601757542529287,0.6641943181028425,0.059788106471864645,0.5142626583989065,258998.0,-0.04016603773584906,0.46153846153846156,-0.04016603773584906,0.46153846153846156,1,1,3,0,0,0,1,0,0
228306,ZA8,Mpumalanga,ZA7,Gauteng,ZA831,Nkangala,ZA799,City of Tshwane,2020-06-29,2020-06-29,141,138,136,36875685.40775615,13473739.350437587,1379672,20200629,20200629,0.27290691475673784,0.6711806877078121,0.055912397535449986,0.5109201270525474,1573837.0,0.22283079372412132,0.7204843127840075,0.056684893491871245,0.5057337597223363,3627986.0,0.07867808219178082,0.6730769230769231,0.48224212034383956,0.9038461538461539,1,1,3,0,0,0,1,0,0
228307,ZA5,KwaZulu-Natal,ZA5,KwaZulu-Natal,ZA526,Zululand,ZA526,Zululand,2020-06-29,2020-06-30,51,51,51,986465.254839043,243615.5510421808,1767918,20200629,20200630,0.392497537624586,0.5542130860581069,0.053289376317307055,0.4651401640222711,783796.0,0.392497537624586,0.5542130860581069,0.053289376317307055,0.4651401640222711,783796.0,-0.2762355212355212,0.09615384615384616,-0.2762355212355212,0.09615384615384616,1,1,3,0,0,0,1,0,0
228308,ZA1,Western Cape,ZA1,Western Cape,ZA102,Cape Winelands,ZA103,Overberg,2020-06-29,2020-06-29,25,24,24,3828517.258138925,2073983.769569701,176738,20200629,20200629,0.24989252608235304,0.6902123420738123,0.059895131843834624,0.5011121214086944,909523.0,0.22836513904770692,0.6721314716747349,0.09950338927755827,0.511077351980676,303457.0,-0.012388831437435367,0.5192307692307693,0.051486772486772484,0.5961538461538461,1,1,3,0,0,0,1,0,0
228309,ZA7,Gauteng,ZA6,North West,ZA799,City of Tshwane,ZA637,Bojanala,2020-06-29,2020-06-29,266,259,245,31196829.24126184,11954787.5224326,2083952,20200629,20200629,0.22283079372412132,0.7204843127840075,0.056684893491871245,0.5057337597223363,3627986.0,0.25082919250139085,0.6903465537718604,0.05882425372674875,0.5380589003726469,1786678.0,0.48224212034383956,0.9038461538461539,0.07430676328502415,0.6538461538461539,1,1,3,0,0,0,1,0,0
228310,ZA8,Mpumalanga,ZA7,Gauteng,ZA831,Nkangala,ZA799,City of Tshwane,2020-06-29,2020-06-30,8,8,8,1582120.2896301546,632579.2101887672,206223,20200629,20200630,0.27290691475673784,0.6711806877078121,0.055912397535449986,0.5109201270525474,1573837.0,0.22283079372412132,0.7204843127840075,0.056684893491871245,0.5057337597223363,3627986.0,0.07867808219178082,0.6730769230769231,0.48224212034383956,0.9038461538461539,1,1,3,0,0,0,1,0,0
228311,ZA4,Free State,ZA4,Free State,ZA420,Fezile Dabi,ZA420,Fezile Dabi,2020-06-29,2020-06-29,2680,1300,839,118267404.26796456,21012046.78121121,9499358,20200629,20200629,0.2705098118551487,0.6604572122193,0.06903297592555128,0.5050070807202104,494300.0,0.2705098118551487,0.6604572122193,0.06903297592555128,0.5050070807202104,494300.0,0.2276555023923445,0.7884615384615384,0.2276555023923445,0.7884615384615384,1,1,3,0,0,0,1,0,0
228312,ZA6,North West,ZA7,Gauteng,ZA640,Dr Kenneth Kaunda,ZA797,Ekurhuleni,2020-06-29,2020-06-29,12,12,12,5891205.181071354,1749696.9542979586,124634,20200629,20200629,0.27505895171327793,0.6602340041700301,0.06470704411669191,0.5065976875287468,754431.0,0.23296733680905687,0.7203157619169479,0.04671690127399521,0.5205474946472306,3739653.0,-0.10069384057971015,0.38461538461538464,0.7435109289617486,0.9615384615384616,1,1,3,0,0,0,1,0,0
228313,ZA1,Western Cape,ZA1,Western Cape,ZA191,City of Cape Town,ZA102,Cape Winelands,2020-06-29,2020-06-30,46,46,46,10070894.721993947,1844661.6997385973,1090028,20200629,20200630,0.23849582985172932,0.697186217784503,0.06431795236376775,0.4976008771049945,4436413.0,0.24989252608235304,0.6902123420738123,0.059895131843834624,0.5011121214086944,909523.0,0.7687640750670242,0.9807692307692307,-0.012388831437435367,0.5192307692307693,1,1,3,0,0,0,1,0,0
228314,ZA9,Limpopo,ZA9,Limpopo,ZA947,Sekhukhune,ZA947,Sekhukhune,2020-06-29,2020-06-29,2151,903,550,111861039.48766014,19153978.032742508,7662771,20200629,20200629,0.3536917516859454,0.5707075150199985,0.07560073329405607,0.46486328935523974,1125333.0,0.3536917516859454,0.5707075150199985,0.07560073329405607,0.46486328935523974,1125333.0,-0.06015677966101695,0.4423076923076923,-0.06015677966101695,0.4423076923076923,1,1,3,0,0,0,1,0,0
228315,ZA5,KwaZulu-Natal,ZA5,KwaZulu-Natal,ZA543,Sisonke,ZA543,Sisonke,2020-06-29,2020-06-30,16,16,16,162518.73006738152,51885.02745963647,411282,20200629,20200630,0.37293146983899067,0.5707096800166399,0.05635885014436937,0.4671305273563743,447117.0,0.37293146983899067,0.5707096800166399,0.05635885014436937,0.4671305273563743,447117.0,-0.2112274881516588,0.17307692307692307,-0.2112274881516588,0.17307692307692307,1,1,3,0,0,0,1,0,0
228316,ZA9,Limpopo,ZA9,Limpopo,ZA933,Mopani,ZA933,Mopani,2020-06-29,2020-06-30,144,144,144,6341351.598898501,1197638.9262179232,4928380,20200629,20200630,0.3329418650827259,0.6026296126910996,0.06442852222617454,0.46142626187343905,1062666.0,0.3329418650827259,0.6026296126910996,0.06442852222617454,0.46142626187343905,1062666.0,-0.037928345626975765,0.4807692307692308,-0.037928345626975765,0.4807692307692308,1,1,3,0,0,0,1,0,0
228317,ZA4,Free State,ZA7,Gauteng,ZA420,Fezile Dabi,ZA798,City of Johannesburg,2020-06-29,2020-06-29,26,26,26,7794866.487242424,3515297.7489621663,332770,20200629,20200629,0.2705098118551487,0.6604572122193,0.06903297592555128,0.5050070807202104,494300.0,0.2220629170143196,0.7299897648810346,0.047947318104645836,0.5097433964893054,5540727.0,0.2276555023923445,0.7884615384615384,0.8818060606060606,1.0,1,1,3,0,0,0,1,0,0
228318,ZA4,Free State,ZA4,Free State,ZA418,Lejweleputswa,ZA420,Fezile Dabi,2020-06-29,2020-06-29,38,37,32,9034152.098476198,2807608.90521088,346310,20200629,20200629,0.27941650281351393,0.6617931601395349,0.058790337046951115,0.500105365269169,574193.0,0.2705098118551487,0.6604572122193,0.06903297592555128,0.5050070807202104,494300.0,0.29495049504950493,0.8653846153846154,0.2276555023923445,0.7884615384615384,1,1,3,0,0,0,1,0,0
228319,ZA7,Gauteng,ZA7,Gauteng,ZA797,Ekurhuleni,ZA799,City of Tshwane,2020-06-29,2020-06-30,68,68,68,6748737.3679586025,2596923.7485369616,1814884,20200629,20200630,0.23296733680905687,0.7203157619169479,0.04671690127399521,0.5205474946472306,3739653.0,0.22283079372412132,0.7204843127840075,0.056684893491871245,0.5057337597223363,3627986.0,0.7435109289617486,0.9615384615384616,0.48224212034383956,0.9038461538461539,1,1,3,0,0,0,1,0,0
228320,ZA7,Gauteng,ZA8,Mpumalanga,ZA742,Sedibeng,ZA830,Gert Sibande,2020-06-29,2020-06-29,15,15,15,3158321.352861096,1458762.1036555811,108240,20200629,20200629,0.24393339879416723,0.6953819961266214,0.06068460507921129,0.5059130831550246,994997.0,0.30688245639051287,0.6412288994160756,0.05188864419341153,0.49968312815881616,1136106.0,0.2808379746835443,0.8461538461538461,-0.11248741610738255,0.36538461538461536,1,1,3,0,0,0,1,0,0
228321,ZA4,Free State,ZA5,KwaZulu-Natal,ZA420,Fezile Dabi,ZA526,Zululand,2020-06-29,2020-06-29,1,1,1,671129.7402661336,403250.8694118097,25662,20200629,20200629,0.2705098118551487,0.6604572122193,0.06903297592555128,0.5050070807202104,494300.0,0.392497537624586,0.5542130860581069,0.053289376317307055,0.4651401640222711,783796.0,0.2276555023923445,0.7884615384615384,-0.2762355212355212,0.09615384615384616,1,1,3,0,0,0,1,0,0
228322,ZA2,Eastern Cape,ZA2,Eastern Cape,ZA210,Cacadu,ZA210,Cacadu,2020-06-29,2020-06-30,115,115,115,2976188.880660648,1551518.1291637688,3773900,20200629,20200630,0.2618455236218228,0.6571170870354837,0.08103738934269357,0.4975242081945451,491156.0,0.2618455236218228,0.6571170870354837,0.08103738934269357,0.4975242081945451,491156.0,-0.01848062015503876,0.5,-0.01848062015503876,0.5,1,1,3,0,0,0,1,0,0
228323,ZA8,Mpumalanga,ZA7,Gauteng,ZA830,Gert Sibande,ZA798,City of Johannesburg,2020-06-29,2020-06-29,13,13,13,5734470.62219366,2183914.83204979,165899,20200629,20200629,0.30688245639051287,0.6412288994160756,0.05188864419341153,0.49968312815881616,1136106.0,0.2220629170143196,0.7299897648810346,0.047947318104645836,0.5097433964893054,5540727.0,-0.11248741610738255,0.36538461538461536,0.8818060606060606,1.0,1,1,3,0,0,0,1,0,0
228324,ZA4,Free State,ZA6,North West,ZA420,Fezile Dabi,ZA637,Bojanala,2020-06-29,2020-06-29,2,2,2,545000.6443574443,313262.3437445235,15479,20200629,20200629,0.2705098118551487,0.6604572122193,0.06903297592555128,0.5050070807202104,494300.0,0.25082919250139085,0.6903465537718604,0.05882425372674875,0.5380589003726469,1786678.0,0.2276555023923445,0.7884615384615384,0.07430676328502415,0.6538461538461539,1,1,3,0,0,0,1,0,0
228325,ZA2,Eastern Cape,ZA5,KwaZulu-Natal,ZA244,Alfred Nzo,ZA543,Sisonke,2020-06-29,2020-06-29,12,11,11,3220634.012269125,1026124.9411929618,127234,20200629,20200629,0.40782127157510134,0.5221222097470932,0.07005651867780548,0.4576553946475353,788235.0,0.37293146983899067,0.5707096800166399,0.05635885014436937,0.4671305273563743,447117.0,-0.27396673320026615,0.11538461538461539,-0.2112274881516588,0.17307692307692307,1,1,3,0,0,0,1,0,0
228326,ZA4,Free State,ZA6,North West,ZA418,Lejweleputswa,ZA639,Dr Ruth Segomotsi Mompati,2020-06-29,2020-06-29,10,10,9,1800385.3062572104,791132.4107151175,51993,20200629,20200629,0.27941650281351393,0.6617931601395349,0.058790337046951115,0.500105365269169,574193.0,0.3412335579082451,0.5850872971649528,0.07367914492680208,0.4911837461796937,473784.0,0.29495049504950493,0.8653846153846154,-0.16626678765880218,0.2692307692307692,1,1,3,0,0,0,1,0,0
228327,ZA6,North West,ZA7,Gauteng,ZA638,Ngaka Modiri Molema,ZA797,Ekurhuleni,2020-06-29,2020-06-29,2,2,2,1029023.313859491,459930.8376221493,45404,20200629,20200629,0.3236353449196357,0.6078801705223251,0.06848448455803925,0.4964769205863341,870971.0,0.23296733680905687,0.7203157619169479,0.04671690127399521,0.5205474946472306,3739653.0,-0.18344824707846413,0.23076923076923078,0.7435109289617486,0.9615384615384616,1,1,3,0,0,0,1,0,0
228328,ZA3,Nothern Cape,ZA3,Nothern Cape,ZA306,Namakwa,ZA306,Namakwa,2020-06-29,2020-06-30,22,22,22,2743258.3561715544,162243.201813354,910828,20200629,20200630,0.2479438366342976,0.6592106724059887,0.09284549095971371,0.5132337492633683,117087.0,0.2479438366342976,0.6592106724059887,0.09284549095971371,0.5132337492633683,117087.0,0.06505633802816901,0.6153846153846154,0.06505633802816901,0.6153846153846154,1,1,3,0,0,0,1,0,0
228329,ZA5,KwaZulu-Natal,ZA5,KwaZulu-Natal,ZA522,Umgungundlovu,ZA522,Umgungundlovu,2020-06-29,2020-06-30,261,261,261,4927040.551237401,1716333.8850756888,8875263,20200629,20200630,0.2748377359932372,0.663873035280183,0.06128922872657978,0.48236181888519014,1046905.0,0.2748377359932372,0.663873035280183,0.06128922872657978,0.48236181888519014,1046905.0,0.0061256544502617805,0.5769230769230769,0.0061256544502617805,0.5769230769230769,1,1,3,0,0,0,1,0,0
228330,ZA5,KwaZulu-Natal,ZA5,KwaZulu-Natal,ZA528,Uthungulu,ZA595,eThekwini,2020-06-29,2020-06-29,16,16,16,4346077.209250708,2542546.4056638223,197875,20200629,20200629,0.3398562749304085,0.6096443299200878,0.05049939514950375,0.4759701217345943,889476.0,0.2446364969883556,0.6990922562931536,0.05627124671849075,0.494610924976595,3587907.0,-0.2202014106583072,0.15384615384615385,0.5666580406654343,0.9230769230769231,1,1,3,0,0,0,1,0,0
228331,ZA1,Western Cape,ZA1,Western Cape,ZA102,Cape Winelands,ZA191,City of Cape Town,2020-06-29,2020-06-30,68,68,68,5223586.620298078,2335267.770498588,1924431,20200629,20200630,0.24989252608235304,0.6902123420738123,0.059895131843834624,0.5011121214086944,909523.0,0.23849582985172932,0.697186217784503,0.06431795236376775,0.4976008771049945,4436413.0,-0.012388831437435367,0.5192307692307693,0.7687640750670242,0.9807692307692307,1,1,3,0,0,0,1,0,0
228332,ZA2,Eastern Cape,ZA2,Eastern Cape,ZA212,Amathole,ZA292,Buffalo City,2020-06-29,2020-06-29,51,51,49,5863620.97400264,2662193.79148743,358332,20200629,20200629,0.32816698449842097,0.5696178168124134,0.1022151986891656,0.47434426623917664,789726.0,0.254980022080858,0.6758306608485358,0.06918931707060617,0.48177934914042375,760840.0,-0.3192883211678832,0.019230769230769232,0.09585175879396986,0.6923076923076923,1,1,3,0,0,0,1,0,0
228333,ZA8,Mpumalanga,ZA8,Mpumalanga,ZA830,Gert Sibande,ZA831,Nkangala,2020-06-29,2020-06-29,82,82,81,12642802.305217478,4782329.705208443,677725,20200629,20200629,0.30688245639051287,0.6412288994160756,0.05188864419341153,0.49968312815881616,1136106.0,0.27290691475673784,0.6711806877078121,0.055912397535449986,0.5109201270525474,1573837.0,-0.11248741610738255,0.36538461538461536,0.07867808219178082,0.6730769230769231,1,1,3,0,0,0,1,0,0
228334,ZA7,Gauteng,ZA6,North West,ZA799,City of Tshwane,ZA637,Bojanala,2020-06-29,2020-06-30,16,16,16,1977933.3629239588,766988.4656077339,538715,20200629,20200630,0.22283079372412132,0.7204843127840075,0.056684893491871245,0.5057337597223363,3627986.0,0.25082919250139085,0.6903465537718604,0.05882425372674875,0.5380589003726469,1786678.0,0.48224212034383956,0.9038461538461539,0.07430676328502415,0.6538461538461539,1,1,3,0,0,0,1,0,0
228335,ZA9,Limpopo,ZA7,Gauteng,ZA935,Capricorn,ZA799,City of Tshwane,2020-06-29,2020-06-29,13,13,13,7124195.964208864,3837427.948501831,203170,20200629,20200629,0.3265897738288558,0.6007690312860821,0.07264119488506209,0.472231826966417,1295656.0,0.22283079372412132,0.7204843127840075,0.056684893491871245,0.5057337597223363,3627986.0,0.07397387387387387,0.6346153846153846,0.48224212034383956,0.9038461538461539,1,1,3,0,0,0,1,0,0
228336,ZA7,Gauteng,ZA6,North West,ZA798,City of Johannesburg,ZA637,Bojanala,2020-06-29,2020-06-29,90,89,88,17109417.53088208,5743609.763708441,890346,20200629,20200629,0.2220629170143196,0.7299897648810346,0.047947318104645836,0.5097433964893054,5540727.0,0.25082919250139085,0.6903465537718604,0.05882425372674875,0.5380589003726469,1786678.0,0.8818060606060606,1.0,0.07430676328502415,0.6538461538461539,1,1,3,0,0,0,1,0,0
228337,ZA5,KwaZulu-Natal,ZA5,KwaZulu-Natal,ZA529,iLembe,ZA522,Umgungundlovu,2020-06-29,2020-06-29,17,17,17,4346833.654025101,1805916.0333467384,188616,20200629,20200629,0.32390440311621094,0.6202867780885334,0.05580881879525565,0.4827645772056803,636799.0,0.2748377359932372,0.663873035280183,0.06128922872657978,0.48236181888519014,1046905.0,-0.14951617873651774,0.28846153846153844,0.0061256544502617805,0.5769230769230769,1,1,3,0,0,0,1,0,0
228338,ZA4,Free State,ZA4,Free State,ZA419,Thabo Mofutsanyane,ZA494,Mangaung,2020-06-29,2020-06-29,22,22,22,8270624.766728217,3349852.642812643,270632,20200629,20200629,0.31143326559338835,0.6251823622683981,0.06338437213821363,0.47028720831466336,662829.0,0.26262942751272955,0.6754982029249197,0.06187236956235082,0.4901411892511804,826621.0,0.10770218579234972,0.7115384615384616,0.27329104477611943,0.8269230769230769,1,1,3,0,0,0,1,0,0
228339,ZA8,Mpumalanga,ZA9,Limpopo,ZA831,Nkangala,ZA947,Sekhukhune,2020-06-29,2020-06-29,28,27,26,7932840.241842782,2184471.5276935864,294746,20200629,20200629,0.27290691475673784,0.6711806877078121,0.055912397535449986,0.5109201270525474,1573837.0,0.3536917516859454,0.5707075150199985,0.07560073329405607,0.46486328935523974,1125333.0,0.07867808219178082,0.6730769230769231,-0.06015677966101695,0.4423076923076923,1,1,3,0,0,0,1,0,0
228340,ZA7,Gauteng,ZA7,Gauteng,ZA797,Ekurhuleni,ZA797,Ekurhuleni,2020-06-29,2020-06-29,31007,15461,10723,1190147232.693366,266657206.9928,108547511,20200629,20200629,0.23296733680905687,0.7203157619169479,0.04671690127399521,0.5205474946472306,3739653.0,0.23296733680905687,0.7203157619169479,0.04671690127399521,0.5205474946472306,3739653.0,0.7435109289617486,0.9615384615384616,0.7435109289617486,0.9615384615384616,1,1,3,0,0,0,1,0,0
228341,ZA5,KwaZulu-Natal,ZA5,KwaZulu-Natal,ZA521,Ugu,ZA521,Ugu,2020-06-29,2020-06-29,1654,765,492,59775848.07327253,13695745.179958278,6435796,20200629,20200629,0.32122674606698143,0.6016982741355622,0.07707497979745637,0.47391596021954596,714019.0,0.32122674606698143,0.6016982741355622,0.07707497979745637,0.47391596021954596,714019.0,-0.09480895915678524,0.40384615384615385,-0.09480895915678524,0.40384615384615385,1,1,3,0,0,0,1,0,0
228342,ZA9,Limpopo,ZA9,Limpopo,ZA933,Mopani,ZA935,Capricorn,2020-06-29,2020-06-29,29,28,28,6302697.884321162,2795729.485449995,359216,20200629,20200629,0.3329418650827259,0.6026296126910996,0.06442852222617454,0.46142626187343905,1062666.0,0.3265897738288558,0.6007690312860821,0.07264119488506209,0.472231826966417,1295656.0,-0.037928345626975765,0.4807692307692308,0.07397387387387387,0.6346153846153846,1,1,3,0,0,0,1,0,0
228343,ZA7,Gauteng,ZA7,Gauteng,ZA798,City of Johannesburg,ZA798,City of Johannesburg,2020-06-29,2020-06-29,45951,22944,16058,1600183022.462875,368357814.4486395,172214877,20200629,20200629,0.2220629170143196,0.7299897648810346,0.047947318104645836,0.5097433964893054,5540727.0,0.2220629170143196,0.7299897648810346,0.047947318104645836,0.5097433964893054,5540727.0,0.8818060606060606,1.0,0.8818060606060606,1.0,1,1,3,0,0,0,1,0,0
228344,ZA8,Mpumalanga,ZA8,Mpumalanga,ZA831,Nkangala,ZA831,Nkangala,2020-06-29,2020-06-29,7454,3204,2033,347050647.0294264,70270385.7974641,27381837,20200629,20200629,0.27290691475673784,0.6711806877078121,0.055912397535449986,0.5109201270525474,1573837.0,0.27290691475673784,0.6711806877078121,0.055912397535449986,0.5109201270525474,1573837.0,0.07867808219178082,0.6730769230769231,0.07867808219178082,0.6730769230769231,1,1,3,0,0,0,1,0,0
228345,ZA9,Limpopo,ZA9,Limpopo,ZA935,Capricorn,ZA935,Capricorn,2020-06-29,2020-06-29,3260,1455,914,166601833.82592508,23676575.80442876,12172890,20200629,20200629,0.3265897738288558,0.6007690312860821,0.07264119488506209,0.472231826966417,1295656.0,0.3265897738288558,0.6007690312860821,0.07264119488506209,0.472231826966417,1295656.0,0.07397387387387387,0.6346153846153846,0.07397387387387387,0.6346153846153846,1,1,3,0,0,0,1,0,0
228346,ZA1,Western Cape,ZA1,Western Cape,ZA191,City of Cape Town,ZA103,Overberg,2020-06-29,2020-06-29,152,152,148,26743731.59240201,11579589.498921072,1692851,20200629,20200629,0.23849582985172932,0.697186217784503,0.06431795236376775,0.4976008771049945,4436413.0,0.22836513904770692,0.6721314716747349,0.09950338927755827,0.511077351980676,303457.0,0.7687640750670242,0.9807692307692307,0.051486772486772484,0.5961538461538461,1,1,3,0,0,0,1,0,0
228347,ZA7,Gauteng,ZA7,Gauteng,ZA748,West Rand,ZA748,West Rand,2020-06-29,2020-06-29,5207,2725,1763,194074136.31146103,43291737.99258773,17025210,20200629,20200629,0.23154887232085752,0.7207832829912092,0.047667844687933295,0.5288128906961219,856804.0,0.23154887232085752,0.7207832829912092,0.047667844687933295,0.5288128906961219,856804.0,0.23715802469135805,0.8076923076923077,0.23715802469135805,0.8076923076923077,1,1,3,0,0,0,1,0,0
228348,ZA6,North West,ZA6,North West,ZA640,Dr Kenneth Kaunda,ZA640,Dr Kenneth Kaunda,2020-06-29,2020-06-29,5278,2445,1492,217670568.90460008,44821808.08363564,18914203,20200629,20200629,0.27505895171327793,0.6602340041700301,0.06470704411669191,0.5065976875287468,754431.0,0.27505895171327793,0.6602340041700301,0.06470704411669191,0.5065976875287468,754431.0,-0.10069384057971015,0.38461538461538464,-0.10069384057971015,0.38461538461538464,1,1,3,0,0,0,1,0,0
228349,ZA3,Nothern Cape,ZA1,Western Cape,ZA345,John Taolo Gaetsewe,ZA102,Cape Winelands,2020-06-29,2020-06-30,1,1,1,2015596.0221831077,913912.174166725,60377,20200629,20200630,0.31986957060536586,0.628082594956317,0.05204783443831712,0.4959027820806741,258224.0,0.24989252608235304,0.6902123420738123,0.059895131843834624,0.5011121214086944,909523.0,-0.13480926430517712,0.3076923076923077,-0.012388831437435367,0.5192307692307693,1,1,3,0,0,0,1,0,0
228350,ZA6,North West,ZA9,Limpopo,ZA637,Bojanala,ZA936,Waterberg,2020-06-29,2020-06-29,17,17,17,4000901.035512556,1734735.1363748068,191065,20200629,20200629,0.25082919250139085,0.6903465537718604,0.05882425372674875,0.5380589003726469,1786678.0,0.2870915348782833,0.6477210572390478,0.06518740788266879,0.5138960603357211,718513.0,0.07430676328502415,0.6538461538461539,0.00236898395721925,0.5576923076923077,1,1,3,0,0,0,1,0,0
228351,ZA5,KwaZulu-Natal,ZA5,KwaZulu-Natal,ZA595,eThekwini,ZA595,eThekwini,2020-06-29,2020-06-29,22550,10599,6981,850633318.7387179,203679936.7576398,91621183,20200629,20200629,0.2446364969883556,0.6990922562931536,0.05627124671849075,0.494610924976595,3587907.0,0.2446364969883556,0.6990922562931536,0.05627124671849075,0.494610924976595,3587907.0,0.5666580406654343,0.9230769230769231,0.5666580406654343,0.9230769230769231,1,1,3,0,0,0,1,0,0
228352,ZA7,Gauteng,ZA7,Gauteng,ZA798,City of Johannesburg,ZA798,City of Johannesburg,2020-06-29,2020-06-30,2602,2602,2602,38428785.82949144,11994182.958489098,80437382,20200629,20200630,0.2220629170143196,0.7299897648810346,0.047947318104645836,0.5097433964893054,5540727.0,0.2220629170143196,0.7299897648810346,0.047947318104645836,0.5097433964893054,5540727.0,0.8818060606060606,1.0,0.8818060606060606,1.0,1,1,3,0,0,0,1,0,0
228353,ZA7,Gauteng,ZA7,Gauteng,ZA742,Sedibeng,ZA742,Sedibeng,2020-06-29,2020-06-30,326,326,326,5412420.776973741,1183965.6234596074,9950876,20200629,20200630,0.24393339879416723,0.6953819961266214,0.06068460507921129,0.5059130831550246,994997.0,0.24393339879416723,0.6953819961266214,0.06068460507921129,0.5059130831550246,994997.0,0.2808379746835443,0.8461538461538461,0.2808379746835443,0.8461538461538461,1,1,3,0,0,0,1,0,0
228354,ZA8,Mpumalanga,ZA8,Mpumalanga,ZA831,Nkangala,ZA832,Ehlanzeni,2020-06-29,2020-06-29,30,30,29,10030180.243378635,3576779.5695655826,352557,20200629,20200629,0.27290691475673784,0.6711806877078121,0.055912397535449986,0.5109201270525474,1573837.0,0.32438893780700045,0.6235217992770762,0.05208926291592337,0.47979089412028486,1837538.0,0.07867808219178082,0.6730769230769231,0.1315940928270042,0.7307692307692307,1,1,3,0,0,0,1,0,0
228355,ZA1,Western Cape,ZA2,Eastern Cape,ZA191,City of Cape Town,ZA292,Buffalo City,2020-06-29,2020-06-30,1,1,1,854088.5387170722,854088.5387170722,135466,20200629,20200630,0.23849582985172932,0.697186217784503,0.06431795236376775,0.4976008771049945,4436413.0,0.254980022080858,0.6758306608485358,0.06918931707060617,0.48177934914042375,760840.0,0.7687640750670242,0.9807692307692307,0.09585175879396986,0.6923076923076923,1,1,3,0,0,0,1,0,0
228356,ZA5,KwaZulu-Natal,ZA5,KwaZulu-Natal,ZA522,Umgungundlovu,ZA595,eThekwini,2020-06-29,2020-06-29,151,150,150,24736821.273700297,9861478.52138549,1655686,20200629,20200629,0.2748377359932372,0.663873035280183,0.06128922872657978,0.48236181888519014,1046905.0,0.2446364969883556,0.6990922562931536,0.05627124671849075,0.494610924976595,3587907.0,0.0061256544502617805,0.5769230769230769,0.5666580406654343,0.9230769230769231,1,1,3,0,0,0,1,0,0
228357,ZA6,North West,ZA6,North West,ZA638,Ngaka Modiri Molema,ZA639,Dr Ruth Segomotsi Mompati,2020-06-29,2020-06-29,11,11,8,3549842.993317177,1515988.3986557222,83977,20200629,20200629,0.3236353449196357,0.6078801705223251,0.06848448455803925,0.4964769205863341,870971.0,0.3412335579082451,0.5850872971649528,0.07367914492680208,0.4911837461796937,473784.0,-0.18344824707846413,0.23076923076923078,-0.16626678765880218,0.2692307692307692,1,1,3,0,0,0,1,0,0
228358,ZA3,Nothern Cape,ZA3,Nothern Cape,ZA308,Z F Mgcawu,ZA345,John Taolo Gaetsewe,2020-06-29,2020-06-29,23,23,23,5069985.6915664775,1967407.2224642276,167829,20200629,20200629,0.27601757542529287,0.6641943181028425,0.059788106471864645,0.5142626583989065,258998.0,0.31986957060536586,0.628082594956317,0.05204783443831712,0.4959027820806741,258224.0,-0.04016603773584906,0.46153846153846156,-0.13480926430517712,0.3076923076923077,1,1,3,0,0,0,1,0,0
228359,ZA9,Limpopo,ZA6,North West,ZA935,Capricorn,ZA637,Bojanala,2020-06-29,2020-06-29,1,1,1,613536.3198313458,332809.5430412704,9558,20200629,20200629,0.3265897738288558,0.6007690312860821,0.07264119488506209,0.472231826966417,1295656.0,0.25082919250139085,0.6903465537718604,0.05882425372674875,0.5380589003726469,1786678.0,0.07397387387387387,0.6346153846153846,0.07430676328502415,0.6538461538461539,1,1,3,0,0,0,1,0,0
228360,ZA2,Eastern Cape,ZA2,Eastern Cape,ZA292,Buffalo City,ZA293,Nelson Mandela Bay,2020-06-29,2020-06-29,4,4,4,1208978.4511590565,1017263.9881673724,89921,20200629,20200629,0.254980022080858,0.6758306608485358,0.06918931707060617,0.48177934914042375,760840.0,0.2465186661259611,0.6842154879637478,0.0692658459102911,0.4877654529777138,1230491.0,0.09585175879396986,0.6923076923076923,0.5740514018691588,0.9423076923076923,1,1,3,0,0,0,1,0,0
228361,ZA5,KwaZulu-Natal,ZA5,KwaZulu-Natal,ZA529,iLembe,ZA528,Uthungulu,2020-06-29,2020-06-29,11,11,11,2283632.3584166705,670836.1156982573,84867,20200629,20200629,0.32390440311621094,0.6202867780885334,0.05580881879525565,0.4827645772056803,636799.0,0.3398562749304085,0.6096443299200878,0.05049939514950375,0.4759701217345943,889476.0,-0.14951617873651774,0.28846153846153844,-0.2202014106583072,0.15384615384615385,1,1,3,0,0,0,1,0,0
228362,ZA5,KwaZulu-Natal,ZA5,KwaZulu-Natal,ZA524,Umzinyathi,ZA524,Umzinyathi,2020-06-29,2020-06-30,25,25,25,153531.00567368677,71733.7742860738,1073257,20200629,20200630,0.3952311253914291,0.5454951881678106,0.05927368644076033,0.451447242842509,514461.0,0.3952311253914291,0.5454951881678106,0.05927368644076033,0.451447242842509,514461.0,-0.28225945945945946,0.07692307692307693,-0.28225945945945946,0.07692307692307693,1,1,3,0,0,0,1,0,0
228363,ZA5,KwaZulu-Natal,ZA5,KwaZulu-Natal,ZA528,Uthungulu,ZA529,iLembe,2020-06-29,2020-06-29,16,16,15,3047848.4206824023,1219507.192905066,125752,20200629,20200629,0.3398562749304085,0.6096443299200878,0.05049939514950375,0.4759701217345943,889476.0,0.32390440311621094,0.6202867780885334,0.05580881879525565,0.4827645772056803,636799.0,-0.2202014106583072,0.15384615384615385,-0.14951617873651774,0.28846153846153844,1,1,3,0,0,0,1,0,0
228365,ZA2,Eastern Cape,,,ZA293,Nelson Mandela Bay,,,2020-06-29,2020-06-29,5,5,4,98575.44378985748,39257.09115999127,2335,20200629,20200629,0.2465186661259611,0.6842154879637478,0.0692658459102911,0.4877654529777138,1230491.0,,,,,,0.5740514018691588,0.9423076923076923,,,1,1,3,0,0,0,1,0,0
228366,ZA7,Gauteng,ZA8,Mpumalanga,ZA797,Ekurhuleni,ZA831,Nkangala,2020-06-29,2020-06-29,86,85,84,14432317.149670856,7098705.260573192,694994,20200629,20200629,0.23296733680905687,0.7203157619169479,0.04671690127399521,0.5205474946472306,3739653.0,0.27290691475673784,0.6711806877078121,0.055912397535449986,0.5109201270525474,1573837.0,0.7435109289617486,0.9615384615384616,0.07867808219178082,0.6730769230769231,1,1,3,0,0,0,1,0,0
228367,ZA7,Gauteng,ZA6,North West,ZA742,Sedibeng,ZA640,Dr Kenneth Kaunda,2020-06-29,2020-06-29,21,21,17,5649520.990116997,2173337.985434926,186216,20200629,20200629,0.24393339879416723,0.6953819961266214,0.06068460507921129,0.5059130831550246,994997.0,0.27505895171327793,0.6602340041700301,0.06470704411669191,0.5065976875287468,754431.0,0.2808379746835443,0.8461538461538461,-0.10069384057971015,0.38461538461538464,1,1,3,0,0,0,1,0,0
228368,ZA2,Eastern Cape,ZA2,Eastern Cape,ZA214,Joe Gqabi,ZA214,Joe Gqabi,2020-06-29,2020-06-30,33,33,33,2071097.8522631389,89378.99453469247,1210455,20200629,20200630,0.3340471849013029,0.5799636495391386,0.08598916555955849,0.47733103958194023,339473.0,0.3340471849013029,0.5799636495391386,0.08598916555955849,0.47733103958194023,339473.0,-0.1839776119402985,0.21153846153846154,-0.1839776119402985,0.21153846153846154,1,1,3,0,0,0,1,0,0
228369,ZA7,Gauteng,ZA4,Free State,ZA797,Ekurhuleni,ZA419,Thabo Mofutsanyane,2020-06-29,2020-06-29,6,6,6,3099196.291270204,1477485.770686812,103591,20200629,20200629,0.23296733680905687,0.7203157619169479,0.04671690127399521,0.5205474946472306,3739653.0,0.31143326559338835,0.6251823622683981,0.06338437213821363,0.47028720831466336,662829.0,0.7435109289617486,0.9615384615384616,0.10770218579234972,0.7115384615384616,1,1,3,0,0,0,1,0,0
228370,ZA1,Western Cape,,,ZA191,City of Cape Town,,,2020-06-29,2020-06-29,5,5,4,218018.26142630735,118391.03260271192,39747,20200629,20200629,0.23849582985172932,0.697186217784503,0.06431795236376775,0.4976008771049945,4436413.0,,,,,,0.7687640750670242,0.9807692307692307,,,1,1,3,0,0,0,1,0,0
228371,ZA6,North West,ZA7,Gauteng,ZA637,Bojanala,ZA799,City of Tshwane,2020-06-29,2020-06-29,257,252,242,32426001.548692524,12080544.792556418,1913317,20200629,20200629,0.25082919250139085,0.6903465537718604,0.05882425372674875,0.5380589003726469,1786678.0,0.22283079372412132,0.7204843127840075,0.056684893491871245,0.5057337597223363,3627986.0,0.07430676328502415,0.6538461538461539,0.48224212034383956,0.9038461538461539,1,1,3,0,0,0,1,0,0
228372,ZA7,Gauteng,ZA9,Limpopo,ZA797,Ekurhuleni,ZA936,Waterberg,2020-06-29,2020-06-29,7,7,7,3628480.996074086,1631157.083296039,125003,20200629,20200629,0.23296733680905687,0.7203157619169479,0.04671690127399521,0.5205474946472306,3739653.0,0.2870915348782833,0.6477210572390478,0.06518740788266879,0.5138960603357211,718513.0,0.7435109289617486,0.9615384615384616,0.00236898395721925,0.5576923076923077,1,1,3,0,0,0,1,0,0
228373,ZA6,North West,ZA4,Free State,ZA640,Dr Kenneth Kaunda,ZA418,Lejweleputswa,2020-06-29,2020-06-29,16,16,15,4149873.78879304,1999290.5261133355,202321,20200629,20200629,0.27505895171327793,0.6602340041700301,0.06470704411669191,0.5065976875287468,754431.0,0.27941650281351393,0.6617931601395349,0.058790337046951115,0.500105365269169,574193.0,-0.10069384057971015,0.38461538461538464,0.29495049504950493,0.8653846153846154,1,1,3,0,0,0,1,0,0
228374,ZA3,Nothern Cape,ZA3,Nothern Cape,ZA307,Pixley ka Seme,ZA309,Frances Baard,2020-06-29,2020-06-29,17,17,15,3911029.672534627,1566672.9171679586,226547,20200629,20200629,0.3060749448635213,0.6232332132979509,0.0706918418385278,0.5011842246002923,196331.0,0.2860169290028057,0.6497360787483951,0.06424699224879928,0.49189928194398214,420580.0,0.1854655172413793,0.75,0.29907801418439717,0.8846153846153846,1,1,3,0,0,0,1,0,0
228375,ZA6,North West,ZA6,North West,ZA638,Ngaka Modiri Molema,ZA638,Ngaka Modiri Molema,2020-06-29,2020-06-29,1868,855,492,94434420.38709244,18384976.18672297,7387615,20200629,20200629,0.3236353449196357,0.6078801705223251,0.06848448455803925,0.4964769205863341,870971.0,0.3236353449196357,0.6078801705223251,0.06848448455803925,0.4964769205863341,870971.0,-0.18344824707846413,0.23076923076923078,-0.18344824707846413,0.23076923076923078,1,1,3,0,0,0,1,0,0
228376,ZA5,KwaZulu-Natal,ZA5,KwaZulu-Natal,ZA595,eThekwini,ZA595,eThekwini,2020-06-29,2020-06-30,1360,1360,1360,23823830.61634457,9144057.668436404,47237696,20200629,20200630,0.2446364969883556,0.6990922562931536,0.05627124671849075,0.494610924976595,3587907.0,0.2446364969883556,0.6990922562931536,0.05627124671849075,0.494610924976595,3587907.0,0.5666580406654343,0.9230769230769231,0.5666580406654343,0.9230769230769231,1,1,3,0,0,0,1,0,0
228377,ZA5,KwaZulu-Natal,ZA5,KwaZulu-Natal,ZA523,Uthukela,ZA523,Uthukela,2020-06-29,2020-06-30,47,47,47,1087889.4636439555,173712.27089192974,1675876,20200629,20200630,0.36014331224838336,0.5864396074090654,0.05341708034255123,0.46782833191779016,652282.0,0.36014331224838336,0.5864396074090654,0.05341708034255123,0.46782833191779016,652282.0,-0.19841226215644822,0.19230769230769232,-0.19841226215644822,0.19230769230769232,1,1,3,0,0,0,1,0,0
228378,ZA3,Nothern Cape,ZA3,Nothern Cape,ZA308,Z F Mgcawu,ZA306,Namakwa,2020-06-29,2020-06-29,8,8,8,5805717.400709785,2399570.9468809757,79022,20200629,20200629,0.27601757542529287,0.6641943181028425,0.059788106471864645,0.5142626583989065,258998.0,0.2479438366342976,0.6592106724059887,0.09284549095971371,0.5132337492633683,117087.0,-0.04016603773584906,0.46153846153846156,0.06505633802816901,0.6153846153846154,1,1,3,0,0,0,1,0,0
228379,ZA8,Mpumalanga,ZA7,Gauteng,ZA830,Gert Sibande,ZA799,City of Tshwane,2020-06-29,2020-06-29,16,16,16,5749525.929403535,2950310.498244549,247979,20200629,20200629,0.30688245639051287,0.6412288994160756,0.05188864419341153,0.49968312815881616,1136106.0,0.22283079372412132,0.7204843127840075,0.056684893491871245,0.5057337597223363,3627986.0,-0.11248741610738255,0.36538461538461536,0.48224212034383956,0.9038461538461539,1,1,3,0,0,0,1,0,0
228380,ZA7,Gauteng,ZA8,Mpumalanga,ZA798,City of Johannesburg,ZA831,Nkangala,2020-06-29,2020-06-29,34,34,34,10580269.715542464,4573666.237708065,466481,20200629,20200629,0.2220629170143196,0.7299897648810346,0.047947318104645836,0.5097433964893054,5540727.0,0.27290691475673784,0.6711806877078121,0.055912397535449986,0.5109201270525474,1573837.0,0.8818060606060606,1.0,0.07867808219178082,0.6730769230769231,1,1,3,0,0,0,1,0,0
228381,ZA5,KwaZulu-Natal,ZA5,KwaZulu-Natal,ZA595,eThekwini,ZA522,Umgungundlovu,2020-06-29,2020-06-29,155,154,154,23922638.751415968,10093309.658576868,1632253,20200629,20200629,0.2446364969883556,0.6990922562931536,0.05627124671849075,0.494610924976595,3587907.0,0.2748377359932372,0.663873035280183,0.06128922872657978,0.48236181888519014,1046905.0,0.5666580406654343,0.9230769230769231,0.0061256544502617805,0.5769230769230769,1,1,3,0,0,0,1,0,0
228382,ZA4,Free State,ZA7,Gauteng,ZA420,Fezile Dabi,ZA797,Ekurhuleni,2020-06-29,2020-06-29,21,20,20,5323296.428660918,2150603.997810197,198546,20200629,20200629,0.2705098118551487,0.6604572122193,0.06903297592555128,0.5050070807202104,494300.0,0.23296733680905687,0.7203157619169479,0.04671690127399521,0.5205474946472306,3739653.0,0.2276555023923445,0.7884615384615384,0.7435109289617486,0.9615384615384616,1,1,3,0,0,0,1,0,0
228383,ZA9,Limpopo,ZA7,Gauteng,ZA947,Sekhukhune,ZA797,Ekurhuleni,2020-06-29,2020-06-29,2,2,2,874372.5746965209,581729.8283569729,53558,20200629,20200629,0.3536917516859454,0.5707075150199985,0.07560073329405607,0.46486328935523974,1125333.0,0.23296733680905687,0.7203157619169479,0.04671690127399521,0.5205474946472306,3739653.0,-0.06015677966101695,0.4423076923076923,0.7435109289617486,0.9615384615384616,1,1,3,0,0,0,1,0,0
228384,ZA9,Limpopo,ZA4,Free State,ZA936,Waterberg,ZA494,Mangaung,2020-06-29,2020-06-29,1,1,1,1211065.0937906515,550394.0347972142,24223,20200629,20200629,0.2870915348782833,0.6477210572390478,0.06518740788266879,0.5138960603357211,718513.0,0.26262942751272955,0.6754982029249197,0.06187236956235082,0.4901411892511804,826621.0,0.00236898395721925,0.5576923076923077,0.27329104477611943,0.8269230769230769,1,1,3,0,0,0,1,0,0
228385,ZA9,Limpopo,ZA8,Mpumalanga,ZA933,Mopani,ZA832,Ehlanzeni,2020-06-29,2020-06-29,38,38,37,9785092.411368728,3748409.015396779,467765,20200629,20200629,0.3329418650827259,0.6026296126910996,0.06442852222617454,0.46142626187343905,1062666.0,0.32438893780700045,0.6235217992770762,0.05208926291592337,0.47979089412028486,1837538.0,-0.037928345626975765,0.4807692307692308,0.1315940928270042,0.7307692307692307,1,1,3,0,0,0,1,0,0
228386,ZA3,Nothern Cape,ZA3,Nothern Cape,ZA309,Frances Baard,ZA345,John Taolo Gaetsewe,2020-06-29,2020-06-29,5,5,5,2276893.973189963,1119143.2875577975,79188,20200629,20200629,0.2860169290028057,0.6497360787483951,0.06424699224879928,0.49189928194398214,420580.0,0.31986957060536586,0.628082594956317,0.05204783443831712,0.4959027820806741,258224.0,0.29907801418439717,0.8846153846153846,-0.13480926430517712,0.3076923076923077,1,1,3,0,0,0,1,0,0
228387,ZA7,Gauteng,ZA3,Nothern Cape,ZA798,City of Johannesburg,ZA309,Frances Baard,2020-06-29,2020-06-29,2,2,2,1942551.6226949475,920833.9599914304,45598,20200629,20200629,0.2220629170143196,0.7299897648810346,0.047947318104645836,0.5097433964893054,5540727.0,0.2860169290028057,0.6497360787483951,0.06424699224879928,0.49189928194398214,420580.0,0.8818060606060606,1.0,0.29907801418439717,0.8846153846153846,1,1,3,0,0,0,1,0,0
228388,ZA6,North West,ZA7,Gauteng,ZA638,Ngaka Modiri Molema,ZA798,City of Johannesburg,2020-06-29,2020-06-29,5,5,5,2583684.0808805097,1210949.1403343612,77357,20200629,20200629,0.3236353449196357,0.6078801705223251,0.06848448455803925,0.4964769205863341,870971.0,0.2220629170143196,0.7299897648810346,0.047947318104645836,0.5097433964893054,5540727.0,-0.18344824707846413,0.23076923076923078,0.8818060606060606,1.0,1,1,3,0,0,0,1,0,0
228389,ZA8,Mpumalanga,ZA8,Mpumalanga,ZA831,Nkangala,ZA831,Nkangala,2020-06-29,2020-06-30,325,325,325,7982966.290076535,2419144.740542288,10551490,20200629,20200630,0.27290691475673784,0.6711806877078121,0.055912397535449986,0.5109201270525474,1573837.0,0.27290691475673784,0.6711806877078121,0.055912397535449986,0.5109201270525474,1573837.0,0.07867808219178082,0.6730769230769231,0.07867808219178082,0.6730769230769231,1,1,3,0,0,0,1,0,0
228390,ZA8,Mpumalanga,ZA8,Mpumalanga,ZA832,Ehlanzeni,ZA832,Ehlanzeni,2020-06-29,2020-06-29,5663,2498,1560,282565377.2809918,63268158.47230639,22504553,20200629,20200629,0.32438893780700045,0.6235217992770762,0.05208926291592337,0.47979089412028486,1837538.0,0.32438893780700045,0.6235217992770762,0.05208926291592337,0.47979089412028486,1837538.0,0.1315940928270042,0.7307692307692307,0.1315940928270042,0.7307692307692307,1,1,3,0,0,0,1,0,0
228391,ZA7,Gauteng,ZA7,Gauteng,ZA798,City of Johannesburg,ZA748,West Rand,2020-06-29,2020-06-30,43,43,43,2234636.946428135,933681.2384525732,1463425,20200629,20200630,0.2220629170143196,0.7299897648810346,0.047947318104645836,0.5097433964893054,5540727.0,0.23154887232085752,0.7207832829912092,0.047667844687933295,0.5288128906961219,856804.0,0.8818060606060606,1.0,0.23715802469135805,0.8076923076923077,1,1,3,0,0,0,1,0,0
228392,ZA9,Limpopo,ZA8,Mpumalanga,ZA947,Sekhukhune,ZA832,Ehlanzeni,2020-06-29,2020-06-29,54,54,52,8523142.066153118,3182267.4905627025,257377,20200629,20200629,0.3536917516859454,0.5707075150199985,0.07560073329405607,0.46486328935523974,1125333.0,0.32438893780700045,0.6235217992770762,0.05208926291592337,0.47979089412028486,1837538.0,-0.06015677966101695,0.4423076923076923,0.1315940928270042,0.7307692307692307,1,1,3,0,0,0,1,0,0
228393,ZA8,Mpumalanga,ZA7,Gauteng,ZA831,Nkangala,ZA798,City of Johannesburg,2020-06-29,2020-06-29,36,36,36,11395169.534655116,5666336.806922252,580717,20200629,20200629,0.27290691475673784,0.6711806877078121,0.055912397535449986,0.5109201270525474,1573837.0,0.2220629170143196,0.7299897648810346,0.047947318104645836,0.5097433964893054,5540727.0,0.07867808219178082,0.6730769230769231,0.8818060606060606,1.0,1,1,3,0,0,0,1,0,0
228394,ZA5,KwaZulu-Natal,ZA5,KwaZulu-Natal,ZA526,Zululand,ZA526,Zululand,2020-06-29,2020-06-29,682,319,199,20771394.50697018,4984941.626642803,2702230,20200629,20200629,0.392497537624586,0.5542130860581069,0.053289376317307055,0.4651401640222711,783796.0,0.392497537624586,0.5542130860581069,0.053289376317307055,0.4651401640222711,783796.0,-0.2762355212355212,0.09615384615384616,-0.2762355212355212,0.09615384615384616,1,1,3,0,0,0,1,0,0
228395,ZA4,Free State,ZA7,Gauteng,ZA420,Fezile Dabi,ZA748,West Rand,2020-06-29,2020-06-29,6,6,6,1576893.3317671253,564337.6730101715,69259,20200629,20200629,0.2705098118551487,0.6604572122193,0.06903297592555128,0.5050070807202104,494300.0,0.23154887232085752,0.7207832829912092,0.047667844687933295,0.5288128906961219,856804.0,0.2276555023923445,0.7884615384615384,0.23715802469135805,0.8076923076923077,1,1,3,0,0,0,1,0,0
228396,ZA7,Gauteng,ZA2,Eastern Cape,ZA798,City of Johannesburg,ZA293,Nelson Mandela Bay,2020-06-29,2020-06-29,1,1,1,1780951.562796195,890495.7239709093,26031,20200629,20200629,0.2220629170143196,0.7299897648810346,0.047947318104645836,0.5097433964893054,5540727.0,0.2465186661259611,0.6842154879637478,0.0692658459102911,0.4877654529777138,1230491.0,0.8818060606060606,1.0,0.5740514018691588,0.9423076923076923,1,1,3,0,0,0,1,0,0
228397,ZA9,Limpopo,ZA9,Limpopo,ZA935,Capricorn,ZA933,Mopani,2020-06-29,2020-06-29,30,29,29,10724541.640297389,2847970.5655452013,324620,20200629,20200629,0.3265897738288558,0.6007690312860821,0.07264119488506209,0.472231826966417,1295656.0,0.3329418650827259,0.6026296126910996,0.06442852222617454,0.46142626187343905,1062666.0,0.07397387387387387,0.6346153846153846,-0.037928345626975765,0.4807692307692308,1,1,3,0,0,0,1,0,0
228398,ZA9,Limpopo,ZA7,Gauteng,ZA934,Vhembe,ZA799,City of Tshwane,2020-06-29,2020-06-29,5,5,5,3382323.582122118,1977457.7731650867,76476,20200629,20200629,0.3433867460978093,0.5887604530714541,0.06785280083073665,0.4597374214109392,1325089.0,0.22283079372412132,0.7204843127840075,0.056684893491871245,0.5057337597223363,3627986.0,-0.0767829596412556,0.4230769230769231,0.48224212034383956,0.9038461538461539,1,1,3,0,0,0,1,0,0
228399,ZA7,Gauteng,ZA7,Gauteng,ZA798,City of Johannesburg,ZA742,Sedibeng,2020-06-29,2020-06-30,29,29,29,3122040.7662546397,1270108.827999231,872285,20200629,20200630,0.2220629170143196,0.7299897648810346,0.047947318104645836,0.5097433964893054,5540727.0,0.24393339879416723,0.6953819961266214,0.06068460507921129,0.5059130831550246,994997.0,0.8818060606060606,1.0,0.2808379746835443,0.8461538461538461,1,1,3,0,0,0,1,0,0
228400,ZA7,Gauteng,ZA7,Gauteng,ZA799,City of Tshwane,ZA799,City of Tshwane,2020-06-29,2020-06-29,37634,18082,12359,1482705717.0457098,345738785.5946652,138707986,20200629,20200629,0.22283079372412132,0.7204843127840075,0.056684893491871245,0.5057337597223363,3627986.0,0.22283079372412132,0.7204843127840075,0.056684893491871245,0.5057337597223363,3627986.0,0.48224212034383956,0.9038461538461539,0.48224212034383956,0.9038461538461539,1,1,3,0,0,0,1,0,0
228401,ZA8,Mpumalanga,ZA7,Gauteng,ZA830,Gert Sibande,ZA797,Ekurhuleni,2020-06-29,2020-06-29,24,24,24,7047634.984197903,2510470.0800994453,280929,20200629,20200629,0.30688245639051287,0.6412288994160756,0.05188864419341153,0.49968312815881616,1136106.0,0.23296733680905687,0.7203157619169479,0.04671690127399521,0.5205474946472306,3739653.0,-0.11248741610738255,0.36538461538461536,0.7435109289617486,0.9615384615384616,1,1,3,0,0,0,1,0,0
228402,ZA4,Free State,ZA3,Nothern Cape,ZA494,Mangaung,ZA309,Frances Baard,2020-06-29,2020-06-29,6,6,6,2131222.8476210632,1093914.7244409206,81686,20200629,20200629,0.26262942751272955,0.6754982029249197,0.06187236956235082,0.4901411892511804,826621.0,0.2860169290028057,0.6497360787483951,0.06424699224879928,0.49189928194398214,420580.0,0.27329104477611943,0.8269230769230769,0.29907801418439717,0.8846153846153846,1,1,3,0,0,0,1,0,0
228403,ZA1,Western Cape,ZA1,Western Cape,ZA102,Cape Winelands,ZA102,Cape Winelands,2020-06-29,2020-06-30,287,287,287,5506441.081298847,1872232.7441611933,9817782,20200629,20200630,0.24989252608235304,0.6902123420738123,0.059895131843834624,0.5011121214086944,909523.0,0.24989252608235304,0.6902123420738123,0.059895131843834624,0.5011121214086944,909523.0,-0.012388831437435367,0.5192307692307693,-0.012388831437435367,0.5192307692307693,1,1,3,0,0,0,1,0,0
228404,ZA5,KwaZulu-Natal,ZA5,KwaZulu-Natal,ZA595,eThekwini,ZA529,iLembe,2020-06-29,2020-06-29,231,230,226,28403990.237196963,10175452.798594996,1468439,20200629,20200629,0.2446364969883556,0.6990922562931536,0.05627124671849075,0.494610924976595,3587907.0,0.32390440311621094,0.6202867780885334,0.05580881879525565,0.4827645772056803,636799.0,0.5666580406654343,0.9230769230769231,-0.14951617873651774,0.28846153846153844,1,1,3,0,0,0,1,0,0
228405,ZA5,KwaZulu-Natal,ZA5,KwaZulu-Natal,ZA528,Uthungulu,ZA527,Umkhanyakude,2020-06-29,2020-06-29,23,23,19,5465870.267183596,1886801.0016100437,123258,20200629,20200629,0.3398562749304085,0.6096443299200878,0.05049939514950375,0.4759701217345943,889476.0,0.40017378652548197,0.5489306999026919,0.05089551357182606,0.4622270789873748,643318.0,-0.2202014106583072,0.15384615384615385,-0.31784377542717657,0.038461538461538464,1,1,3,0,0,0,1,0,0
228406,ZA5,KwaZulu-Natal,ZA2,Eastern Cape,ZA595,eThekwini,ZA215,O.R.Tambo,2020-06-29,2020-06-29,2,2,2,1065443.0903724034,525838.8304364017,49208,20200629,20200629,0.2446364969883556,0.6990922562931536,0.05627124671849075,0.494610924976595,3587907.0,0.38804558548824664,0.5482866433400703,0.06366777117168307,0.4623163104135049,1358678.0,0.5666580406654343,0.9230769230769231,-0.23807536101083035,0.1346153846153846,1,1,3,0,0,0,1,0,0
228407,ZA4,Free State,ZA7,Gauteng,ZA420,Fezile Dabi,ZA742,Sedibeng,2020-06-29,2020-06-29,301,288,273,21720705.632142916,8135661.592786223,1599774,20200629,20200629,0.2705098118551487,0.6604572122193,0.06903297592555128,0.5050070807202104,494300.0,0.24393339879416723,0.6953819961266214,0.06068460507921129,0.5059130831550246,994997.0,0.2276555023923445,0.7884615384615384,0.2808379746835443,0.8461538461538461,1,1,3,0,0,0,1,0,0
228408,ZA4,Free State,ZA5,KwaZulu-Natal,ZA419,Thabo Mofutsanyane,ZA522,Umgungundlovu,2020-06-29,2020-06-29,3,3,3,1610273.3685654711,687321.1840005539,45683,20200629,20200629,0.31143326559338835,0.6251823622683981,0.06338437213821363,0.47028720831466336,662829.0,0.2748377359932372,0.663873035280183,0.06128922872657978,0.48236181888519014,1046905.0,0.10770218579234972,0.7115384615384616,0.0061256544502617805,0.5769230769230769,1,1,3,0,0,0,1,0,0
228409,ZA4,Free State,ZA4,Free State,ZA416,Xhariep,ZA416,Xhariep,2020-06-29,2020-06-29,314,179,108,12737032.007725732,2886565.618234907,1093354,20200629,20200629,0.29515218562959183,0.6325513667867511,0.07229644758365718,0.5005153225730198,105759.0,0.29515218562959183,0.6325513667867511,0.07229644758365718,0.5005153225730198,105759.0,0.18671264367816093,0.7692307692307693,0.18671264367816093,0.7692307692307693,1,1,3,0,0,0,1,0,0
228410,ZA2,Eastern Cape,ZA2,Eastern Cape,ZA212,Amathole,ZA212,Amathole,2020-06-29,2020-06-29,488,225,153,43169366.48705536,4756242.384122735,2076176,20200629,20200629,0.32816698449842097,0.5696178168124134,0.1022151986891656,0.47434426623917664,789726.0,0.32816698449842097,0.5696178168124134,0.1022151986891656,0.47434426623917664,789726.0,-0.3192883211678832,0.019230769230769232,-0.3192883211678832,0.019230769230769232,1,1,3,0,0,0,1,0,0
228411,ZA2,Eastern Cape,ZA2,Eastern Cape,ZA293,Nelson Mandela Bay,ZA293,Nelson Mandela Bay,2020-06-29,2020-06-29,8171,3856,2545,287911076.6866647,66044944.56102644,32683981,20200629,20200629,0.2465186661259611,0.6842154879637478,0.0692658459102911,0.4877654529777138,1230491.0,0.2465186661259611,0.6842154879637478,0.0692658459102911,0.4877654529777138,1230491.0,0.5740514018691588,0.9423076923076923,0.5740514018691588,0.9423076923076923,1,1,3,0,0,0,1,0,0
228412,ZA7,Gauteng,ZA7,Gauteng,ZA748,West Rand,ZA798,City of Johannesburg,2020-06-29,2020-06-29,997,969,909,74723625.27295195,24104846.76801862,4800655,20200629,20200629,0.23154887232085752,0.7207832829912092,0.047667844687933295,0.5288128906961219,856804.0,0.2220629170143196,0.7299897648810346,0.047947318104645836,0.5097433964893054,5540727.0,0.23715802469135805,0.8076923076923077,0.8818060606060606,1.0,1,1,3,0,0,0,1,0,0
228413,ZA1,Western Cape,ZA1,Western Cape,ZA102,Cape Winelands,ZA105,Central Karoo,2020-06-29,2020-06-29,4,4,4,4845811.779287213,1351041.2700401228,63330,20200629,20200629,0.24989252608235304,0.6902123420738123,0.059895131843834624,0.5011121214086944,909523.0,0.29415328297801036,0.633639246216906,0.07220747080508365,0.4979247763656518,77582.0,-0.012388831437435367,0.5192307692307693,-0.12604477611940298,0.3269230769230769,1,1,3,0,0,0,1,0,0
228414,ZA9,Limpopo,ZA9,Limpopo,ZA947,Sekhukhune,ZA936,Waterberg,2020-06-29,2020-06-29,14,13,13,2998036.430051971,1458801.9013498412,104306,20200629,20200629,0.3536917516859454,0.5707075150199985,0.07560073329405607,0.46486328935523974,1125333.0,0.2870915348782833,0.6477210572390478,0.06518740788266879,0.5138960603357211,718513.0,-0.06015677966101695,0.4423076923076923,0.00236898395721925,0.5576923076923077,1,1,3,0,0,0,1,0,0
228415,ZA8,Mpumalanga,ZA5,KwaZulu-Natal,ZA830,Gert Sibande,ZA523,Uthukela,2020-06-29,2020-06-29,4,4,4,1277083.2142566692,666532.1784813957,28735,20200629,20200629,0.30688245639051287,0.6412288994160756,0.05188864419341153,0.49968312815881616,1136106.0,0.36014331224838336,0.5864396074090654,0.05341708034255123,0.46782833191779016,652282.0,-0.11248741610738255,0.36538461538461536,-0.19841226215644822,0.19230769230769232,1,1,3,0,0,0,1,0,0
228416,ZA7,Gauteng,ZA7,Gauteng,ZA799,City of Tshwane,ZA797,Ekurhuleni,2020-06-29,2020-06-30,70,70,70,10511963.987574115,2887429.9716772884,1735647,20200629,20200630,0.22283079372412132,0.7204843127840075,0.056684893491871245,0.5057337597223363,3627986.0,0.23296733680905687,0.7203157619169479,0.04671690127399521,0.5205474946472306,3739653.0,0.48224212034383956,0.9038461538461539,0.7435109289617486,0.9615384615384616,1,1,3,0,0,0,1,0,0
228417,ZA9,Limpopo,ZA9,Limpopo,ZA936,Waterberg,ZA936,Waterberg,2020-06-29,2020-06-30,174,174,174,6786733.865179813,1284894.2504822027,6230691,20200629,20200630,0.2870915348782833,0.6477210572390478,0.06518740788266879,0.5138960603357211,718513.0,0.2870915348782833,0.6477210572390478,0.06518740788266879,0.5138960603357211,718513.0,0.00236898395721925,0.5576923076923077,0.00236898395721925,0.5576923076923077,1,1,3,0,0,0,1,0,0
228418,ZA8,Mpumalanga,ZA9,Limpopo,ZA832,Ehlanzeni,ZA947,Sekhukhune,2020-06-29,2020-06-29,57,56,51,9539613.14362396,3072515.1950761843,570243,20200629,20200629,0.32438893780700045,0.6235217992770762,0.05208926291592337,0.47979089412028486,1837538.0,0.3536917516859454,0.5707075150199985,0.07560073329405607,0.46486328935523974,1125333.0,0.1315940928270042,0.7307692307692307,-0.06015677966101695,0.4423076923076923,1,1,3,0,0,0,1,0,0
228419,ZA5,KwaZulu-Natal,ZA5,KwaZulu-Natal,ZA522,Umgungundlovu,ZA543,Sisonke,2020-06-29,2020-06-29,14,13,12,4271120.368471926,1502610.710879777,161216,20200629,20200629,0.2748377359932372,0.663873035280183,0.06128922872657978,0.48236181888519014,1046905.0,0.37293146983899067,0.5707096800166399,0.05635885014436937,0.4671305273563743,447117.0,0.0061256544502617805,0.5769230769230769,-0.2112274881516588,0.17307692307692307,1,1,3,0,0,0,1,0,0
228420,ZA9,Limpopo,ZA9,Limpopo,ZA934,Vhembe,ZA933,Mopani,2020-06-29,2020-06-29,9,8,8,1477895.0464764342,627551.7010917156,83805,20200629,20200629,0.3433867460978093,0.5887604530714541,0.06785280083073665,0.4597374214109392,1325089.0,0.3329418650827259,0.6026296126910996,0.06442852222617454,0.46142626187343905,1062666.0,-0.0767829596412556,0.4230769230769231,-0.037928345626975765,0.4807692307692308,1,1,3,0,0,0,1,0,0
228421,ZA5,KwaZulu-Natal,ZA2,Eastern Cape,ZA521,Ugu,ZA244,Alfred Nzo,2020-06-29,2020-06-29,10,10,8,1561635.688853498,624991.3495063256,45154,20200629,20200629,0.32122674606698143,0.6016982741355622,0.07707497979745637,0.47391596021954596,714019.0,0.40782127157510134,0.5221222097470932,0.07005651867780548,0.4576553946475353,788235.0,-0.09480895915678524,0.40384615384615385,-0.27396673320026615,0.11538461538461539,1,1,3,0,0,0,1,0,0
228422,ZA8,Mpumalanga,ZA8,Mpumalanga,ZA832,Ehlanzeni,ZA832,Ehlanzeni,2020-06-29,2020-06-30,321,321,321,11123921.142518409,2732491.7157336413,11101844,20200629,20200630,0.32438893780700045,0.6235217992770762,0.05208926291592337,0.47979089412028486,1837538.0,0.32438893780700045,0.6235217992770762,0.05208926291592337,0.47979089412028486,1837538.0,0.1315940928270042,0.7307692307692307,0.1315940928270042,0.7307692307692307,1,1,3,0,0,0,1,0,0
228423,ZA5,KwaZulu-Natal,ZA5,KwaZulu-Natal,ZA525,Amajuba,ZA525,Amajuba,2020-06-29,2020-06-30,60,60,60,1099897.084263984,266887.0644810339,2106409,20200629,20200630,0.3311353387795859,0.6144200377537888,0.05444462346662529,0.48045773982507545,502731.0,0.3311353387795859,0.6144200377537888,0.05444462346662529,0.48045773982507545,502731.0,-0.16864155251141552,0.25,-0.16864155251141552,0.25,1,1,3,0,0,0,1,0,0
228424,ZA1,Western Cape,ZA1,Western Cape,ZA101,West Coast,ZA102,Cape Winelands,2020-06-29,2020-06-29,46,46,46,8215322.7476927135,3297902.669941988,342704,20200629,20200629,0.24466466325617858,0.6852166396976793,0.0701186970461421,0.5060695297345649,497485.0,0.24989252608235304,0.6902123420738123,0.059895131843834624,0.5011121214086944,909523.0,-0.12079976303317536,0.34615384615384615,-0.012388831437435367,0.5192307692307693,1,1,3,0,0,0,1,0,0
228425,ZA5,KwaZulu-Natal,ZA5,KwaZulu-Natal,ZA528,Uthungulu,ZA528,Uthungulu,2020-06-29,2020-06-29,1987,881,596,85236443.31810983,17304829.59849942,8217884,20200629,20200629,0.3398562749304085,0.6096443299200878,0.05049939514950375,0.4759701217345943,889476.0,0.3398562749304085,0.6096443299200878,0.05049939514950375,0.4759701217345943,889476.0,-0.2202014106583072,0.15384615384615385,-0.2202014106583072,0.15384615384615385,1,1,3,0,0,0,1,0,0
228426,ZA6,North West,ZA6,North West,ZA639,Dr Ruth Segomotsi Mompati,ZA639,Dr Ruth Segomotsi Mompati,2020-06-29,2020-06-29,764,396,226,40477878.216387525,8933900.32745146,2996501,20200629,20200629,0.3412335579082451,0.5850872971649528,0.07367914492680208,0.4911837461796937,473784.0,0.3412335579082451,0.5850872971649528,0.07367914492680208,0.4911837461796937,473784.0,-0.16626678765880218,0.2692307692307692,-0.16626678765880218,0.2692307692307692,1,1,3,0,0,0,1,0,0
228427,ZA7,Gauteng,ZA1,Western Cape,ZA797,Ekurhuleni,ZA191,City of Cape Town,2020-06-29,2020-06-29,20,20,20,44707435.269587785,25667332.261298463,298493,20200629,20200629,0.23296733680905687,0.7203157619169479,0.04671690127399521,0.5205474946472306,3739653.0,0.23849582985172932,0.697186217784503,0.06431795236376775,0.4976008771049945,4436413.0,0.7435109289617486,0.9615384615384616,0.7687640750670242,0.9807692307692307,1,1,3,0,0,0,1,0,0
228428,ZA6,North West,ZA7,Gauteng,ZA640,Dr Kenneth Kaunda,ZA748,West Rand,2020-06-29,2020-06-29,43,43,42,7963943.217206552,3292986.463432281,329279,20200629,20200629,0.27505895171327793,0.6602340041700301,0.06470704411669191,0.5065976875287468,754431.0,0.23154887232085752,0.7207832829912092,0.047667844687933295,0.5288128906961219,856804.0,-0.10069384057971015,0.38461538461538464,0.23715802469135805,0.8076923076923077,1,1,3,0,0,0,1,0,0
228429,ZA8,Mpumalanga,ZA4,Free State,ZA830,Gert Sibande,ZA419,Thabo Mofutsanyane,2020-06-29,2020-06-29,3,3,3,1305148.5716420873,473576.44523094746,35759,20200629,20200629,0.30688245639051287,0.6412288994160756,0.05188864419341153,0.49968312815881616,1136106.0,0.31143326559338835,0.6251823622683981,0.06338437213821363,0.47028720831466336,662829.0,-0.11248741610738255,0.36538461538461536,0.10770218579234972,0.7115384615384616,1,1,3,0,0,0,1,0,0
228430,ZA8,Mpumalanga,ZA8,Mpumalanga,ZA832,Ehlanzeni,ZA830,Gert Sibande,2020-06-29,2020-06-29,10,10,10,1721980.284326994,967215.6289521717,57754,20200629,20200629,0.32438893780700045,0.6235217992770762,0.05208926291592337,0.47979089412028486,1837538.0,0.30688245639051287,0.6412288994160756,0.05188864419341153,0.49968312815881616,1136106.0,0.1315940928270042,0.7307692307692307,-0.11248741610738255,0.36538461538461536,1,1,3,0,0,0,1,0,0
228431,ZA4,Free State,ZA4,Free State,ZA494,Mangaung,ZA494,Mangaung,2020-06-29,2020-06-30,256,256,256,6116992.891651309,1548603.035625522,8978787,20200629,20200630,0.26262942751272955,0.6754982029249197,0.06187236956235082,0.4901411892511804,826621.0,0.26262942751272955,0.6754982029249197,0.06187236956235082,0.4901411892511804,826621.0,0.27329104477611943,0.8269230769230769,0.27329104477611943,0.8269230769230769,1,1,3,0,0,0,1,0,0
228432,ZA7,Gauteng,ZA9,Limpopo,ZA798,City of Johannesburg,ZA933,Mopani,2020-06-29,2020-06-29,2,2,2,822981.4248213635,822616.2400418448,69600,20200629,20200629,0.2220629170143196,0.7299897648810346,0.047947318104645836,0.5097433964893054,5540727.0,0.3329418650827259,0.6026296126910996,0.06442852222617454,0.46142626187343905,1062666.0,0.8818060606060606,1.0,-0.037928345626975765,0.4807692307692308,1,1,3,0,0,0,1,0,0
228433,ZA5,KwaZulu-Natal,ZA5,KwaZulu-Natal,ZA529,iLembe,ZA529,iLembe,2020-06-29,2020-06-29,2083,1088,654,73534249.8932805,11522784.201942869,6694267,20200629,20200629,0.32390440311621094,0.6202867780885334,0.05580881879525565,0.4827645772056803,636799.0,0.32390440311621094,0.6202867780885334,0.05580881879525565,0.4827645772056803,636799.0,-0.14951617873651774,0.28846153846153844,-0.14951617873651774,0.28846153846153844,1,1,3,0,0,0,1,0,0
228434,ZA7,Gauteng,ZA7,Gauteng,ZA797,Ekurhuleni,ZA799,City of Tshwane,2020-06-29,2020-06-29,1063,1053,1028,117737323.23972765,44446238.67673203,7150534,20200629,20200629,0.23296733680905687,0.7203157619169479,0.04671690127399521,0.5205474946472306,3739653.0,0.22283079372412132,0.7204843127840075,0.056684893491871245,0.5057337597223363,3627986.0,0.7435109289617486,0.9615384615384616,0.48224212034383956,0.9038461538461539,1,1,3,0,0,0,1,0,0
228435,ZA5,KwaZulu-Natal,ZA5,KwaZulu-Natal,ZA529,iLembe,ZA529,iLembe,2020-06-29,2020-06-30,116,116,116,1973820.9023220453,537344.5908335563,3700939,20200629,20200630,0.32390440311621094,0.6202867780885334,0.05580881879525565,0.4827645772056803,636799.0,0.32390440311621094,0.6202867780885334,0.05580881879525565,0.4827645772056803,636799.0,-0.14951617873651774,0.28846153846153844,-0.14951617873651774,0.28846153846153844,1,1,3,0,0,0,1,0,0
228436,ZA3,Nothern Cape,ZA3,Nothern Cape,ZA345,John Taolo Gaetsewe,ZA309,Frances Baard,2020-06-29,2020-06-29,4,4,4,1816780.15357432,855400.112522599,56369,20200629,20200629,0.31986957060536586,0.628082594956317,0.05204783443831712,0.4959027820806741,258224.0,0.2860169290028057,0.6497360787483951,0.06424699224879928,0.49189928194398214,420580.0,-0.13480926430517712,0.3076923076923077,0.29907801418439717,0.8846153846153846,1,1,3,0,0,0,1,0,0
228437,ZA8,Mpumalanga,ZA7,Gauteng,ZA831,Nkangala,ZA742,Sedibeng,2020-06-29,2020-06-29,20,20,16,3330748.317421988,1365838.769185734,130278,20200629,20200629,0.27290691475673784,0.6711806877078121,0.055912397535449986,0.5109201270525474,1573837.0,0.24393339879416723,0.6953819961266214,0.06068460507921129,0.5059130831550246,994997.0,0.07867808219178082,0.6730769230769231,0.2808379746835443,0.8461538461538461,1,1,3,0,0,0,1,0,0
228438,ZA7,Gauteng,ZA7,Gauteng,ZA797,Ekurhuleni,ZA798,City of Johannesburg,2020-06-29,2020-06-29,3645,3519,3360,254415464.1735555,84237239.82007639,19814924,20200629,20200629,0.23296733680905687,0.7203157619169479,0.04671690127399521,0.5205474946472306,3739653.0,0.2220629170143196,0.7299897648810346,0.047947318104645836,0.5097433964893054,5540727.0,0.7435109289617486,0.9615384615384616,0.8818060606060606,1.0,1,1,3,0,0,0,1,0,0
228439,ZA7,Gauteng,ZA7,Gauteng,ZA798,City of Johannesburg,ZA799,City of Tshwane,2020-06-29,2020-06-29,1314,1295,1267,145341810.29180813,56464233.956458025,9678485,20200629,20200629,0.2220629170143196,0.7299897648810346,0.047947318104645836,0.5097433964893054,5540727.0,0.22283079372412132,0.7204843127840075,0.056684893491871245,0.5057337597223363,3627986.0,0.8818060606060606,1.0,0.48224212034383956,0.9038461538461539,1,1,3,0,0,0,1,0,0
228440,ZA1,Western Cape,ZA1,Western Cape,ZA191,City of Cape Town,ZA104,Eden,2020-06-29,2020-06-29,24,24,24,13680445.300322838,8581118.551050512,573802,20200629,20200629,0.23849582985172932,0.697186217784503,0.06431795236376775,0.4976008771049945,4436413.0,0.24710205256745305,0.6628052101466374,0.09009273728590954,0.4993180863678119,673839.0,0.7687640750670242,0.9807692307692307,0.0004522691705790296,0.5384615384615384,1,1,3,0,0,0,1,0,0
228441,ZA5,KwaZulu-Natal,ZA8,Mpumalanga,ZA526,Zululand,ZA830,Gert Sibande,2020-06-29,2020-06-29,4,4,4,1633523.1748995408,546707.5364216618,45879,20200629,20200629,0.392497537624586,0.5542130860581069,0.053289376317307055,0.4651401640222711,783796.0,0.30688245639051287,0.6412288994160756,0.05188864419341153,0.49968312815881616,1136106.0,-0.2762355212355212,0.09615384615384616,-0.11248741610738255,0.36538461538461536,1,1,3,0,0,0,1,0,0
228442,ZA7,Gauteng,ZA7,Gauteng,ZA797,Ekurhuleni,ZA742,Sedibeng,2020-06-29,2020-06-29,389,383,364,44822620.34932464,16902147.65749563,2394325,20200629,20200629,0.23296733680905687,0.7203157619169479,0.04671690127399521,0.5205474946472306,3739653.0,0.24393339879416723,0.6953819961266214,0.06068460507921129,0.5059130831550246,994997.0,0.7435109289617486,0.9615384615384616,0.2808379746835443,0.8461538461538461,1,1,3,0,0,0,1,0,0
228443,ZA6,North West,ZA6,North West,ZA637,Bojanala,ZA638,Ngaka Modiri Molema,2020-06-29,2020-06-29,14,14,14,3927694.826089353,1732590.151564286,135904,20200629,20200629,0.25082919250139085,0.6903465537718604,0.05882425372674875,0.5380589003726469,1786678.0,0.3236353449196357,0.6078801705223251,0.06848448455803925,0.4964769205863341,870971.0,0.07430676328502415,0.6538461538461539,-0.18344824707846413,0.23076923076923078,1,1,3,0,0,0,1,0,0
228444,ZA5,KwaZulu-Natal,ZA5,KwaZulu-Natal,ZA522,Umgungundlovu,ZA529,iLembe,2020-06-29,2020-06-29,12,12,12,3205934.983039689,1242952.109064351,191598,20200629,20200629,0.2748377359932372,0.663873035280183,0.06128922872657978,0.48236181888519014,1046905.0,0.32390440311621094,0.6202867780885334,0.05580881879525565,0.4827645772056803,636799.0,0.0061256544502617805,0.5769230769230769,-0.14951617873651774,0.28846153846153844,1,1,3,0,0,0,1,0,0
228445,ZA7,Gauteng,ZA7,Gauteng,ZA799,City of Tshwane,ZA797,Ekurhuleni,2020-06-29,2020-06-29,1071,1058,1033,137475147.18563703,44725457.64837119,6946585,20200629,20200629,0.22283079372412132,0.7204843127840075,0.056684893491871245,0.5057337597223363,3627986.0,0.23296733680905687,0.7203157619169479,0.04671690127399521,0.5205474946472306,3739653.0,0.48224212034383956,0.9038461538461539,0.7435109289617486,0.9615384615384616,1,1,3,0,0,0,1,0,0
228446,ZA7,Gauteng,ZA7,Gauteng,ZA797,Ekurhuleni,ZA798,City of Johannesburg,2020-06-29,2020-06-30,148,148,148,10718474.13707504,2977184.4942901046,4443592,20200629,20200630,0.23296733680905687,0.7203157619169479,0.04671690127399521,0.5205474946472306,3739653.0,0.2220629170143196,0.7299897648810346,0.047947318104645836,0.5097433964893054,5540727.0,0.7435109289617486,0.9615384615384616,0.8818060606060606,1.0,1,1,3,0,0,0,1,0,0
228447,ZA5,KwaZulu-Natal,ZA5,KwaZulu-Natal,ZA522,Umgungundlovu,ZA524,Umzinyathi,2020-06-29,2020-06-29,14,14,12,3318293.3738804376,1419868.8392738998,150429,20200629,20200629,0.2748377359932372,0.663873035280183,0.06128922872657978,0.48236181888519014,1046905.0,0.3952311253914291,0.5454951881678106,0.05927368644076033,0.451447242842509,514461.0,0.0061256544502617805,0.5769230769230769,-0.28225945945945946,0.07692307692307693,1,1,3,0,0,0,1,0,0
228448,ZA2,Eastern Cape,ZA2,Eastern Cape,ZA292,Buffalo City,ZA212,Amathole,2020-06-29,2020-06-30,5,5,5,475528.8824882554,212791.05451866373,224099,20200629,20200630,0.254980022080858,0.6758306608485358,0.06918931707060617,0.48177934914042375,760840.0,0.32816698449842097,0.5696178168124134,0.1022151986891656,0.47434426623917664,789726.0,0.09585175879396986,0.6923076923076923,-0.3192883211678832,0.019230769230769232,1,1,3,0,0,0,1,0,0
228449,ZA4,Free State,ZA4,Free State,ZA494,Mangaung,ZA416,Xhariep,2020-06-29,2020-06-29,20,20,19,6233252.421016916,2032141.4201227285,115204,20200629,20200629,0.26262942751272955,0.6754982029249197,0.06187236956235082,0.4901411892511804,826621.0,0.29515218562959183,0.6325513667867511,0.07229644758365718,0.5005153225730198,105759.0,0.27329104477611943,0.8269230769230769,0.18671264367816093,0.7692307692307693,1,1,3,0,0,0,1,0,0
228450,ZA6,North West,ZA6,North West,ZA637,Bojanala,ZA637,Bojanala,2020-06-29,2020-06-29,5420,2502,1619,252404663.2454667,55507432.85599026,21173032,20200629,20200629,0.25082919250139085,0.6903465537718604,0.05882425372674875,0.5380589003726469,1786678.0,0.25082919250139085,0.6903465537718604,0.05882425372674875,0.5380589003726469,1786678.0,0.07430676328502415,0.6538461538461539,0.07430676328502415,0.6538461538461539,1,1,3,0,0,0,1,0,0
228451,ZA6,North West,ZA3,Nothern Cape,ZA639,Dr Ruth Segomotsi Mompati,ZA307,Pixley ka Seme,2020-06-29,2020-06-29,1,1,1,349609.9993753801,179017.553771677,21359,20200629,20200629,0.3412335579082451,0.5850872971649528,0.07367914492680208,0.4911837461796937,473784.0,0.3060749448635213,0.6232332132979509,0.0706918418385278,0.5011842246002923,196331.0,-0.16626678765880218,0.2692307692307692,0.1854655172413793,0.75,1,1,3,0,0,0,1,0,0
228453,ZA9,Limpopo,ZA7,Gauteng,ZA947,Sekhukhune,ZA799,City of Tshwane,2020-06-29,2020-06-29,10,10,10,4286868.622643659,1610484.5403335982,172011,20200629,20200629,0.3536917516859454,0.5707075150199985,0.07560073329405607,0.46486328935523974,1125333.0,0.22283079372412132,0.7204843127840075,0.056684893491871245,0.5057337597223363,3627986.0,-0.06015677966101695,0.4423076923076923,0.48224212034383956,0.9038461538461539,1,1,3,0,0,0,1,0,0
228454,ZA7,Gauteng,ZA8,Mpumalanga,ZA799,City of Tshwane,ZA832,Ehlanzeni,2020-06-29,2020-06-29,9,9,9,5362922.284914604,2933770.7644340927,153382,20200629,20200629,0.22283079372412132,0.7204843127840075,0.056684893491871245,0.5057337597223363,3627986.0,0.32438893780700045,0.6235217992770762,0.05208926291592337,0.47979089412028486,1837538.0,0.48224212034383956,0.9038461538461539,0.1315940928270042,0.7307692307692307,1,1,3,0,0,0,1,0,0
228455,ZA7,Gauteng,ZA8,Mpumalanga,ZA798,City of Johannesburg,ZA832,Ehlanzeni,2020-06-29,2020-06-29,8,8,8,4341010.94058951,3027637.986729285,197497,20200629,20200629,0.2220629170143196,0.7299897648810346,0.047947318104645836,0.5097433964893054,5540727.0,0.32438893780700045,0.6235217992770762,0.05208926291592337,0.47979089412028486,1837538.0,0.8818060606060606,1.0,0.1315940928270042,0.7307692307692307,1,1,3,0,0,0,1,0,0
228456,ZA6,North West,ZA4,Free State,ZA640,Dr Kenneth Kaunda,ZA420,Fezile Dabi,2020-06-29,2020-06-30,4,4,4,347299.7679758545,153980.82108402596,61674,20200629,20200630,0.27505895171327793,0.6602340041700301,0.06470704411669191,0.5065976875287468,754431.0,0.2705098118551487,0.6604572122193,0.06903297592555128,0.5050070807202104,494300.0,-0.10069384057971015,0.38461538461538464,0.2276555023923445,0.7884615384615384,1,1,3,0,0,0,1,0,0
228457,ZA2,Eastern Cape,ZA7,Gauteng,ZA213,Chris Hani,ZA798,City of Johannesburg,2020-06-29,2020-06-29,1,1,1,1028553.4962818788,702355.455364922,28565,20200629,20200629,0.334940582305372,0.572656560540376,0.09240285715425203,0.478383232498069,752217.0,0.2220629170143196,0.7299897648810346,0.047947318104645836,0.5097433964893054,5540727.0,-0.29251697892271666,0.057692307692307696,0.8818060606060606,1.0,1,1,3,0,0,0,1,0,0
228458,ZA5,KwaZulu-Natal,ZA4,Free State,ZA595,eThekwini,ZA419,Thabo Mofutsanyane,2020-06-29,2020-06-30,1,1,1,532319.7812066913,240192.7037360116,29725,20200629,20200630,0.2446364969883556,0.6990922562931536,0.05627124671849075,0.494610924976595,3587907.0,0.31143326559338835,0.6251823622683981,0.06338437213821363,0.47028720831466336,662829.0,0.5666580406654343,0.9230769230769231,0.10770218579234972,0.7115384615384616,1,1,3,0,0,0,1,0,0
228459,ZA7,Gauteng,ZA7,Gauteng,ZA742,Sedibeng,ZA799,City of Tshwane,2020-06-29,2020-06-30,5,5,5,2168183.7130096327,389531.27763331647,75093,20200629,20200630,0.24393339879416723,0.6953819961266214,0.06068460507921129,0.5059130831550246,994997.0,0.22283079372412132,0.7204843127840075,0.056684893491871245,0.5057337597223363,3627986.0,0.2808379746835443,0.8461538461538461,0.48224212034383956,0.9038461538461539,1,1,3,0,0,0,1,0,0
228460,ZA6,North West,ZA8,Mpumalanga,ZA637,Bojanala,ZA831,Nkangala,2020-06-29,2020-06-29,5,5,5,1666893.9848120396,869749.563672252,90322,20200629,20200629,0.25082919250139085,0.6903465537718604,0.05882425372674875,0.5380589003726469,1786678.0,0.27290691475673784,0.6711806877078121,0.055912397535449986,0.5109201270525474,1573837.0,0.07430676328502415,0.6538461538461539,0.07867808219178082,0.6730769230769231,1,1,3,0,0,0,1,0,0
228461,ZA2,Eastern Cape,ZA2,Eastern Cape,ZA213,Chris Hani,ZA210,Cacadu,2020-06-29,2020-06-29,5,5,5,3295557.439710256,1007808.2303241084,42414,20200629,20200629,0.334940582305372,0.572656560540376,0.09240285715425203,0.478383232498069,752217.0,0.2618455236218228,0.6571170870354837,0.08103738934269357,0.4975242081945451,491156.0,-0.29251697892271666,0.057692307692307696,-0.01848062015503876,0.5,1,1,3,0,0,0,1,0,0
228462,ZA6,North West,ZA6,North West,ZA640,Dr Kenneth Kaunda,ZA639,Dr Ruth Segomotsi Mompati,2020-06-29,2020-06-29,12,12,12,3258360.410301878,1687134.623104059,129235,20200629,20200629,0.27505895171327793,0.6602340041700301,0.06470704411669191,0.5065976875287468,754431.0,0.3412335579082451,0.5850872971649528,0.07367914492680208,0.4911837461796937,473784.0,-0.10069384057971015,0.38461538461538464,-0.16626678765880218,0.2692307692307692,1,1,3,0,0,0,1,0,0
228463,ZA7,Gauteng,ZA9,Limpopo,ZA799,City of Tshwane,ZA935,Capricorn,2020-06-29,2020-06-29,14,14,14,8709404.767669601,3733212.470661088,212530,20200629,20200629,0.22283079372412132,0.7204843127840075,0.056684893491871245,0.5057337597223363,3627986.0,0.3265897738288558,0.6007690312860821,0.07264119488506209,0.472231826966417,1295656.0,0.48224212034383956,0.9038461538461539,0.07397387387387387,0.6346153846153846,1,1,3,0,0,0,1,0,0
228464,ZA1,Western Cape,ZA1,Western Cape,ZA104,Eden,ZA103,Overberg,2020-06-29,2020-06-29,7,7,7,1776732.180150462,1230467.2260966836,116680,20200629,20200629,0.24710205256745305,0.6628052101466374,0.09009273728590954,0.4993180863678119,673839.0,0.22836513904770692,0.6721314716747349,0.09950338927755827,0.511077351980676,303457.0,0.0004522691705790296,0.5384615384615384,0.051486772486772484,0.5961538461538461,1,1,3,0,0,0,1,0,0
228465,ZA1,Western Cape,ZA1,Western Cape,ZA105,Central Karoo,ZA104,Eden,2020-06-29,2020-06-29,2,2,2,563960.493823731,363427.9802826413,48147,20200629,20200629,0.29415328297801036,0.633639246216906,0.07220747080508365,0.4979247763656518,77582.0,0.24710205256745305,0.6628052101466374,0.09009273728590954,0.4993180863678119,673839.0,-0.12604477611940298,0.3269230769230769,0.0004522691705790296,0.5384615384615384,1,1,3,0,0,0,1,0,0
228466,ZA5,KwaZulu-Natal,ZA5,KwaZulu-Natal,ZA524,Umzinyathi,ZA522,Umgungundlovu,2020-06-29,2020-06-30,2,2,2,356282.23272123525,47118.17510461665,55541,20200629,20200630,0.3952311253914291,0.5454951881678106,0.05927368644076033,0.451447242842509,514461.0,0.2748377359932372,0.663873035280183,0.06128922872657978,0.48236181888519014,1046905.0,-0.28225945945945946,0.07692307692307693,0.0061256544502617805,0.5769230769230769,1,1,3,0,0,0,1,0,0
228467,ZA9,Limpopo,ZA6,North West,ZA936,Waterberg,ZA637,Bojanala,2020-06-29,2020-06-30,1,1,1,206262.00292595563,103120.4144362483,17668,20200629,20200630,0.2870915348782833,0.6477210572390478,0.06518740788266879,0.5138960603357211,718513.0,0.25082919250139085,0.6903465537718604,0.05882425372674875,0.5380589003726469,1786678.0,0.00236898395721925,0.5576923076923077,0.07430676328502415,0.6538461538461539,1,1,3,0,0,0,1,0,0
228468,ZA5,KwaZulu-Natal,ZA5,KwaZulu-Natal,ZA523,Uthukela,ZA524,Umzinyathi,2020-06-29,2020-06-29,8,7,7,1845687.3795503504,506074.39430915855,54086,20200629,20200629,0.36014331224838336,0.5864396074090654,0.05341708034255123,0.46782833191779016,652282.0,0.3952311253914291,0.5454951881678106,0.05927368644076033,0.451447242842509,514461.0,-0.19841226215644822,0.19230769230769232,-0.28225945945945946,0.07692307692307693,1,1,3,0,0,0,1,0,0
228469,ZA1,Western Cape,ZA7,Gauteng,ZA104,Eden,ZA798,City of Johannesburg,2020-06-29,2020-06-30,1,1,1,2189119.761336752,1084563.8296138628,58775,20200629,20200630,0.24710205256745305,0.6628052101466374,0.09009273728590954,0.4993180863678119,673839.0,0.2220629170143196,0.7299897648810346,0.047947318104645836,0.5097433964893054,5540727.0,0.0004522691705790296,0.5384615384615384,0.8818060606060606,1.0,1,1,3,0,0,0,1,0,0
228470,ZA8,Mpumalanga,ZA9,Limpopo,ZA831,Nkangala,ZA947,Sekhukhune,2020-06-29,2020-06-30,1,1,1,153838.65304364308,152869.949195541,30925,20200629,20200630,0.27290691475673784,0.6711806877078121,0.055912397535449986,0.5109201270525474,1573837.0,0.3536917516859454,0.5707075150199985,0.07560073329405607,0.46486328935523974,1125333.0,0.07867808219178082,0.6730769230769231,-0.06015677966101695,0.4423076923076923,1,1,3,0,0,0,1,0,0
228471,ZA7,Gauteng,ZA4,Free State,ZA799,City of Tshwane,ZA420,Fezile Dabi,2020-06-29,2020-06-29,9,9,9,4030659.5834267526,1604531.0592361337,142378,20200629,20200629,0.22283079372412132,0.7204843127840075,0.056684893491871245,0.5057337597223363,3627986.0,0.2705098118551487,0.6604572122193,0.06903297592555128,0.5050070807202104,494300.0,0.48224212034383956,0.9038461538461539,0.2276555023923445,0.7884615384615384,1,1,3,0,0,0,1,0,0
228472,ZA4,Free State,ZA5,KwaZulu-Natal,ZA419,Thabo Mofutsanyane,ZA595,eThekwini,2020-06-29,2020-06-29,4,4,4,2410827.2053725524,1178516.7905173183,68720,20200629,20200629,0.31143326559338835,0.6251823622683981,0.06338437213821363,0.47028720831466336,662829.0,0.2446364969883556,0.6990922562931536,0.05627124671849075,0.494610924976595,3587907.0,0.10770218579234972,0.7115384615384616,0.5666580406654343,0.9230769230769231,1,1,3,0,0,0,1,0,0
228473,ZA7,Gauteng,ZA8,Mpumalanga,ZA799,City of Tshwane,ZA831,Nkangala,2020-06-29,2020-06-30,8,8,8,973425.6193503176,482528.7320651149,205881,20200629,20200630,0.22283079372412132,0.7204843127840075,0.056684893491871245,0.5057337597223363,3627986.0,0.27290691475673784,0.6711806877078121,0.055912397535449986,0.5109201270525474,1573837.0,0.48224212034383956,0.9038461538461539,0.07867808219178082,0.6730769230769231,1,1,3,0,0,0,1,0,0
228474,ZA2,Eastern Cape,ZA4,Free State,ZA213,Chris Hani,ZA419,Thabo Mofutsanyane,2020-06-29,2020-06-29,1,1,1,2096341.4976025228,480252.707034138,24523,20200629,20200629,0.334940582305372,0.572656560540376,0.09240285715425203,0.478383232498069,752217.0,0.31143326559338835,0.6251823622683981,0.06338437213821363,0.47028720831466336,662829.0,-0.29251697892271666,0.057692307692307696,0.10770218579234972,0.7115384615384616,1,1,3,0,0,0,1,0,0
228475,ZA7,Gauteng,ZA9,Limpopo,ZA797,Ekurhuleni,ZA933,Mopani,2020-06-29,2020-06-29,3,3,3,1172204.241486011,1171327.156280116,74929,20200629,20200629,0.23296733680905687,0.7203157619169479,0.04671690127399521,0.5205474946472306,3739653.0,0.3329418650827259,0.6026296126910996,0.06442852222617454,0.46142626187343905,1062666.0,0.7435109289617486,0.9615384615384616,-0.037928345626975765,0.4807692307692308,1,1,3,0,0,0,1,0,0
228476,ZA4,Free State,ZA8,Mpumalanga,ZA420,Fezile Dabi,ZA830,Gert Sibande,2020-06-29,2020-06-30,2,2,2,480923.21373712085,194008.63046920075,53360,20200629,20200630,0.2705098118551487,0.6604572122193,0.06903297592555128,0.5050070807202104,494300.0,0.30688245639051287,0.6412288994160756,0.05188864419341153,0.49968312815881616,1136106.0,0.2276555023923445,0.7884615384615384,-0.11248741610738255,0.36538461538461536,1,1,3,0,0,0,1,0,0
228477,ZA3,Nothern Cape,ZA4,Free State,ZA307,Pixley ka Seme,ZA416,Xhariep,2020-06-29,2020-06-29,10,10,10,1901023.5291849312,1401845.7911827543,28251,20200629,20200629,0.3060749448635213,0.6232332132979509,0.0706918418385278,0.5011842246002923,196331.0,0.29515218562959183,0.6325513667867511,0.07229644758365718,0.5005153225730198,105759.0,0.1854655172413793,0.75,0.18671264367816093,0.7692307692307693,1,1,3,0,0,0,1,0,0
228478,ZA1,Western Cape,ZA1,Western Cape,ZA103,Overberg,ZA102,Cape Winelands,2020-06-29,2020-06-29,34,33,33,5622153.486364973,2453344.527326066,365233,20200629,20200629,0.22836513904770692,0.6721314716747349,0.09950338927755827,0.511077351980676,303457.0,0.24989252608235304,0.6902123420738123,0.059895131843834624,0.5011121214086944,909523.0,0.051486772486772484,0.5961538461538461,-0.012388831437435367,0.5192307692307693,1,1,3,0,0,0,1,0,0
228479,ZA7,Gauteng,ZA6,North West,ZA797,Ekurhuleni,ZA639,Dr Ruth Segomotsi Mompati,2020-06-29,2020-06-29,2,2,2,1979658.7483486668,788934.6210893011,28651,20200629,20200629,0.23296733680905687,0.7203157619169479,0.04671690127399521,0.5205474946472306,3739653.0,0.3412335579082451,0.5850872971649528,0.07367914492680208,0.4911837461796937,473784.0,0.7435109289617486,0.9615384615384616,-0.16626678765880218,0.2692307692307692,1,1,3,0,0,0,1,0,0
228480,ZA5,KwaZulu-Natal,ZA5,KwaZulu-Natal,ZA524,Umzinyathi,ZA529,iLembe,2020-06-29,2020-06-29,1,1,1,6615.8719786989295,964.8502681559166,704,20200629,20200629,0.3952311253914291,0.5454951881678106,0.05927368644076033,0.451447242842509,514461.0,0.32390440311621094,0.6202867780885334,0.05580881879525565,0.4827645772056803,636799.0,-0.28225945945945946,0.07692307692307693,-0.14951617873651774,0.28846153846153844,1,1,3,0,0,0,1,0,0
228481,ZA9,Limpopo,ZA9,Limpopo,ZA934,Vhembe,ZA935,Capricorn,2020-06-29,2020-06-29,22,22,22,6206838.39514928,2265751.995014285,168368,20200629,20200629,0.3433867460978093,0.5887604530714541,0.06785280083073665,0.4597374214109392,1325089.0,0.3265897738288558,0.6007690312860821,0.07264119488506209,0.472231826966417,1295656.0,-0.0767829596412556,0.4230769230769231,0.07397387387387387,0.6346153846153846,1,1,3,0,0,0,1,0,0
228482,ZA5,KwaZulu-Natal,ZA5,KwaZulu-Natal,ZA522,Umgungundlovu,ZA521,Ugu,2020-06-29,2020-06-29,5,5,5,1894995.7648888617,810088.4313040636,85958,20200629,20200629,0.2748377359932372,0.663873035280183,0.06128922872657978,0.48236181888519014,1046905.0,0.32122674606698143,0.6016982741355622,0.07707497979745637,0.47391596021954596,714019.0,0.0061256544502617805,0.5769230769230769,-0.09480895915678524,0.40384615384615385,1,1,3,0,0,0,1,0,0
228483,ZA9,Limpopo,ZA9,Limpopo,ZA947,Sekhukhune,ZA935,Capricorn,2020-06-29,2020-06-29,5,5,5,1149927.6364941727,424625.1523526781,44806,20200629,20200629,0.3536917516859454,0.5707075150199985,0.07560073329405607,0.46486328935523974,1125333.0,0.3265897738288558,0.6007690312860821,0.07264119488506209,0.472231826966417,1295656.0,-0.06015677966101695,0.4423076923076923,0.07397387387387387,0.6346153846153846,1,1,3,0,0,0,1,0,0
228484,ZA7,Gauteng,ZA6,North West,ZA798,City of Johannesburg,ZA640,Dr Kenneth Kaunda,2020-06-29,2020-06-29,24,24,24,9001633.3831032,3661727.518112138,325377,20200629,20200629,0.2220629170143196,0.7299897648810346,0.047947318104645836,0.5097433964893054,5540727.0,0.27505895171327793,0.6602340041700301,0.06470704411669191,0.5065976875287468,754431.0,0.8818060606060606,1.0,-0.10069384057971015,0.38461538461538464,1,1,3,0,0,0,1,0,0
228485,ZA9,Limpopo,ZA8,Mpumalanga,ZA947,Sekhukhune,ZA831,Nkangala,2020-06-29,2020-06-30,2,2,2,265001.7090156821,132492.9309171941,62821,20200629,20200630,0.3536917516859454,0.5707075150199985,0.07560073329405607,0.46486328935523974,1125333.0,0.27290691475673784,0.6711806877078121,0.055912397535449986,0.5109201270525474,1573837.0,-0.06015677966101695,0.4423076923076923,0.07867808219178082,0.6730769230769231,1,1,3,0,0,0,1,0,0
228486,ZA7,Gauteng,ZA4,Free State,ZA748,West Rand,ZA420,Fezile Dabi,2020-06-29,2020-06-29,5,5,5,1445817.2540088382,464267.6002553941,41419,20200629,20200629,0.23154887232085752,0.7207832829912092,0.047667844687933295,0.5288128906961219,856804.0,0.2705098118551487,0.6604572122193,0.06903297592555128,0.5050070807202104,494300.0,0.23715802469135805,0.8076923076923077,0.2276555023923445,0.7884615384615384,1,1,3,0,0,0,1,0,0
228487,ZA7,Gauteng,ZA6,North West,ZA748,West Rand,ZA638,Ngaka Modiri Molema,2020-06-29,2020-06-29,3,3,3,1459296.044584544,720568.7205022004,30993,20200629,20200629,0.23154887232085752,0.7207832829912092,0.047667844687933295,0.5288128906961219,856804.0,0.3236353449196357,0.6078801705223251,0.06848448455803925,0.4964769205863341,870971.0,0.23715802469135805,0.8076923076923077,-0.18344824707846413,0.23076923076923078,1,1,3,0,0,0,1,0,0
228488,ZA6,North West,ZA4,Free State,ZA637,Bojanala,ZA418,Lejweleputswa,2020-06-29,2020-06-29,1,1,1,307726.72794867714,297547.82943466183,22918,20200629,20200629,0.25082919250139085,0.6903465537718604,0.05882425372674875,0.5380589003726469,1786678.0,0.27941650281351393,0.6617931601395349,0.058790337046951115,0.500105365269169,574193.0,0.07430676328502415,0.6538461538461539,0.29495049504950493,0.8653846153846154,1,1,3,0,0,0,1,0,0
228489,ZA3,Nothern Cape,ZA3,Nothern Cape,ZA307,Pixley ka Seme,ZA306,Namakwa,2020-06-29,2020-06-29,1,1,1,245542.90491120116,122438.82969723828,10907,20200629,20200629,0.3060749448635213,0.6232332132979509,0.0706918418385278,0.5011842246002923,196331.0,0.2479438366342976,0.6592106724059887,0.09284549095971371,0.5132337492633683,117087.0,0.1854655172413793,0.75,0.06505633802816901,0.6153846153846154,1,1,3,0,0,0,1,0,0
228490,ZA2,Eastern Cape,ZA2,Eastern Cape,ZA214,Joe Gqabi,ZA213,Chris Hani,2020-06-29,2020-06-29,13,13,13,3526393.0625700867,925658.9291948793,120421,20200629,20200629,0.3340471849013029,0.5799636495391386,0.08598916555955849,0.47733103958194023,339473.0,0.334940582305372,0.572656560540376,0.09240285715425203,0.478383232498069,752217.0,-0.1839776119402985,0.21153846153846154,-0.29251697892271666,0.057692307692307696,1,1,3,0,0,0,1,0,0
228491,ZA6,North West,ZA7,Gauteng,ZA637,Bojanala,ZA799,City of Tshwane,2020-06-29,2020-06-30,22,22,22,2025009.8335217773,850358.5297309431,773522,20200629,20200630,0.25082919250139085,0.6903465537718604,0.05882425372674875,0.5380589003726469,1786678.0,0.22283079372412132,0.7204843127840075,0.056684893491871245,0.5057337597223363,3627986.0,0.07430676328502415,0.6538461538461539,0.48224212034383956,0.9038461538461539,1,1,3,0,0,0,1,0,0
228492,ZA1,Western Cape,ZA1,Western Cape,ZA102,Cape Winelands,ZA103,Overberg,2020-06-29,2020-06-30,10,10,10,1354798.0327847372,545281.6709322546,159994,20200629,20200630,0.24989252608235304,0.6902123420738123,0.059895131843834624,0.5011121214086944,909523.0,0.22836513904770692,0.6721314716747349,0.09950338927755827,0.511077351980676,303457.0,-0.012388831437435367,0.5192307692307693,0.051486772486772484,0.5961538461538461,1,1,3,0,0,0,1,0,0
228493,ZA7,Gauteng,ZA4,Free State,ZA798,City of Johannesburg,ZA494,Mangaung,2020-06-29,2020-06-29,3,3,3,1580446.50269629,1068926.0081641076,69062,20200629,20200629,0.2220629170143196,0.7299897648810346,0.047947318104645836,0.5097433964893054,5540727.0,0.26262942751272955,0.6754982029249197,0.06187236956235082,0.4901411892511804,826621.0,0.8818060606060606,1.0,0.27329104477611943,0.8269230769230769,1,1,3,0,0,0,1,0,0
228494,ZA7,Gauteng,ZA6,North West,ZA799,City of Tshwane,ZA638,Ngaka Modiri Molema,2020-06-29,2020-06-30,1,1,1,660466.10084331,270035.8295145507,61641,20200629,20200630,0.22283079372412132,0.7204843127840075,0.056684893491871245,0.5057337597223363,3627986.0,0.3236353449196357,0.6078801705223251,0.06848448455803925,0.4964769205863341,870971.0,0.48224212034383956,0.9038461538461539,-0.18344824707846413,0.23076923076923078,1,1,3,0,0,0,1,0,0
228495,ZA5,KwaZulu-Natal,ZA5,KwaZulu-Natal,ZA523,Uthukela,ZA521,Ugu,2020-06-29,2020-06-29,2,2,2,650631.9643609326,650631.9643609326,49658,20200629,20200629,0.36014331224838336,0.5864396074090654,0.05341708034255123,0.46782833191779016,652282.0,0.32122674606698143,0.6016982741355622,0.07707497979745637,0.47391596021954596,714019.0,-0.19841226215644822,0.19230769230769232,-0.09480895915678524,0.40384615384615385,1,1,3,0,0,0,1,0,0
228496,ZA6,North West,ZA4,Free State,ZA640,Dr Kenneth Kaunda,ZA418,Lejweleputswa,2020-06-29,2020-06-30,2,2,2,274448.7424582539,130223.31022971804,52633,20200629,20200630,0.27505895171327793,0.6602340041700301,0.06470704411669191,0.5065976875287468,754431.0,0.27941650281351393,0.6617931601395349,0.058790337046951115,0.500105365269169,574193.0,-0.10069384057971015,0.38461538461538464,0.29495049504950493,0.8653846153846154,1,1,3,0,0,0,1,0,0
228497,ZA3,Nothern Cape,ZA3,Nothern Cape,ZA309,Frances Baard,ZA307,Pixley ka Seme,2020-06-29,2020-06-29,18,18,17,4080396.122802284,2118145.927448713,193257,20200629,20200629,0.2860169290028057,0.6497360787483951,0.06424699224879928,0.49189928194398214,420580.0,0.3060749448635213,0.6232332132979509,0.0706918418385278,0.5011842246002923,196331.0,0.29907801418439717,0.8846153846153846,0.1854655172413793,0.75,1,1,3,0,0,0,1,0,0
228498,ZA5,KwaZulu-Natal,ZA5,KwaZulu-Natal,ZA543,Sisonke,ZA595,eThekwini,2020-06-29,2020-06-29,12,12,12,5157258.297706608,2012049.610472644,190394,20200629,20200629,0.37293146983899067,0.5707096800166399,0.05635885014436937,0.4671305273563743,447117.0,0.2446364969883556,0.6990922562931536,0.05627124671849075,0.494610924976595,3587907.0,-0.2112274881516588,0.17307692307692307,0.5666580406654343,0.9230769230769231,1,1,3,0,0,0,1,0,0
228500,ZA9,Limpopo,ZA4,Free State,ZA936,Waterberg,ZA419,Thabo Mofutsanyane,2020-06-29,2020-06-29,1,1,1,1819394.7871466028,448810.30171152815,23307,20200629,20200629,0.2870915348782833,0.6477210572390478,0.06518740788266879,0.5138960603357211,718513.0,0.31143326559338835,0.6251823622683981,0.06338437213821363,0.47028720831466336,662829.0,0.00236898395721925,0.5576923076923077,0.10770218579234972,0.7115384615384616,1,1,3,0,0,0,1,0,0
228501,ZA5,KwaZulu-Natal,ZA8,Mpumalanga,ZA522,Umgungundlovu,ZA830,Gert Sibande,2020-06-29,2020-06-29,2,2,2,1703767.7989279304,743536.7756470749,12587,20200629,20200629,0.2748377359932372,0.663873035280183,0.06128922872657978,0.48236181888519014,1046905.0,0.30688245639051287,0.6412288994160756,0.05188864419341153,0.49968312815881616,1136106.0,0.0061256544502617805,0.5769230769230769,-0.11248741610738255,0.36538461538461536,1,1,3,0,0,0,1,0,0
228502,ZA7,Gauteng,ZA7,Gauteng,ZA742,Sedibeng,ZA798,City of Johannesburg,2020-06-29,2020-06-30,27,27,27,3515777.1264309147,1169118.0323083163,838919,20200629,20200630,0.24393339879416723,0.6953819961266214,0.06068460507921129,0.5059130831550246,994997.0,0.2220629170143196,0.7299897648810346,0.047947318104645836,0.5097433964893054,5540727.0,0.2808379746835443,0.8461538461538461,0.8818060606060606,1.0,1,1,3,0,0,0,1,0,0
228503,ZA8,Mpumalanga,ZA8,Mpumalanga,ZA830,Gert Sibande,ZA832,Ehlanzeni,2020-06-29,2020-06-30,4,4,4,578723.8679188672,160336.09302533854,64207,20200629,20200630,0.30688245639051287,0.6412288994160756,0.05188864419341153,0.49968312815881616,1136106.0,0.32438893780700045,0.6235217992770762,0.05208926291592337,0.47979089412028486,1837538.0,-0.11248741610738255,0.36538461538461536,0.1315940928270042,0.7307692307692307,1,1,3,0,0,0,1,0,0
228504,ZA7,Gauteng,ZA4,Free State,ZA797,Ekurhuleni,ZA418,Lejweleputswa,2020-06-29,2020-06-29,1,1,1,622472.890316287,250637.0871944522,15301,20200629,20200629,0.23296733680905687,0.7203157619169479,0.04671690127399521,0.5205474946472306,3739653.0,0.27941650281351393,0.6617931601395349,0.058790337046951115,0.500105365269169,574193.0,0.7435109289617486,0.9615384615384616,0.29495049504950493,0.8653846153846154,1,1,3,0,0,0,1,0,0
228505,ZA2,Eastern Cape,ZA2,Eastern Cape,ZA212,Amathole,ZA293,Nelson Mandela Bay,2020-06-29,2020-06-29,1,1,1,163703.9254606368,163703.9254606368,22515,20200629,20200629,0.32816698449842097,0.5696178168124134,0.1022151986891656,0.47434426623917664,789726.0,0.2465186661259611,0.6842154879637478,0.0692658459102911,0.4877654529777138,1230491.0,-0.3192883211678832,0.019230769230769232,0.5740514018691588,0.9423076923076923,1,1,3,0,0,0,1,0,0
228506,ZA5,KwaZulu-Natal,ZA7,Gauteng,ZA526,Zululand,ZA798,City of Johannesburg,2020-06-29,2020-06-29,2,2,2,2136828.275224817,799998.4484764895,72721,20200629,20200629,0.392497537624586,0.5542130860581069,0.053289376317307055,0.4651401640222711,783796.0,0.2220629170143196,0.7299897648810346,0.047947318104645836,0.5097433964893054,5540727.0,-0.2762355212355212,0.09615384615384616,0.8818060606060606,1.0,1,1,3,0,0,0,1,0,0
228508,ZA2,Eastern Cape,ZA2,Eastern Cape,ZA210,Cacadu,ZA292,Buffalo City,2020-06-29,2020-06-29,4,4,4,1524812.3511927065,650816.3225345566,33889,20200629,20200629,0.2618455236218228,0.6571170870354837,0.08103738934269357,0.4975242081945451,491156.0,0.254980022080858,0.6758306608485358,0.06918931707060617,0.48177934914042375,760840.0,-0.01848062015503876,0.5,0.09585175879396986,0.6923076923076923,1,1,3,0,0,0,1,0,0
228509,ZA3,Nothern Cape,ZA3,Nothern Cape,ZA345,John Taolo Gaetsewe,ZA345,John Taolo Gaetsewe,2020-06-29,2020-06-30,71,71,71,2430949.758103793,669047.7852672145,2525784,20200629,20200630,0.31986957060536586,0.628082594956317,0.05204783443831712,0.4959027820806741,258224.0,0.31986957060536586,0.628082594956317,0.05204783443831712,0.4959027820806741,258224.0,-0.13480926430517712,0.3076923076923077,-0.13480926430517712,0.3076923076923077,1,1,3,0,0,0,1,0,0
228510,ZA7,Gauteng,ZA7,Gauteng,ZA797,Ekurhuleni,ZA742,Sedibeng,2020-06-29,2020-06-30,21,21,21,1901521.4733172,772607.46515307,726806,20200629,20200630,0.23296733680905687,0.7203157619169479,0.04671690127399521,0.5205474946472306,3739653.0,0.24393339879416723,0.6953819961266214,0.06068460507921129,0.5059130831550246,994997.0,0.7435109289617486,0.9615384615384616,0.2808379746835443,0.8461538461538461,1,1,3,0,0,0,1,0,0
228511,ZA2,Eastern Cape,ZA2,Eastern Cape,ZA210,Cacadu,ZA212,Amathole,2020-06-29,2020-06-29,6,6,6,1352761.9749278296,574120.7269701512,62814,20200629,20200629,0.2618455236218228,0.6571170870354837,0.08103738934269357,0.4975242081945451,491156.0,0.32816698449842097,0.5696178168124134,0.1022151986891656,0.47434426623917664,789726.0,-0.01848062015503876,0.5,-0.3192883211678832,0.019230769230769232,1,1,3,0,0,0,1,0,0
228512,ZA4,Free State,ZA7,Gauteng,ZA494,Mangaung,ZA799,City of Tshwane,2020-06-29,2020-06-29,5,5,5,3014969.3147585005,2143241.1710559702,114410,20200629,20200629,0.26262942751272955,0.6754982029249197,0.06187236956235082,0.4901411892511804,826621.0,0.22283079372412132,0.7204843127840075,0.056684893491871245,0.5057337597223363,3627986.0,0.27329104477611943,0.8269230769230769,0.48224212034383956,0.9038461538461539,1,1,3,0,0,0,1,0,0
228513,ZA5,KwaZulu-Natal,ZA5,KwaZulu-Natal,ZA523,Uthukela,ZA522,Umgungundlovu,2020-06-29,2020-06-29,13,13,13,3786103.6608553706,1542376.2861072412,138981,20200629,20200629,0.36014331224838336,0.5864396074090654,0.05341708034255123,0.46782833191779016,652282.0,0.2748377359932372,0.663873035280183,0.06128922872657978,0.48236181888519014,1046905.0,-0.19841226215644822,0.19230769230769232,0.0061256544502617805,0.5769230769230769,1,1,3,0,0,0,1,0,0
228514,ZA9,Limpopo,ZA6,North West,ZA935,Capricorn,ZA640,Dr Kenneth Kaunda,2020-06-29,2020-06-30,1,1,1,604697.5621224318,384322.55830458255,102488,20200629,20200630,0.3265897738288558,0.6007690312860821,0.07264119488506209,0.472231826966417,1295656.0,0.27505895171327793,0.6602340041700301,0.06470704411669191,0.5065976875287468,754431.0,0.07397387387387387,0.6346153846153846,-0.10069384057971015,0.38461538461538464,1,1,3,0,0,0,1,0,0
228515,ZA7,Gauteng,ZA8,Mpumalanga,ZA797,Ekurhuleni,ZA830,Gert Sibande,2020-06-29,2020-06-30,1,1,1,126153.72921297944,72034.56416210793,31540,20200629,20200630,0.23296733680905687,0.7203157619169479,0.04671690127399521,0.5205474946472306,3739653.0,0.30688245639051287,0.6412288994160756,0.05188864419341153,0.49968312815881616,1136106.0,0.7435109289617486,0.9615384615384616,-0.11248741610738255,0.36538461538461536,1,1,3,0,0,0,1,0,0
228516,ZA5,KwaZulu-Natal,ZA5,KwaZulu-Natal,ZA523,Uthukela,ZA595,eThekwini,2020-06-29,2020-06-29,14,14,14,7082249.718369061,2754642.1746787494,271837,20200629,20200629,0.36014331224838336,0.5864396074090654,0.05341708034255123,0.46782833191779016,652282.0,0.2446364969883556,0.6990922562931536,0.05627124671849075,0.494610924976595,3587907.0,-0.19841226215644822,0.19230769230769232,0.5666580406654343,0.9230769230769231,1,1,3,0,0,0,1,0,0
228517,ZA1,Western Cape,ZA1,Western Cape,ZA103,Overberg,ZA105,Central Karoo,2020-06-29,2020-06-30,1,1,1,388868.95501248457,388868.95501248457,68161,20200629,20200630,0.22836513904770692,0.6721314716747349,0.09950338927755827,0.511077351980676,303457.0,0.29415328297801036,0.633639246216906,0.07220747080508365,0.4979247763656518,77582.0,0.051486772486772484,0.5961538461538461,-0.12604477611940298,0.3269230769230769,1,1,3,0,0,0,1,0,0
228518,ZA7,Gauteng,ZA9,Limpopo,ZA799,City of Tshwane,ZA933,Mopani,2020-06-29,2020-06-29,9,9,9,5556176.507855698,3147558.1448899945,227072,20200629,20200629,0.22283079372412132,0.7204843127840075,0.056684893491871245,0.5057337597223363,3627986.0,0.3329418650827259,0.6026296126910996,0.06442852222617454,0.46142626187343905,1062666.0,0.48224212034383956,0.9038461538461539,-0.037928345626975765,0.4807692307692308,1,1,3,0,0,0,1,0,0
228519,ZA8,Mpumalanga,ZA9,Limpopo,ZA832,Ehlanzeni,ZA936,Waterberg,2020-06-29,2020-06-29,1,1,1,443784.1198864566,361536.3557806265,27784,20200629,20200629,0.32438893780700045,0.6235217992770762,0.05208926291592337,0.47979089412028486,1837538.0,0.2870915348782833,0.6477210572390478,0.06518740788266879,0.5138960603357211,718513.0,0.1315940928270042,0.7307692307692307,0.00236898395721925,0.5576923076923077,1,1,3,0,0,0,1,0,0
228520,ZA5,KwaZulu-Natal,ZA5,KwaZulu-Natal,ZA543,Sisonke,ZA595,eThekwini,2020-06-29,2020-06-30,1,1,1,365139.460934733,66720.78333811494,15564,20200629,20200630,0.37293146983899067,0.5707096800166399,0.05635885014436937,0.4671305273563743,447117.0,0.2446364969883556,0.6990922562931536,0.05627124671849075,0.494610924976595,3587907.0,-0.2112274881516588,0.17307692307692307,0.5666580406654343,0.9230769230769231,1,1,3,0,0,0,1,0,0
228521,ZA9,Limpopo,ZA9,Limpopo,ZA934,Vhembe,ZA933,Mopani,2020-06-29,2020-06-30,1,1,1,74274.45157138728,28253.393945550823,47833,20200629,20200630,0.3433867460978093,0.5887604530714541,0.06785280083073665,0.4597374214109392,1325089.0,0.3329418650827259,0.6026296126910996,0.06442852222617454,0.46142626187343905,1062666.0,-0.0767829596412556,0.4230769230769231,-0.037928345626975765,0.4807692307692308,1,1,3,0,0,0,1,0,0
228522,ZA7,Gauteng,ZA8,Mpumalanga,ZA748,West Rand,ZA831,Nkangala,2020-06-29,2020-06-29,2,2,2,579119.405568765,262563.45711680606,20306,20200629,20200629,0.23154887232085752,0.7207832829912092,0.047667844687933295,0.5288128906961219,856804.0,0.27290691475673784,0.6711806877078121,0.055912397535449986,0.5109201270525474,1573837.0,0.23715802469135805,0.8076923076923077,0.07867808219178082,0.6730769230769231,1,1,3,0,0,0,1,0,0
228523,ZA7,Gauteng,ZA9,Limpopo,ZA797,Ekurhuleni,ZA935,Capricorn,2020-06-29,2020-06-29,7,7,7,4738402.746530343,2182118.409495988,163000,20200629,20200629,0.23296733680905687,0.7203157619169479,0.04671690127399521,0.5205474946472306,3739653.0,0.3265897738288558,0.6007690312860821,0.07264119488506209,0.472231826966417,1295656.0,0.7435109289617486,0.9615384615384616,0.07397387387387387,0.6346153846153846,1,1,3,0,0,0,1,0,0
228524,ZA6,North West,ZA6,North West,ZA639,Dr Ruth Segomotsi Mompati,ZA638,Ngaka Modiri Molema,2020-06-29,2020-06-29,13,13,10,3816880.9581511696,1778273.231805562,125808,20200629,20200629,0.3412335579082451,0.5850872971649528,0.07367914492680208,0.4911837461796937,473784.0,0.3236353449196357,0.6078801705223251,0.06848448455803925,0.4964769205863341,870971.0,-0.16626678765880218,0.2692307692307692,-0.18344824707846413,0.23076923076923078,1,1,3,0,0,0,1,0,0
228525,ZA5,KwaZulu-Natal,ZA6,North West,ZA522,Umgungundlovu,ZA637,Bojanala,2020-06-29,2020-06-29,3,3,3,3074754.2616010103,1654102.60364671,83963,20200629,20200629,0.2748377359932372,0.663873035280183,0.06128922872657978,0.48236181888519014,1046905.0,0.25082919250139085,0.6903465537718604,0.05882425372674875,0.5380589003726469,1786678.0,0.0061256544502617805,0.5769230769230769,0.07430676328502415,0.6538461538461539,1,1,3,0,0,0,1,0,0
228526,ZA2,Eastern Cape,ZA2,Eastern Cape,ZA293,Nelson Mandela Bay,ZA212,Amathole,2020-06-29,2020-06-29,1,1,1,1262455.5923972488,195407.0574443536,12853,20200629,20200629,0.2465186661259611,0.6842154879637478,0.0692658459102911,0.4877654529777138,1230491.0,0.32816698449842097,0.5696178168124134,0.1022151986891656,0.47434426623917664,789726.0,0.5740514018691588,0.9423076923076923,-0.3192883211678832,0.019230769230769232,1,1,3,0,0,0,1,0,0
228527,ZA8,Mpumalanga,ZA8,Mpumalanga,ZA832,Ehlanzeni,ZA830,Gert Sibande,2020-06-29,2020-06-30,1,1,1,99355.00579863253,42934.091102864506,35614,20200629,20200630,0.32438893780700045,0.6235217992770762,0.05208926291592337,0.47979089412028486,1837538.0,0.30688245639051287,0.6412288994160756,0.05188864419341153,0.49968312815881616,1136106.0,0.1315940928270042,0.7307692307692307,-0.11248741610738255,0.36538461538461536,1,1,3,0,0,0,1,0,0
228528,ZA4,Free State,ZA6,North West,ZA494,Mangaung,ZA639,Dr Ruth Segomotsi Mompati,2020-06-29,2020-06-29,2,2,2,1340131.099430595,628348.5930878101,39658,20200629,20200629,0.26262942751272955,0.6754982029249197,0.06187236956235082,0.4901411892511804,826621.0,0.3412335579082451,0.5850872971649528,0.07367914492680208,0.4911837461796937,473784.0,0.27329104477611943,0.8269230769230769,-0.16626678765880218,0.2692307692307692,1,1,3,0,0,0,1,0,0
228529,ZA1,Western Cape,ZA6,North West,ZA101,West Coast,ZA637,Bojanala,2020-06-29,2020-06-30,1,1,1,1572574.9794881183,1343025.9865932644,75399,20200629,20200630,0.24466466325617858,0.6852166396976793,0.0701186970461421,0.5060695297345649,497485.0,0.25082919250139085,0.6903465537718604,0.05882425372674875,0.5380589003726469,1786678.0,-0.12079976303317536,0.34615384615384615,0.07430676328502415,0.6538461538461539,1,1,3,0,0,0,1,0,0
228530,ZA9,Limpopo,ZA9,Limpopo,ZA933,Mopani,ZA934,Vhembe,2020-06-29,2020-06-29,9,8,8,1518834.8530517495,637935.5210237829,98033,20200629,20200629,0.3329418650827259,0.6026296126910996,0.06442852222617454,0.46142626187343905,1062666.0,0.3433867460978093,0.5887604530714541,0.06785280083073665,0.4597374214109392,1325089.0,-0.037928345626975765,0.4807692307692308,-0.0767829596412556,0.4230769230769231,1,1,3,0,0,0,1,0,0
228531,ZA3,Nothern Cape,ZA3,Nothern Cape,ZA345,John Taolo Gaetsewe,ZA308,Z F Mgcawu,2020-06-29,2020-06-30,2,2,2,968314.4092615182,317073.76145670644,72264,20200629,20200630,0.31986957060536586,0.628082594956317,0.05204783443831712,0.4959027820806741,258224.0,0.27601757542529287,0.6641943181028425,0.059788106471864645,0.5142626583989065,258998.0,-0.13480926430517712,0.3076923076923077,-0.04016603773584906,0.46153846153846156,1,1,3,0,0,0,1,0,0
228532,ZA8,Mpumalanga,ZA9,Limpopo,ZA832,Ehlanzeni,ZA933,Mopani,2020-06-29,2020-06-30,4,4,4,591551.15518819,172009.61817054276,103594,20200629,20200630,0.32438893780700045,0.6235217992770762,0.05208926291592337,0.47979089412028486,1837538.0,0.3329418650827259,0.6026296126910996,0.06442852222617454,0.46142626187343905,1062666.0,0.1315940928270042,0.7307692307692307,-0.037928345626975765,0.4807692307692308,1,1,3,0,0,0,1,0,0
228533,ZA7,Gauteng,ZA1,Western Cape,ZA797,Ekurhuleni,ZA191,City of Cape Town,2020-06-29,2020-06-30,2,2,2,2634313.328900797,2599132.9416965414,154289,20200629,20200630,0.23296733680905687,0.7203157619169479,0.04671690127399521,0.5205474946472306,3739653.0,0.23849582985172932,0.697186217784503,0.06431795236376775,0.4976008771049945,4436413.0,0.7435109289617486,0.9615384615384616,0.7687640750670242,0.9807692307692307,1,1,3,0,0,0,1,0,0
228534,ZA8,Mpumalanga,ZA9,Limpopo,ZA831,Nkangala,ZA934,Vhembe,2020-06-29,2020-06-30,1,1,1,992778.7252647216,334910.1615358847,46717,20200629,20200630,0.27290691475673784,0.6711806877078121,0.055912397535449986,0.5109201270525474,1573837.0,0.3433867460978093,0.5887604530714541,0.06785280083073665,0.4597374214109392,1325089.0,0.07867808219178082,0.6730769230769231,-0.0767829596412556,0.4230769230769231,1,1,3,0,0,0,1,0,0
228535,ZA3,Nothern Cape,ZA1,Western Cape,ZA306,Namakwa,ZA191,City of Cape Town,2020-06-29,2020-06-29,2,2,2,1200974.0909127616,547142.9682351133,48082,20200629,20200629,0.2479438366342976,0.6592106724059887,0.09284549095971371,0.5132337492633683,117087.0,0.23849582985172932,0.697186217784503,0.06431795236376775,0.4976008771049945,4436413.0,0.06505633802816901,0.6153846153846154,0.7687640750670242,0.9807692307692307,1,1,3,0,0,0,1,0,0
228536,ZA9,Limpopo,ZA4,Free State,ZA933,Mopani,ZA419,Thabo Mofutsanyane,2020-06-29,2020-06-29,1,1,1,1150366.9284470866,570353.7213749016,25179,20200629,20200629,0.3329418650827259,0.6026296126910996,0.06442852222617454,0.46142626187343905,1062666.0,0.31143326559338835,0.6251823622683981,0.06338437213821363,0.47028720831466336,662829.0,-0.037928345626975765,0.4807692307692308,0.10770218579234972,0.7115384615384616,1,1,3,0,0,0,1,0,0
228537,ZA5,KwaZulu-Natal,ZA5,KwaZulu-Natal,ZA527,Umkhanyakude,ZA526,Zululand,2020-06-29,2020-06-29,4,4,4,1661738.6195314012,302438.5332615504,41928,20200629,20200629,0.40017378652548197,0.5489306999026919,0.05089551357182606,0.4622270789873748,643318.0,0.392497537624586,0.5542130860581069,0.053289376317307055,0.4651401640222711,783796.0,-0.31784377542717657,0.038461538461538464,-0.2762355212355212,0.09615384615384616,1,1,3,0,0,0,1,0,0
228538,ZA5,KwaZulu-Natal,ZA5,KwaZulu-Natal,ZA522,Umgungundlovu,ZA525,Amajuba,2020-06-29,2020-06-29,3,3,3,1667130.1701868945,679033.6919254703,43901,20200629,20200629,0.2748377359932372,0.663873035280183,0.06128922872657978,0.48236181888519014,1046905.0,0.3311353387795859,0.6144200377537888,0.05444462346662529,0.48045773982507545,502731.0,0.0061256544502617805,0.5769230769230769,-0.16864155251141552,0.25,1,1,3,0,0,0,1,0,0
228539,ZA7,Gauteng,ZA9,Limpopo,ZA798,City of Johannesburg,ZA936,Waterberg,2020-06-29,2020-06-29,8,8,8,7677161.601878505,1512360.165493202,96774,20200629,20200629,0.2220629170143196,0.7299897648810346,0.047947318104645836,0.5097433964893054,5540727.0,0.2870915348782833,0.6477210572390478,0.06518740788266879,0.5138960603357211,718513.0,0.8818060606060606,1.0,0.00236898395721925,0.5576923076923077,1,1,3,0,0,0,1,0,0
228540,ZA3,Nothern Cape,ZA7,Gauteng,ZA345,John Taolo Gaetsewe,ZA742,Sedibeng,2020-06-29,2020-06-29,3,3,3,4760392.619070236,1982273.6105238176,120536,20200629,20200629,0.31986957060536586,0.628082594956317,0.05204783443831712,0.4959027820806741,258224.0,0.24393339879416723,0.6953819961266214,0.06068460507921129,0.5059130831550246,994997.0,-0.13480926430517712,0.3076923076923077,0.2808379746835443,0.8461538461538461,1,1,3,0,0,0,1,0,0
228541,ZA8,Mpumalanga,ZA9,Limpopo,ZA830,Gert Sibande,ZA933,Mopani,2020-06-29,2020-06-29,1,1,1,942660.8391730996,356866.54639753856,36879,20200629,20200629,0.30688245639051287,0.6412288994160756,0.05188864419341153,0.49968312815881616,1136106.0,0.3329418650827259,0.6026296126910996,0.06442852222617454,0.46142626187343905,1062666.0,-0.11248741610738255,0.36538461538461536,-0.037928345626975765,0.4807692307692308,1,1,3,0,0,0,1,0,0
228542,ZA5,KwaZulu-Natal,ZA3,Nothern Cape,ZA595,eThekwini,ZA309,Frances Baard,2020-06-29,2020-06-29,1,1,1,631235.7665199548,631235.7665199548,43703,20200629,20200629,0.2446364969883556,0.6990922562931536,0.05627124671849075,0.494610924976595,3587907.0,0.2860169290028057,0.6497360787483951,0.06424699224879928,0.49189928194398214,420580.0,0.5666580406654343,0.9230769230769231,0.29907801418439717,0.8846153846153846,1,1,3,0,0,0,1,0,0
228543,ZA7,Gauteng,ZA5,KwaZulu-Natal,ZA798,City of Johannesburg,ZA595,eThekwini,2020-06-29,2020-06-29,7,7,7,5497248.157273596,3882624.046662927,226851,20200629,20200629,0.2220629170143196,0.7299897648810346,0.047947318104645836,0.5097433964893054,5540727.0,0.2446364969883556,0.6990922562931536,0.05627124671849075,0.494610924976595,3587907.0,0.8818060606060606,1.0,0.5666580406654343,0.9230769230769231,1,1,3,0,0,0,1,0,0
228544,ZA8,Mpumalanga,ZA3,Nothern Cape,ZA831,Nkangala,ZA345,John Taolo Gaetsewe,2020-06-29,2020-06-29,1,1,1,1596879.8298732806,782041.5107966483,44425,20200629,20200629,0.27290691475673784,0.6711806877078121,0.055912397535449986,0.5109201270525474,1573837.0,0.31986957060536586,0.628082594956317,0.05204783443831712,0.4959027820806741,258224.0,0.07867808219178082,0.6730769230769231,-0.13480926430517712,0.3076923076923077,1,1,3,0,0,0,1,0,0
228545,ZA7,Gauteng,ZA5,KwaZulu-Natal,ZA797,Ekurhuleni,ZA595,eThekwini,2020-06-29,2020-06-29,9,9,9,8940737.054724457,4824698.767188434,164936,20200629,20200629,0.23296733680905687,0.7203157619169479,0.04671690127399521,0.5205474946472306,3739653.0,0.2446364969883556,0.6990922562931536,0.05627124671849075,0.494610924976595,3587907.0,0.7435109289617486,0.9615384615384616,0.5666580406654343,0.9230769230769231,1,1,3,0,0,0,1,0,0
228546,ZA9,Limpopo,ZA8,Mpumalanga,ZA936,Waterberg,ZA831,Nkangala,2020-06-29,2020-06-29,1,1,1,184508.0856597313,24884.991979593065,1825,20200629,20200629,0.2870915348782833,0.6477210572390478,0.06518740788266879,0.5138960603357211,718513.0,0.27290691475673784,0.6711806877078121,0.055912397535449986,0.5109201270525474,1573837.0,0.00236898395721925,0.5576923076923077,0.07867808219178082,0.6730769230769231,1,1,3,0,0,0,1,0,0
228547,ZA5,KwaZulu-Natal,ZA1,Western Cape,ZA595,eThekwini,ZA191,City of Cape Town,2020-06-29,2020-06-29,10,10,10,16539616.867245443,12760720.05841723,201579,20200629,20200629,0.2446364969883556,0.6990922562931536,0.05627124671849075,0.494610924976595,3587907.0,0.23849582985172932,0.697186217784503,0.06431795236376775,0.4976008771049945,4436413.0,0.5666580406654343,0.9230769230769231,0.7687640750670242,0.9807692307692307,1,1,3,0,0,0,1,0,0
228548,ZA5,KwaZulu-Natal,ZA5,KwaZulu-Natal,ZA525,Amajuba,ZA526,Zululand,2020-06-29,2020-06-29,3,3,3,511065.20261604566,218148.34534204483,31235,20200629,20200629,0.3311353387795859,0.6144200377537888,0.05444462346662529,0.48045773982507545,502731.0,0.392497537624586,0.5542130860581069,0.053289376317307055,0.4651401640222711,783796.0,-0.16864155251141552,0.25,-0.2762355212355212,0.09615384615384616,1,1,3,0,0,0,1,0,0
228549,ZA1,Western Cape,ZA7,Gauteng,ZA191,City of Cape Town,ZA799,City of Tshwane,2020-06-29,2020-06-29,7,7,7,12137744.464469314,9104015.684209373,130317,20200629,20200629,0.23849582985172932,0.697186217784503,0.06431795236376775,0.4976008771049945,4436413.0,0.22283079372412132,0.7204843127840075,0.056684893491871245,0.5057337597223363,3627986.0,0.7687640750670242,0.9807692307692307,0.48224212034383956,0.9038461538461539,1,1,3,0,0,0,1,0,0
228550,ZA5,KwaZulu-Natal,ZA8,Mpumalanga,ZA525,Amajuba,ZA830,Gert Sibande,2020-06-29,2020-06-29,6,5,5,1576843.6055645188,369134.5413561187,21374,20200629,20200629,0.3311353387795859,0.6144200377537888,0.05444462346662529,0.48045773982507545,502731.0,0.30688245639051287,0.6412288994160756,0.05188864419341153,0.49968312815881616,1136106.0,-0.16864155251141552,0.25,-0.11248741610738255,0.36538461538461536,1,1,3,0,0,0,1,0,0
228551,ZA7,Gauteng,ZA4,Free State,ZA798,City of Johannesburg,ZA419,Thabo Mofutsanyane,2020-06-29,2020-06-29,9,9,9,4859312.420568895,3260275.02246149,252076,20200629,20200629,0.2220629170143196,0.7299897648810346,0.047947318104645836,0.5097433964893054,5540727.0,0.31143326559338835,0.6251823622683981,0.06338437213821363,0.47028720831466336,662829.0,0.8818060606060606,1.0,0.10770218579234972,0.7115384615384616,1,1,3,0,0,0,1,0,0
228552,ZA5,KwaZulu-Natal,ZA5,KwaZulu-Natal,ZA521,Ugu,ZA525,Amajuba,2020-06-29,2020-06-30,1,1,1,601152.5264121982,417315.6116393683,44411,20200629,20200630,0.32122674606698143,0.6016982741355622,0.07707497979745637,0.47391596021954596,714019.0,0.3311353387795859,0.6144200377537888,0.05444462346662529,0.48045773982507545,502731.0,-0.09480895915678524,0.40384615384615385,-0.16864155251141552,0.25,1,1,3,0,0,0,1,0,0
228553,ZA2,Eastern Cape,ZA2,Eastern Cape,ZA213,Chris Hani,ZA215,O.R.Tambo,2020-06-29,2020-06-29,3,3,3,523205.7187083424,382819.66876295407,48414,20200629,20200629,0.334940582305372,0.572656560540376,0.09240285715425203,0.478383232498069,752217.0,0.38804558548824664,0.5482866433400703,0.06366777117168307,0.4623163104135049,1358678.0,-0.29251697892271666,0.057692307692307696,-0.23807536101083035,0.1346153846153846,1,1,3,0,0,0,1,0,0
228554,ZA4,Free State,ZA7,Gauteng,ZA494,Mangaung,ZA798,City of Johannesburg,2020-06-29,2020-06-29,6,6,6,4857750.710223323,2343178.5280548446,134785,20200629,20200629,0.26262942751272955,0.6754982029249197,0.06187236956235082,0.4901411892511804,826621.0,0.2220629170143196,0.7299897648810346,0.047947318104645836,0.5097433964893054,5540727.0,0.27329104477611943,0.8269230769230769,0.8818060606060606,1.0,1,1,3,0,0,0,1,0,0
228555,ZA1,Western Cape,ZA9,Limpopo,ZA191,City of Cape Town,ZA936,Waterberg,2020-06-29,2020-06-29,7,7,2,28976090.626630664,15938151.828596476,24995,20200629,20200629,0.23849582985172932,0.697186217784503,0.06431795236376775,0.4976008771049945,4436413.0,0.2870915348782833,0.6477210572390478,0.06518740788266879,0.5138960603357211,718513.0,0.7687640750670242,0.9807692307692307,0.00236898395721925,0.5576923076923077,1,1,3,0,0,0,1,0,0
228556,ZA4,Free State,ZA4,Free State,ZA419,Thabo Mofutsanyane,ZA418,Lejweleputswa,2020-06-29,2020-06-29,3,3,3,959468.0724786974,540146.1603443156,89224,20200629,20200629,0.31143326559338835,0.6251823622683981,0.06338437213821363,0.47028720831466336,662829.0,0.27941650281351393,0.6617931601395349,0.058790337046951115,0.500105365269169,574193.0,0.10770218579234972,0.7115384615384616,0.29495049504950493,0.8653846153846154,1,1,3,0,0,0,1,0,0
228557,ZA4,Free State,ZA4,Free State,ZA419,Thabo Mofutsanyane,ZA420,Fezile Dabi,2020-06-29,2020-06-29,12,12,12,3462978.876366547,1277121.520435806,156590,20200629,20200629,0.31143326559338835,0.6251823622683981,0.06338437213821363,0.47028720831466336,662829.0,0.2705098118551487,0.6604572122193,0.06903297592555128,0.5050070807202104,494300.0,0.10770218579234972,0.7115384615384616,0.2276555023923445,0.7884615384615384,1,1,3,0,0,0,1,0,0
228558,ZA5,KwaZulu-Natal,ZA8,Mpumalanga,ZA595,eThekwini,ZA830,Gert Sibande,2020-06-29,2020-06-29,2,2,2,1721906.1327222437,901693.3868159644,33027,20200629,20200629,0.2446364969883556,0.6990922562931536,0.05627124671849075,0.494610924976595,3587907.0,0.30688245639051287,0.6412288994160756,0.05188864419341153,0.49968312815881616,1136106.0,0.5666580406654343,0.9230769230769231,-0.11248741610738255,0.36538461538461536,1,1,3,0,0,0,1,0,0
228559,ZA7,Gauteng,ZA6,North West,ZA799,City of Tshwane,ZA640,Dr Kenneth Kaunda,2020-06-29,2020-06-29,6,6,6,1506800.036190525,1093075.0388320435,86304,20200629,20200629,0.22283079372412132,0.7204843127840075,0.056684893491871245,0.5057337597223363,3627986.0,0.27505895171327793,0.6602340041700301,0.06470704411669191,0.5065976875287468,754431.0,0.48224212034383956,0.9038461538461539,-0.10069384057971015,0.38461538461538464,1,1,3,0,0,0,1,0,0
228560,ZA2,Eastern Cape,ZA5,KwaZulu-Natal,ZA215,O.R.Tambo,ZA521,Ugu,2020-06-29,2020-06-29,2,2,2,2494978.921205077,216158.2740009905,42720,20200629,20200629,0.38804558548824664,0.5482866433400703,0.06366777117168307,0.4623163104135049,1358678.0,0.32122674606698143,0.6016982741355622,0.07707497979745637,0.47391596021954596,714019.0,-0.23807536101083035,0.1346153846153846,-0.09480895915678524,0.40384615384615385,1,1,3,0,0,0,1,0,0
228561,ZA4,Free State,ZA7,Gauteng,ZA418,Lejweleputswa,ZA797,Ekurhuleni,2020-06-29,2020-06-29,3,3,3,1637428.814834623,866151.8156800251,41038,20200629,20200629,0.27941650281351393,0.6617931601395349,0.058790337046951115,0.500105365269169,574193.0,0.23296733680905687,0.7203157619169479,0.04671690127399521,0.5205474946472306,3739653.0,0.29495049504950493,0.8653846153846154,0.7435109289617486,0.9615384615384616,1,1,3,0,0,0,1,0,0
228562,ZA6,North West,ZA7,Gauteng,ZA639,Dr Ruth Segomotsi Mompati,ZA797,Ekurhuleni,2020-06-29,2020-06-29,4,4,4,4859943.655109994,1488624.7335598522,81397,20200629,20200629,0.3412335579082451,0.5850872971649528,0.07367914492680208,0.4911837461796937,473784.0,0.23296733680905687,0.7203157619169479,0.04671690127399521,0.5205474946472306,3739653.0,-0.16626678765880218,0.2692307692307692,0.7435109289617486,0.9615384615384616,1,1,3,0,0,0,1,0,0
228564,ZA6,North West,ZA8,Mpumalanga,ZA640,Dr Kenneth Kaunda,ZA830,Gert Sibande,2020-06-29,2020-06-29,2,2,2,632141.6993390196,392907.5692516869,33561,20200629,20200629,0.27505895171327793,0.6602340041700301,0.06470704411669191,0.5065976875287468,754431.0,0.30688245639051287,0.6412288994160756,0.05188864419341153,0.49968312815881616,1136106.0,-0.10069384057971015,0.38461538461538464,-0.11248741610738255,0.36538461538461536,1,1,3,0,0,0,1,0,0
228565,ZA8,Mpumalanga,ZA5,KwaZulu-Natal,ZA830,Gert Sibande,ZA526,Zululand,2020-06-29,2020-06-29,3,3,3,1060798.4316726297,366506.29989421,22606,20200629,20200629,0.30688245639051287,0.6412288994160756,0.05188864419341153,0.49968312815881616,1136106.0,0.392497537624586,0.5542130860581069,0.053289376317307055,0.4651401640222711,783796.0,-0.11248741610738255,0.36538461538461536,-0.2762355212355212,0.09615384615384616,1,1,3,0,0,0,1,0,0
228566,ZA7,Gauteng,ZA9,Limpopo,ZA799,City of Tshwane,ZA936,Waterberg,2020-06-29,2020-06-30,1,1,1,119756.4997261814,57389.31236351399,14885,20200629,20200630,0.22283079372412132,0.7204843127840075,0.056684893491871245,0.5057337597223363,3627986.0,0.2870915348782833,0.6477210572390478,0.06518740788266879,0.5138960603357211,718513.0,0.48224212034383956,0.9038461538461539,0.00236898395721925,0.5576923076923077,1,1,3,0,0,0,1,0,0
228567,ZA7,Gauteng,ZA5,KwaZulu-Natal,ZA797,Ekurhuleni,ZA528,Uthungulu,2020-06-29,2020-06-29,1,1,1,1262967.9842459124,525019.7248298249,25444,20200629,20200629,0.23296733680905687,0.7203157619169479,0.04671690127399521,0.5205474946472306,3739653.0,0.3398562749304085,0.6096443299200878,0.05049939514950375,0.4759701217345943,889476.0,0.7435109289617486,0.9615384615384616,-0.2202014106583072,0.15384615384615385,1,1,3,0,0,0,1,0,0
228568,ZA5,KwaZulu-Natal,ZA5,KwaZulu-Natal,ZA522,Umgungundlovu,ZA529,iLembe,2020-06-29,2020-06-30,3,3,3,516253.09051794617,226288.444900786,47678,20200629,20200630,0.2748377359932372,0.663873035280183,0.06128922872657978,0.48236181888519014,1046905.0,0.32390440311621094,0.6202867780885334,0.05580881879525565,0.4827645772056803,636799.0,0.0061256544502617805,0.5769230769230769,-0.14951617873651774,0.28846153846153844,1,1,3,0,0,0,1,0,0
228569,ZA5,KwaZulu-Natal,ZA4,Free State,ZA523,Uthukela,ZA419,Thabo Mofutsanyane,2020-06-29,2020-06-29,3,3,3,504014.0394026261,160907.56429652477,20050,20200629,20200629,0.36014331224838336,0.5864396074090654,0.05341708034255123,0.46782833191779016,652282.0,0.31143326559338835,0.6251823622683981,0.06338437213821363,0.47028720831466336,662829.0,-0.19841226215644822,0.19230769230769232,0.10770218579234972,0.7115384615384616,1,1,3,0,0,0,1,0,0
228570,ZA8,Mpumalanga,ZA9,Limpopo,ZA830,Gert Sibande,ZA935,Capricorn,2020-06-29,2020-06-29,1,1,1,508415.2332779775,427978.911335428,20768,20200629,20200629,0.30688245639051287,0.6412288994160756,0.05188864419341153,0.49968312815881616,1136106.0,0.3265897738288558,0.6007690312860821,0.07264119488506209,0.472231826966417,1295656.0,-0.11248741610738255,0.36538461538461536,0.07397387387387387,0.6346153846153846,1,1,3,0,0,0,1,0,0
228571,ZA4,Free State,ZA7,Gauteng,ZA420,Fezile Dabi,ZA798,City of Johannesburg,2020-06-29,2020-06-30,2,2,2,310910.96785522206,153188.5812108261,29815,20200629,20200630,0.2705098118551487,0.6604572122193,0.06903297592555128,0.5050070807202104,494300.0,0.2220629170143196,0.7299897648810346,0.047947318104645836,0.5097433964893054,5540727.0,0.2276555023923445,0.7884615384615384,0.8818060606060606,1.0,1,1,3,0,0,0,1,0,0
228572,ZA5,KwaZulu-Natal,ZA5,KwaZulu-Natal,ZA528,Uthungulu,ZA522,Umgungundlovu,2020-06-29,2020-06-29,3,3,3,1144490.0532554626,590145.2655078843,56635,20200629,20200629,0.3398562749304085,0.6096443299200878,0.05049939514950375,0.4759701217345943,889476.0,0.2748377359932372,0.663873035280183,0.06128922872657978,0.48236181888519014,1046905.0,-0.2202014106583072,0.15384615384615385,0.0061256544502617805,0.5769230769230769,1,1,3,0,0,0,1,0,0
228573,ZA5,KwaZulu-Natal,ZA5,KwaZulu-Natal,ZA527,Umkhanyakude,ZA522,Umgungundlovu,2020-06-29,2020-06-29,2,2,2,1421620.983427484,668137.8920901978,45246,20200629,20200629,0.40017378652548197,0.5489306999026919,0.05089551357182606,0.4622270789873748,643318.0,0.2748377359932372,0.663873035280183,0.06128922872657978,0.48236181888519014,1046905.0,-0.31784377542717657,0.038461538461538464,0.0061256544502617805,0.5769230769230769,1,1,3,0,0,0,1,0,0
228574,ZA6,North West,ZA3,Nothern Cape,ZA639,Dr Ruth Segomotsi Mompati,ZA309,Frances Baard,2020-06-29,2020-06-30,1,1,1,99174.16862593428,99174.16862593428,12042,20200629,20200630,0.3412335579082451,0.5850872971649528,0.07367914492680208,0.4911837461796937,473784.0,0.2860169290028057,0.6497360787483951,0.06424699224879928,0.49189928194398214,420580.0,-0.16626678765880218,0.2692307692307692,0.29907801418439717,0.8846153846153846,1,1,3,0,0,0,1,0,0
228575,ZA2,Eastern Cape,ZA2,Eastern Cape,ZA214,Joe Gqabi,ZA244,Alfred Nzo,2020-06-29,2020-06-30,1,1,1,98659.05241163971,49285.46947668732,53715,20200629,20200630,0.3340471849013029,0.5799636495391386,0.08598916555955849,0.47733103958194023,339473.0,0.40782127157510134,0.5221222097470932,0.07005651867780548,0.4576553946475353,788235.0,-0.1839776119402985,0.21153846153846154,-0.27396673320026615,0.11538461538461539,1,1,3,0,0,0,1,0,0
228576,ZA9,Limpopo,ZA9,Limpopo,ZA947,Sekhukhune,ZA933,Mopani,2020-06-29,2020-06-29,5,5,5,4549070.470882263,925781.69340933,105712,20200629,20200629,0.3536917516859454,0.5707075150199985,0.07560073329405607,0.46486328935523974,1125333.0,0.3329418650827259,0.6026296126910996,0.06442852222617454,0.46142626187343905,1062666.0,-0.06015677966101695,0.4423076923076923,-0.037928345626975765,0.4807692307692308,1,1,3,0,0,0,1,0,0
228577,ZA3,Nothern Cape,ZA7,Gauteng,ZA307,Pixley ka Seme,ZA799,City of Tshwane,2020-06-29,2020-06-30,1,1,1,2033394.250885916,863288.6517545778,58056,20200629,20200630,0.3060749448635213,0.6232332132979509,0.0706918418385278,0.5011842246002923,196331.0,0.22283079372412132,0.7204843127840075,0.056684893491871245,0.5057337597223363,3627986.0,0.1854655172413793,0.75,0.48224212034383956,0.9038461538461539,1,1,3,0,0,0,1,0,0
228578,ZA7,Gauteng,ZA9,Limpopo,ZA798,City of Johannesburg,ZA947,Sekhukhune,2020-06-29,2020-06-29,1,1,1,211516.80182061627,176477.38291404294,3619,20200629,20200629,0.2220629170143196,0.7299897648810346,0.047947318104645836,0.5097433964893054,5540727.0,0.3536917516859454,0.5707075150199985,0.07560073329405607,0.46486328935523974,1125333.0,0.8818060606060606,1.0,-0.06015677966101695,0.4423076923076923,1,1,3,0,0,0,1,0,0
228579,ZA2,Eastern Cape,ZA2,Eastern Cape,ZA210,Cacadu,ZA214,Joe Gqabi,2020-06-29,2020-06-29,1,1,1,3089340.7440604228,174633.97367819163,6685,20200629,20200629,0.2618455236218228,0.6571170870354837,0.08103738934269357,0.4975242081945451,491156.0,0.3340471849013029,0.5799636495391386,0.08598916555955849,0.47733103958194023,339473.0,-0.01848062015503876,0.5,-0.1839776119402985,0.21153846153846154,1,1,3,0,0,0,1,0,0
228580,ZA1,Western Cape,ZA2,Eastern Cape,ZA191,City of Cape Town,ZA212,Amathole,2020-06-29,2020-06-29,2,2,2,1903182.64481588,1903182.64481588,64702,20200629,20200629,0.23849582985172932,0.697186217784503,0.06431795236376775,0.4976008771049945,4436413.0,0.32816698449842097,0.5696178168124134,0.1022151986891656,0.47434426623917664,789726.0,0.7687640750670242,0.9807692307692307,-0.3192883211678832,0.019230769230769232,1,1,3,0,0,0,1,0,0
228581,ZA7,Gauteng,ZA1,Western Cape,ZA748,West Rand,ZA191,City of Cape Town,2020-06-29,2020-06-29,1,1,1,5063826.526463871,1247650.595731374,900,20200629,20200629,0.23154887232085752,0.7207832829912092,0.047667844687933295,0.5288128906961219,856804.0,0.23849582985172932,0.697186217784503,0.06431795236376775,0.4976008771049945,4436413.0,0.23715802469135805,0.8076923076923077,0.7687640750670242,0.9807692307692307,1,1,3,0,0,0,1,0,0
228582,ZA2,Eastern Cape,ZA2,Eastern Cape,ZA214,Joe Gqabi,ZA213,Chris Hani,2020-06-29,2020-06-30,1,1,1,108191.21798561228,53882.4883092361,14470,20200629,20200630,0.3340471849013029,0.5799636495391386,0.08598916555955849,0.47733103958194023,339473.0,0.334940582305372,0.572656560540376,0.09240285715425203,0.478383232498069,752217.0,-0.1839776119402985,0.21153846153846154,-0.29251697892271666,0.057692307692307696,1,1,3,0,0,0,1,0,0
228583,ZA1,Western Cape,ZA6,North West,ZA102,Cape Winelands,ZA637,Bojanala,2020-06-29,2020-06-29,2,2,1,4666744.896984954,2333347.568090882,7391,20200629,20200629,0.24989252608235304,0.6902123420738123,0.059895131843834624,0.5011121214086944,909523.0,0.25082919250139085,0.6903465537718604,0.05882425372674875,0.5380589003726469,1786678.0,-0.012388831437435367,0.5192307692307693,0.07430676328502415,0.6538461538461539,1,1,3,0,0,0,1,0,0
228584,ZA1,Western Cape,ZA1,Western Cape,ZA191,City of Cape Town,ZA103,Overberg,2020-06-29,2020-06-30,20,20,20,2397713.6282818858,988173.812424789,535419,20200629,20200630,0.23849582985172932,0.697186217784503,0.06431795236376775,0.4976008771049945,4436413.0,0.22836513904770692,0.6721314716747349,0.09950338927755827,0.511077351980676,303457.0,0.7687640750670242,0.9807692307692307,0.051486772486772484,0.5961538461538461,1,1,3,0,0,0,1,0,0
228585,ZA3,Nothern Cape,ZA3,Nothern Cape,ZA345,John Taolo Gaetsewe,ZA308,Z F Mgcawu,2020-06-29,2020-06-29,22,21,21,3928823.871948968,1484269.3944920215,221898,20200629,20200629,0.31986957060536586,0.628082594956317,0.05204783443831712,0.4959027820806741,258224.0,0.27601757542529287,0.6641943181028425,0.059788106471864645,0.5142626583989065,258998.0,-0.13480926430517712,0.3076923076923077,-0.04016603773584906,0.46153846153846156,1,1,3,0,0,0,1,0,0
228586,ZA5,KwaZulu-Natal,ZA7,Gauteng,ZA523,Uthukela,ZA742,Sedibeng,2020-06-29,2020-06-29,1,1,1,656689.3330527041,329155.290216213,20231,20200629,20200629,0.36014331224838336,0.5864396074090654,0.05341708034255123,0.46782833191779016,652282.0,0.24393339879416723,0.6953819961266214,0.06068460507921129,0.5059130831550246,994997.0,-0.19841226215644822,0.19230769230769232,0.2808379746835443,0.8461538461538461,1,1,3,0,0,0,1,0,0
228587,ZA5,KwaZulu-Natal,ZA5,KwaZulu-Natal,ZA521,Ugu,ZA529,iLembe,2020-06-29,2020-06-29,3,3,3,1002743.2332172872,638915.8708684873,22569,20200629,20200629,0.32122674606698143,0.6016982741355622,0.07707497979745637,0.47391596021954596,714019.0,0.32390440311621094,0.6202867780885334,0.05580881879525565,0.4827645772056803,636799.0,-0.09480895915678524,0.40384615384615385,-0.14951617873651774,0.28846153846153844,1,1,3,0,0,0,1,0,0
228588,ZA5,KwaZulu-Natal,ZA5,KwaZulu-Natal,ZA526,Zululand,ZA525,Amajuba,2020-06-29,2020-06-29,3,3,3,340737.12215438014,172304.46113198623,50698,20200629,20200629,0.392497537624586,0.5542130860581069,0.053289376317307055,0.4651401640222711,783796.0,0.3311353387795859,0.6144200377537888,0.05444462346662529,0.48045773982507545,502731.0,-0.2762355212355212,0.09615384615384616,-0.16864155251141552,0.25,1,1,3,0,0,0,1,0,0
228589,ZA5,KwaZulu-Natal,,,ZA595,eThekwini,,,2020-06-29,2020-06-29,7,7,7,103334.57203665531,48242.50908483539,45860,20200629,20200629,0.2446364969883556,0.6990922562931536,0.05627124671849075,0.494610924976595,3587907.0,,,,,,0.5666580406654343,0.9230769230769231,,,1,1,3,0,0,0,1,0,0
228590,ZA9,Limpopo,ZA7,Gauteng,ZA933,Mopani,ZA799,City of Tshwane,2020-06-29,2020-06-29,5,5,5,3434393.943995808,1704428.2325925345,79847,20200629,20200629,0.3329418650827259,0.6026296126910996,0.06442852222617454,0.46142626187343905,1062666.0,0.22283079372412132,0.7204843127840075,0.056684893491871245,0.5057337597223363,3627986.0,-0.037928345626975765,0.4807692307692308,0.48224212034383956,0.9038461538461539,1,1,3,0,0,0,1,0,0
228591,ZA8,Mpumalanga,ZA5,KwaZulu-Natal,ZA832,Ehlanzeni,ZA595,eThekwini,2020-06-29,2020-06-29,2,2,2,2286050.087828715,1179947.26474966,47132,20200629,20200629,0.32438893780700045,0.6235217992770762,0.05208926291592337,0.47979089412028486,1837538.0,0.2446364969883556,0.6990922562931536,0.05627124671849075,0.494610924976595,3587907.0,0.1315940928270042,0.7307692307692307,0.5666580406654343,0.9230769230769231,1,1,3,0,0,0,1,0,0
228592,ZA5,KwaZulu-Natal,ZA2,Eastern Cape,ZA543,Sisonke,ZA244,Alfred Nzo,2020-06-29,2020-06-29,9,8,8,1289102.9304053048,496570.79376763775,67240,20200629,20200629,0.37293146983899067,0.5707096800166399,0.05635885014436937,0.4671305273563743,447117.0,0.40782127157510134,0.5221222097470932,0.07005651867780548,0.4576553946475353,788235.0,-0.2112274881516588,0.17307692307692307,-0.27396673320026615,0.11538461538461539,1,1,3,0,0,0,1,0,0
228593,ZA7,Gauteng,ZA5,KwaZulu-Natal,ZA799,City of Tshwane,ZA528,Uthungulu,2020-06-29,2020-06-30,1,1,1,558179.8803521638,558179.8803521638,93352,20200629,20200630,0.22283079372412132,0.7204843127840075,0.056684893491871245,0.5057337597223363,3627986.0,0.3398562749304085,0.6096443299200878,0.05049939514950375,0.4759701217345943,889476.0,0.48224212034383956,0.9038461538461539,-0.2202014106583072,0.15384615384615385,1,1,3,0,0,0,1,0,0
228594,ZA4,Free State,ZA6,North West,ZA494,Mangaung,ZA640,Dr Kenneth Kaunda,2020-06-29,2020-06-29,1,1,1,577662.8621153843,292052.2817829742,14068,20200629,20200629,0.26262942751272955,0.6754982029249197,0.06187236956235082,0.4901411892511804,826621.0,0.27505895171327793,0.6602340041700301,0.06470704411669191,0.5065976875287468,754431.0,0.27329104477611943,0.8269230769230769,-0.10069384057971015,0.38461538461538464,1,1,3,0,0,0,1,0,0
228595,ZA6,North West,ZA4,Free State,ZA637,Bojanala,ZA420,Fezile Dabi,2020-06-29,2020-06-29,2,2,2,545000.6443574443,231552.00769571276,33126,20200629,20200629,0.25082919250139085,0.6903465537718604,0.05882425372674875,0.5380589003726469,1786678.0,0.2705098118551487,0.6604572122193,0.06903297592555128,0.5050070807202104,494300.0,0.07430676328502415,0.6538461538461539,0.2276555023923445,0.7884615384615384,1,1,3,0,0,0,1,0,0
228596,ZA7,Gauteng,ZA6,North West,ZA797,Ekurhuleni,ZA638,Ngaka Modiri Molema,2020-06-29,2020-06-29,3,3,3,1203166.159620579,738339.1875214106,36297,20200629,20200629,0.23296733680905687,0.7203157619169479,0.04671690127399521,0.5205474946472306,3739653.0,0.3236353449196357,0.6078801705223251,0.06848448455803925,0.4964769205863341,870971.0,0.7435109289617486,0.9615384615384616,-0.18344824707846413,0.23076923076923078,1,1,3,0,0,0,1,0,0
228597,ZA3,Nothern Cape,ZA3,Nothern Cape,ZA307,Pixley ka Seme,ZA308,Z F Mgcawu,2020-06-29,2020-06-29,4,4,4,1621398.1246651865,599818.5036936421,76929,20200629,20200629,0.3060749448635213,0.6232332132979509,0.0706918418385278,0.5011842246002923,196331.0,0.27601757542529287,0.6641943181028425,0.059788106471864645,0.5142626583989065,258998.0,0.1854655172413793,0.75,-0.04016603773584906,0.46153846153846156,1,1,3,0,0,0,1,0,0
228598,ZA6,North West,ZA6,North West,ZA640,Dr Kenneth Kaunda,ZA638,Ngaka Modiri Molema,2020-06-29,2020-06-30,2,2,2,391823.0855812511,83630.95724648902,50597,20200629,20200630,0.27505895171327793,0.6602340041700301,0.06470704411669191,0.5065976875287468,754431.0,0.3236353449196357,0.6078801705223251,0.06848448455803925,0.4964769205863341,870971.0,-0.10069384057971015,0.38461538461538464,-0.18344824707846413,0.23076923076923078,1,1,3,0,0,0,1,0,0
228599,ZA3,Nothern Cape,ZA4,Free State,ZA306,Namakwa,ZA494,Mangaung,2020-06-29,2020-06-29,1,1,1,674955.6059001322,674941.9704498185,56128,20200629,20200629,0.2479438366342976,0.6592106724059887,0.09284549095971371,0.5132337492633683,117087.0,0.26262942751272955,0.6754982029249197,0.06187236956235082,0.4901411892511804,826621.0,0.06505633802816901,0.6153846153846154,0.27329104477611943,0.8269230769230769,1,1,3,0,0,0,1,0,0
228600,ZA1,Western Cape,ZA3,Nothern Cape,ZA102,Cape Winelands,ZA307,Pixley ka Seme,2020-06-29,2020-06-29,1,1,1,1816433.164279837,407350.4733476335,39161,20200629,20200629,0.24989252608235304,0.6902123420738123,0.059895131843834624,0.5011121214086944,909523.0,0.3060749448635213,0.6232332132979509,0.0706918418385278,0.5011842246002923,196331.0,-0.012388831437435367,0.5192307692307693,0.1854655172413793,0.75,1,1,3,0,0,0,1,0,0
228601,ZA8,Mpumalanga,ZA5,KwaZulu-Natal,ZA831,Nkangala,ZA595,eThekwini,2020-06-29,2020-06-29,1,1,1,1167830.618066532,590740.9352452548,46807,20200629,20200629,0.27290691475673784,0.6711806877078121,0.055912397535449986,0.5109201270525474,1573837.0,0.2446364969883556,0.6990922562931536,0.05627124671849075,0.494610924976595,3587907.0,0.07867808219178082,0.6730769230769231,0.5666580406654343,0.9230769230769231,1,1,3,0,0,0,1,0,0
228602,ZA5,KwaZulu-Natal,ZA5,KwaZulu-Natal,ZA523,Uthukela,ZA529,iLembe,2020-06-29,2020-06-29,2,2,2,1223164.7920877484,574967.1849207906,20068,20200629,20200629,0.36014331224838336,0.5864396074090654,0.05341708034255123,0.46782833191779016,652282.0,0.32390440311621094,0.6202867780885334,0.05580881879525565,0.4827645772056803,636799.0,-0.19841226215644822,0.19230769230769232,-0.14951617873651774,0.28846153846153844,1,1,3,0,0,0,1,0,0
228603,ZA9,Limpopo,ZA7,Gauteng,ZA935,Capricorn,ZA798,City of Johannesburg,2020-06-29,2020-06-29,2,2,2,818275.2267601278,549265.8454755199,30034,20200629,20200629,0.3265897738288558,0.6007690312860821,0.07264119488506209,0.472231826966417,1295656.0,0.2220629170143196,0.7299897648810346,0.047947318104645836,0.5097433964893054,5540727.0,0.07397387387387387,0.6346153846153846,0.8818060606060606,1.0,1,1,3,0,0,0,1,0,0
228604,ZA2,Eastern Cape,ZA2,Eastern Cape,ZA215,O.R.Tambo,ZA213,Chris Hani,2020-06-29,2020-06-29,2,2,2,259773.5461450893,126209.96210342184,8188,20200629,20200629,0.38804558548824664,0.5482866433400703,0.06366777117168307,0.4623163104135049,1358678.0,0.334940582305372,0.572656560540376,0.09240285715425203,0.478383232498069,752217.0,-0.23807536101083035,0.1346153846153846,-0.29251697892271666,0.057692307692307696,1,1,3,0,0,0,1,0,0
228605,ZA9,Limpopo,ZA9,Limpopo,ZA936,Waterberg,ZA935,Capricorn,2020-06-29,2020-06-30,3,3,3,930806.5560708118,342705.1173989844,175674,20200629,20200630,0.2870915348782833,0.6477210572390478,0.06518740788266879,0.5138960603357211,718513.0,0.3265897738288558,0.6007690312860821,0.07264119488506209,0.472231826966417,1295656.0,0.00236898395721925,0.5576923076923077,0.07397387387387387,0.6346153846153846,1,1,3,0,0,0,1,0,0
228606,ZA5,KwaZulu-Natal,ZA7,Gauteng,ZA521,Ugu,ZA742,Sedibeng,2020-06-29,2020-06-29,1,1,1,838557.3133927352,838557.3133927352,31364,20200629,20200629,0.32122674606698143,0.6016982741355622,0.07707497979745637,0.47391596021954596,714019.0,0.24393339879416723,0.6953819961266214,0.06068460507921129,0.5059130831550246,994997.0,-0.09480895915678524,0.40384615384615385,0.2808379746835443,0.8461538461538461,1,1,3,0,0,0,1,0,0
228607,ZA5,KwaZulu-Natal,ZA4,Free State,ZA595,eThekwini,ZA419,Thabo Mofutsanyane,2020-06-29,2020-06-29,4,4,4,1830307.0989631664,1140615.3945655425,91059,20200629,20200629,0.2446364969883556,0.6990922562931536,0.05627124671849075,0.494610924976595,3587907.0,0.31143326559338835,0.6251823622683981,0.06338437213821363,0.47028720831466336,662829.0,0.5666580406654343,0.9230769230769231,0.10770218579234972,0.7115384615384616,1,1,3,0,0,0,1,0,0
228608,ZA5,KwaZulu-Natal,ZA5,KwaZulu-Natal,ZA521,Ugu,ZA595,eThekwini,2020-06-29,2020-06-30,3,3,3,442420.6534435003,174733.79671617248,83487,20200629,20200630,0.32122674606698143,0.6016982741355622,0.07707497979745637,0.47391596021954596,714019.0,0.2446364969883556,0.6990922562931536,0.05627124671849075,0.494610924976595,3587907.0,-0.09480895915678524,0.40384615384615385,0.5666580406654343,0.9230769230769231,1,1,3,0,0,0,1,0,0
228609,ZA1,Western Cape,ZA1,Western Cape,ZA101,West Coast,ZA104,Eden,2020-06-29,2020-06-29,2,2,2,1340081.701781853,886186.7038293423,67018,20200629,20200629,0.24466466325617858,0.6852166396976793,0.0701186970461421,0.5060695297345649,497485.0,0.24710205256745305,0.6628052101466374,0.09009273728590954,0.4993180863678119,673839.0,-0.12079976303317536,0.34615384615384615,0.0004522691705790296,0.5384615384615384,1,1,3,0,0,0,1,0,0
228610,ZA8,Mpumalanga,ZA7,Gauteng,ZA831,Nkangala,ZA798,City of Johannesburg,2020-06-29,2020-06-30,2,2,2,297342.0815353673,133832.26716085532,80676,20200629,20200630,0.27290691475673784,0.6711806877078121,0.055912397535449986,0.5109201270525474,1573837.0,0.2220629170143196,0.7299897648810346,0.047947318104645836,0.5097433964893054,5540727.0,0.07867808219178082,0.6730769230769231,0.8818060606060606,1.0,1,1,3,0,0,0,1,0,0
228611,ZA7,Gauteng,ZA9,Limpopo,ZA797,Ekurhuleni,ZA936,Waterberg,2020-06-29,2020-06-30,1,1,1,1444381.2556447005,207833.73528850492,36061,20200629,20200630,0.23296733680905687,0.7203157619169479,0.04671690127399521,0.5205474946472306,3739653.0,0.2870915348782833,0.6477210572390478,0.06518740788266879,0.5138960603357211,718513.0,0.7435109289617486,0.9615384615384616,0.00236898395721925,0.5576923076923077,1,1,3,0,0,0,1,0,0
228612,ZA2,Eastern Cape,ZA2,Eastern Cape,ZA213,Chris Hani,ZA212,Amathole,2020-06-29,2020-06-29,2,2,2,131436.45166826525,57609.58963393254,18051,20200629,20200629,0.334940582305372,0.572656560540376,0.09240285715425203,0.478383232498069,752217.0,0.32816698449842097,0.5696178168124134,0.1022151986891656,0.47434426623917664,789726.0,-0.29251697892271666,0.057692307692307696,-0.3192883211678832,0.019230769230769232,1,1,3,0,0,0,1,0,0
228613,ZA7,Gauteng,ZA5,KwaZulu-Natal,ZA798,City of Johannesburg,ZA525,Amajuba,2020-06-29,2020-06-29,1,1,1,541186.0048408853,270987.237829765,28130,20200629,20200629,0.2220629170143196,0.7299897648810346,0.047947318104645836,0.5097433964893054,5540727.0,0.3311353387795859,0.6144200377537888,0.05444462346662529,0.48045773982507545,502731.0,0.8818060606060606,1.0,-0.16864155251141552,0.25,1,1,3,0,0,0,1,0,0
228614,ZA2,Eastern Cape,ZA7,Gauteng,ZA292,Buffalo City,ZA742,Sedibeng,2020-06-29,2020-06-29,1,1,1,2018400.7154978248,884214.7795322494,37110,20200629,20200629,0.254980022080858,0.6758306608485358,0.06918931707060617,0.48177934914042375,760840.0,0.24393339879416723,0.6953819961266214,0.06068460507921129,0.5059130831550246,994997.0,0.09585175879396986,0.6923076923076923,0.2808379746835443,0.8461538461538461,1,1,3,0,0,0,1,0,0
228615,ZA9,Limpopo,ZA3,Nothern Cape,ZA936,Waterberg,ZA309,Frances Baard,2020-06-29,2020-06-29,2,2,2,2194045.4013746334,1191717.857523034,81902,20200629,20200629,0.2870915348782833,0.6477210572390478,0.06518740788266879,0.5138960603357211,718513.0,0.2860169290028057,0.6497360787483951,0.06424699224879928,0.49189928194398214,420580.0,0.00236898395721925,0.5576923076923077,0.29907801418439717,0.8846153846153846,1,1,3,0,0,0,1,0,0
228616,ZA5,KwaZulu-Natal,ZA7,Gauteng,ZA525,Amajuba,ZA799,City of Tshwane,2020-06-29,2020-06-29,1,1,1,345719.0604590877,345719.0604590877,25504,20200629,20200629,0.3311353387795859,0.6144200377537888,0.05444462346662529,0.48045773982507545,502731.0,0.22283079372412132,0.7204843127840075,0.056684893491871245,0.5057337597223363,3627986.0,-0.16864155251141552,0.25,0.48224212034383956,0.9038461538461539,1,1,3,0,0,0,1,0,0
228617,ZA2,Eastern Cape,ZA5,KwaZulu-Natal,ZA244,Alfred Nzo,ZA543,Sisonke,2020-06-29,2020-06-30,1,1,1,129449.86991029304,64669.66262278461,44737,20200629,20200630,0.40782127157510134,0.5221222097470932,0.07005651867780548,0.4576553946475353,788235.0,0.37293146983899067,0.5707096800166399,0.05635885014436937,0.4671305273563743,447117.0,-0.27396673320026615,0.11538461538461539,-0.2112274881516588,0.17307692307692307,1,1,3,0,0,0,1,0,0
228618,ZA7,Gauteng,ZA5,KwaZulu-Natal,ZA748,West Rand,ZA595,eThekwini,2020-06-29,2020-06-29,1,1,1,584559.0264942982,572827.3383982383,29243,20200629,20200629,0.23154887232085752,0.7207832829912092,0.047667844687933295,0.5288128906961219,856804.0,0.2446364969883556,0.6990922562931536,0.05627124671849075,0.494610924976595,3587907.0,0.23715802469135805,0.8076923076923077,0.5666580406654343,0.9230769230769231,1,1,3,0,0,0,1,0,0
228619,ZA7,Gauteng,ZA5,KwaZulu-Natal,ZA797,Ekurhuleni,ZA522,Umgungundlovu,2020-06-29,2020-06-29,1,1,1,618799.9632917031,604735.4651403717,32420,20200629,20200629,0.23296733680905687,0.7203157619169479,0.04671690127399521,0.5205474946472306,3739653.0,0.2748377359932372,0.663873035280183,0.06128922872657978,0.48236181888519014,1046905.0,0.7435109289617486,0.9615384615384616,0.0061256544502617805,0.5769230769230769,1,1,3,0,0,0,1,0,0
228621,ZA5,KwaZulu-Natal,,,ZA528,Uthungulu,,,2020-06-29,2020-06-29,1,1,1,62949.46278010864,25587.926652561517,15771,20200629,20200629,0.3398562749304085,0.6096443299200878,0.05049939514950375,0.4759701217345943,889476.0,,,,,,-0.2202014106583072,0.15384615384615385,,,1,1,3,0,0,0,1,0,0
228622,ZA5,KwaZulu-Natal,ZA5,KwaZulu-Natal,ZA529,iLembe,ZA524,Umzinyathi,2020-06-29,2020-06-29,4,4,4,816141.5086583495,337739.5515931835,29361,20200629,20200629,0.32390440311621094,0.6202867780885334,0.05580881879525565,0.4827645772056803,636799.0,0.3952311253914291,0.5454951881678106,0.05927368644076033,0.451447242842509,514461.0,-0.14951617873651774,0.28846153846153844,-0.28225945945945946,0.07692307692307693,1,1,3,0,0,0,1,0,0
228623,ZA9,Limpopo,ZA1,Western Cape,ZA936,Waterberg,ZA191,City of Cape Town,2020-06-29,2020-06-29,7,7,3,29224712.952056848,13178761.69277973,46229,20200629,20200629,0.2870915348782833,0.6477210572390478,0.06518740788266879,0.5138960603357211,718513.0,0.23849582985172932,0.697186217784503,0.06431795236376775,0.4976008771049945,4436413.0,0.00236898395721925,0.5576923076923077,0.7687640750670242,0.9807692307692307,1,1,3,0,0,0,1,0,0
228624,ZA7,Gauteng,ZA8,Mpumalanga,ZA799,City of Tshwane,ZA830,Gert Sibande,2020-06-29,2020-06-29,14,14,14,4317442.610708745,2294655.1169154327,197465,20200629,20200629,0.22283079372412132,0.7204843127840075,0.056684893491871245,0.5057337597223363,3627986.0,0.30688245639051287,0.6412288994160756,0.05188864419341153,0.49968312815881616,1136106.0,0.48224212034383956,0.9038461538461539,-0.11248741610738255,0.36538461538461536,1,1,3,0,0,0,1,0,0
228625,ZA8,Mpumalanga,ZA9,Limpopo,ZA832,Ehlanzeni,ZA935,Capricorn,2020-06-29,2020-06-29,1,1,1,367194.7380621126,197493.34748374208,15366,20200629,20200629,0.32438893780700045,0.6235217992770762,0.05208926291592337,0.47979089412028486,1837538.0,0.3265897738288558,0.6007690312860821,0.07264119488506209,0.472231826966417,1295656.0,0.1315940928270042,0.7307692307692307,0.07397387387387387,0.6346153846153846,1,1,3,0,0,0,1,0,0
228626,ZA5,KwaZulu-Natal,ZA5,KwaZulu-Natal,ZA595,eThekwini,ZA526,Zululand,2020-06-29,2020-06-29,1,1,1,592120.1669598656,372856.59904391074,31846,20200629,20200629,0.2446364969883556,0.6990922562931536,0.05627124671849075,0.494610924976595,3587907.0,0.392497537624586,0.5542130860581069,0.053289376317307055,0.4651401640222711,783796.0,0.5666580406654343,0.9230769230769231,-0.2762355212355212,0.09615384615384616,1,1,3,0,0,0,1,0,0
228627,ZA7,Gauteng,ZA5,KwaZulu-Natal,ZA798,City of Johannesburg,ZA527,Umkhanyakude,2020-06-29,2020-06-29,1,1,1,554539.1703505005,537806.1924602222,31048,20200629,20200629,0.2220629170143196,0.7299897648810346,0.047947318104645836,0.5097433964893054,5540727.0,0.40017378652548197,0.5489306999026919,0.05089551357182606,0.4622270789873748,643318.0,0.8818060606060606,1.0,-0.31784377542717657,0.038461538461538464,1,1,3,0,0,0,1,0,0
228628,ZA5,KwaZulu-Natal,ZA5,KwaZulu-Natal,ZA521,Ugu,ZA522,Umgungundlovu,2020-06-29,2020-06-29,4,4,4,1186157.60706145,689505.2185079749,75987,20200629,20200629,0.32122674606698143,0.6016982741355622,0.07707497979745637,0.47391596021954596,714019.0,0.2748377359932372,0.663873035280183,0.06128922872657978,0.48236181888519014,1046905.0,-0.09480895915678524,0.40384615384615385,0.0061256544502617805,0.5769230769230769,1,1,3,0,0,0,1,0,0
228629,ZA4,Free State,ZA2,Eastern Cape,ZA494,Mangaung,ZA213,Chris Hani,2020-06-29,2020-06-29,2,2,2,1701571.428632595,680293.115191017,39638,20200629,20200629,0.26262942751272955,0.6754982029249197,0.06187236956235082,0.4901411892511804,826621.0,0.334940582305372,0.572656560540376,0.09240285715425203,0.478383232498069,752217.0,0.27329104477611943,0.8269230769230769,-0.29251697892271666,0.057692307692307696,1,1,3,0,0,0,1,0,0
228630,ZA2,Eastern Cape,ZA7,Gauteng,ZA292,Buffalo City,ZA797,Ekurhuleni,2020-06-29,2020-06-29,1,1,1,1548051.5168387976,766637.7496712739,19871,20200629,20200629,0.254980022080858,0.6758306608485358,0.06918931707060617,0.48177934914042375,760840.0,0.23296733680905687,0.7203157619169479,0.04671690127399521,0.5205474946472306,3739653.0,0.09585175879396986,0.6923076923076923,0.7435109289617486,0.9615384615384616,1,1,3,0,0,0,1,0,0
228631,ZA8,Mpumalanga,ZA8,Mpumalanga,ZA831,Nkangala,ZA830,Gert Sibande,2020-06-29,2020-06-30,4,4,4,351018.84003254643,160369.6763224803,89029,20200629,20200630,0.27290691475673784,0.6711806877078121,0.055912397535449986,0.5109201270525474,1573837.0,0.30688245639051287,0.6412288994160756,0.05188864419341153,0.49968312815881616,1136106.0,0.07867808219178082,0.6730769230769231,-0.11248741610738255,0.36538461538461536,1,1,3,0,0,0,1,0,0
228632,ZA8,Mpumalanga,ZA7,Gauteng,ZA831,Nkangala,ZA748,West Rand,2020-06-29,2020-06-29,3,3,3,739797.0435716449,500386.90332305577,38713,20200629,20200629,0.27290691475673784,0.6711806877078121,0.055912397535449986,0.5109201270525474,1573837.0,0.23154887232085752,0.7207832829912092,0.047667844687933295,0.5288128906961219,856804.0,0.07867808219178082,0.6730769230769231,0.23715802469135805,0.8076923076923077,1,1,3,0,0,0,1,0,0
228633,ZA4,Free State,ZA5,KwaZulu-Natal,ZA494,Mangaung,ZA595,eThekwini,2020-06-29,2020-06-29,1,1,1,597631.1033896554,597631.1033896554,29493,20200629,20200629,0.26262942751272955,0.6754982029249197,0.06187236956235082,0.4901411892511804,826621.0,0.2446364969883556,0.6990922562931536,0.05627124671849075,0.494610924976595,3587907.0,0.27329104477611943,0.8269230769230769,0.5666580406654343,0.9230769230769231,1,1,3,0,0,0,1,0,0
228634,ZA7,Gauteng,ZA8,Mpumalanga,ZA797,Ekurhuleni,ZA832,Ehlanzeni,2020-06-29,2020-06-29,2,2,2,1594455.131021229,743241.0532671171,42635,20200629,20200629,0.23296733680905687,0.7203157619169479,0.04671690127399521,0.5205474946472306,3739653.0,0.32438893780700045,0.6235217992770762,0.05208926291592337,0.47979089412028486,1837538.0,0.7435109289617486,0.9615384615384616,0.1315940928270042,0.7307692307692307,1,1,3,0,0,0,1,0,0
228635,ZA5,KwaZulu-Natal,ZA5,KwaZulu-Natal,ZA527,Umkhanyakude,ZA595,eThekwini,2020-06-29,2020-06-29,9,9,9,5227348.140809956,2243135.216104365,140074,20200629,20200629,0.40017378652548197,0.5489306999026919,0.05089551357182606,0.4622270789873748,643318.0,0.2446364969883556,0.6990922562931536,0.05627124671849075,0.494610924976595,3587907.0,-0.31784377542717657,0.038461538461538464,0.5666580406654343,0.9230769230769231,1,1,3,0,0,0,1,0,0
228636,ZA9,Limpopo,ZA8,Mpumalanga,ZA935,Capricorn,ZA831,Nkangala,2020-06-29,2020-06-29,5,5,5,4175400.313645573,2039964.1003877963,94945,20200629,20200629,0.3265897738288558,0.6007690312860821,0.07264119488506209,0.472231826966417,1295656.0,0.27290691475673784,0.6711806877078121,0.055912397535449986,0.5109201270525474,1573837.0,0.07397387387387387,0.6346153846153846,0.07867808219178082,0.6730769230769231,1,1,3,0,0,0,1,0,0
228637,ZA2,Eastern Cape,ZA7,Gauteng,ZA214,Joe Gqabi,ZA798,City of Johannesburg,2020-06-29,2020-06-29,1,1,1,830540.6754595307,499576.78606453625,2448,20200629,20200629,0.3340471849013029,0.5799636495391386,0.08598916555955849,0.47733103958194023,339473.0,0.2220629170143196,0.7299897648810346,0.047947318104645836,0.5097433964893054,5540727.0,-0.1839776119402985,0.21153846153846154,0.8818060606060606,1.0,1,1,3,0,0,0,1,0,0
228638,ZA5,KwaZulu-Natal,ZA5,KwaZulu-Natal,ZA523,Uthukela,ZA522,Umgungundlovu,2020-06-29,2020-06-30,1,1,1,429938.4661626726,131633.0545482417,59272,20200629,20200630,0.36014331224838336,0.5864396074090654,0.05341708034255123,0.46782833191779016,652282.0,0.2748377359932372,0.663873035280183,0.06128922872657978,0.48236181888519014,1046905.0,-0.19841226215644822,0.19230769230769232,0.0061256544502617805,0.5769230769230769,1,1,3,0,0,0,1,0,0
228639,ZA5,KwaZulu-Natal,ZA7,Gauteng,ZA527,Umkhanyakude,ZA799,City of Tshwane,2020-06-29,2020-06-29,1,1,1,752259.4246819953,469028.79120625096,28489,20200629,20200629,0.40017378652548197,0.5489306999026919,0.05089551357182606,0.4622270789873748,643318.0,0.22283079372412132,0.7204843127840075,0.056684893491871245,0.5057337597223363,3627986.0,-0.31784377542717657,0.038461538461538464,0.48224212034383956,0.9038461538461539,1,1,3,0,0,0,1,0,0
228640,ZA3,Nothern Cape,ZA1,Western Cape,ZA306,Namakwa,ZA105,Central Karoo,2020-06-29,2020-06-29,1,1,1,137902.7145476613,68749.44883097391,4020,20200629,20200629,0.2479438366342976,0.6592106724059887,0.09284549095971371,0.5132337492633683,117087.0,0.29415328297801036,0.633639246216906,0.07220747080508365,0.4979247763656518,77582.0,0.06505633802816901,0.6153846153846154,-0.12604477611940298,0.3269230769230769,1,1,3,0,0,0,1,0,0
228641,ZA5,KwaZulu-Natal,ZA5,KwaZulu-Natal,ZA522,Umgungundlovu,ZA523,Uthukela,2020-06-29,2020-06-30,1,1,1,93316.47317884484,44796.34814320917,14625,20200629,20200630,0.2748377359932372,0.663873035280183,0.06128922872657978,0.48236181888519014,1046905.0,0.36014331224838336,0.5864396074090654,0.05341708034255123,0.46782833191779016,652282.0,0.0061256544502617805,0.5769230769230769,-0.19841226215644822,0.19230769230769232,1,1,3,0,0,0,1,0,0
228642,ZA7,Gauteng,ZA6,North West,ZA798,City of Johannesburg,ZA640,Dr Kenneth Kaunda,2020-06-29,2020-06-30,2,2,2,480166.52729585697,294337.613351095,203351,20200629,20200630,0.2220629170143196,0.7299897648810346,0.047947318104645836,0.5097433964893054,5540727.0,0.27505895171327793,0.6602340041700301,0.06470704411669191,0.5065976875287468,754431.0,0.8818060606060606,1.0,-0.10069384057971015,0.38461538461538464,1,1,3,0,0,0,1,0,0
228643,ZA7,Gauteng,ZA1,Western Cape,ZA797,Ekurhuleni,ZA101,West Coast,2020-06-29,2020-06-29,2,2,2,2675208.592660592,2520659.1036398006,43644,20200629,20200629,0.23296733680905687,0.7203157619169479,0.04671690127399521,0.5205474946472306,3739653.0,0.24466466325617858,0.6852166396976793,0.0701186970461421,0.5060695297345649,497485.0,0.7435109289617486,0.9615384615384616,-0.12079976303317536,0.34615384615384615,1,1,3,0,0,0,1,0,0
228644,ZA4,Free State,ZA2,Eastern Cape,ZA494,Mangaung,ZA210,Cacadu,2020-06-29,2020-06-29,2,2,2,2531787.989442367,879782.0499135286,39434,20200629,20200629,0.26262942751272955,0.6754982029249197,0.06187236956235082,0.4901411892511804,826621.0,0.2618455236218228,0.6571170870354837,0.08103738934269357,0.4975242081945451,491156.0,0.27329104477611943,0.8269230769230769,-0.01848062015503876,0.5,1,1,3,0,0,0,1,0,0
228645,ZA6,North West,ZA6,North West,ZA638,Ngaka Modiri Molema,ZA640,Dr Kenneth Kaunda,2020-06-29,2020-06-29,19,19,19,4930048.251229918,2129472.646473547,186180,20200629,20200629,0.3236353449196357,0.6078801705223251,0.06848448455803925,0.4964769205863341,870971.0,0.27505895171327793,0.6602340041700301,0.06470704411669191,0.5065976875287468,754431.0,-0.18344824707846413,0.23076923076923078,-0.10069384057971015,0.38461538461538464,1,1,3,0,0,0,1,0,0
228646,ZA4,Free State,ZA2,Eastern Cape,ZA494,Mangaung,ZA214,Joe Gqabi,2020-06-29,2020-06-29,2,2,2,1258175.6697103342,813828.5512792215,67373,20200629,20200629,0.26262942751272955,0.6754982029249197,0.06187236956235082,0.4901411892511804,826621.0,0.3340471849013029,0.5799636495391386,0.08598916555955849,0.47733103958194023,339473.0,0.27329104477611943,0.8269230769230769,-0.1839776119402985,0.21153846153846154,1,1,3,0,0,0,1,0,0
228647,ZA5,KwaZulu-Natal,ZA2,Eastern Cape,ZA543,Sisonke,ZA293,Nelson Mandela Bay,2020-06-29,2020-06-29,1,1,1,1048392.3380702157,520926.5465879147,964,20200629,20200629,0.37293146983899067,0.5707096800166399,0.05635885014436937,0.4671305273563743,447117.0,0.2465186661259611,0.6842154879637478,0.0692658459102911,0.4877654529777138,1230491.0,-0.2112274881516588,0.17307692307692307,0.5740514018691588,0.9423076923076923,1,1,3,0,0,0,1,0,0
228648,ZA8,Mpumalanga,ZA5,KwaZulu-Natal,ZA832,Ehlanzeni,ZA526,Zululand,2020-06-29,2020-06-29,1,1,1,720533.9466679759,271783.4779310529,18324,20200629,20200629,0.32438893780700045,0.6235217992770762,0.05208926291592337,0.47979089412028486,1837538.0,0.392497537624586,0.5542130860581069,0.053289376317307055,0.4651401640222711,783796.0,0.1315940928270042,0.7307692307692307,-0.2762355212355212,0.09615384615384616,1,1,3,0,0,0,1,0,0
228649,ZA6,North West,ZA7,Gauteng,ZA638,Ngaka Modiri Molema,ZA799,City of Tshwane,2020-06-29,2020-06-29,3,3,3,1109423.9819386697,696098.3344061141,42321,20200629,20200629,0.3236353449196357,0.6078801705223251,0.06848448455803925,0.4964769205863341,870971.0,0.22283079372412132,0.7204843127840075,0.056684893491871245,0.5057337597223363,3627986.0,-0.18344824707846413,0.23076923076923078,0.48224212034383956,0.9038461538461539,1,1,3,0,0,0,1,0,0
228650,ZA1,Western Cape,ZA2,Eastern Cape,ZA104,Eden,ZA293,Nelson Mandela Bay,2020-06-29,2020-06-29,5,5,5,2681637.345278537,1342238.7345577583,76449,20200629,20200629,0.24710205256745305,0.6628052101466374,0.09009273728590954,0.4993180863678119,673839.0,0.2465186661259611,0.6842154879637478,0.0692658459102911,0.4877654529777138,1230491.0,0.0004522691705790296,0.5384615384615384,0.5740514018691588,0.9423076923076923,1,1,3,0,0,0,1,0,0
228651,ZA9,Limpopo,ZA7,Gauteng,ZA933,Mopani,ZA797,Ekurhuleni,2020-06-29,2020-06-29,3,3,3,2942654.7468999736,1186476.9689801247,82424,20200629,20200629,0.3329418650827259,0.6026296126910996,0.06442852222617454,0.46142626187343905,1062666.0,0.23296733680905687,0.7203157619169479,0.04671690127399521,0.5205474946472306,3739653.0,-0.037928345626975765,0.4807692307692308,0.7435109289617486,0.9615384615384616,1,1,3,0,0,0,1,0,0
228652,ZA6,North West,ZA3,Nothern Cape,ZA640,Dr Kenneth Kaunda,ZA345,John Taolo Gaetsewe,2020-06-29,2020-06-29,2,2,2,1469773.9170974717,722890.2690941258,40543,20200629,20200629,0.27505895171327793,0.6602340041700301,0.06470704411669191,0.5065976875287468,754431.0,0.31986957060536586,0.628082594956317,0.05204783443831712,0.4959027820806741,258224.0,-0.10069384057971015,0.38461538461538464,-0.13480926430517712,0.3076923076923077,1,1,3,0,0,0,1,0,0
228653,ZA4,Free State,ZA2,Eastern Cape,ZA494,Mangaung,ZA292,Buffalo City,2020-06-29,2020-06-29,2,2,2,1596989.7239041328,1131095.0231298532,51419,20200629,20200629,0.26262942751272955,0.6754982029249197,0.06187236956235082,0.4901411892511804,826621.0,0.254980022080858,0.6758306608485358,0.06918931707060617,0.48177934914042375,760840.0,0.27329104477611943,0.8269230769230769,0.09585175879396986,0.6923076923076923,1,1,3,0,0,0,1,0,0
228654,ZA5,KwaZulu-Natal,ZA8,Mpumalanga,ZA528,Uthungulu,ZA830,Gert Sibande,2020-06-29,2020-06-29,1,1,1,999256.806901598,340881.2011908967,17516,20200629,20200629,0.3398562749304085,0.6096443299200878,0.05049939514950375,0.4759701217345943,889476.0,0.30688245639051287,0.6412288994160756,0.05188864419341153,0.49968312815881616,1136106.0,-0.2202014106583072,0.15384615384615385,-0.11248741610738255,0.36538461538461536,1,1,3,0,0,0,1,0,0
228655,ZA6,North West,ZA7,Gauteng,ZA638,Ngaka Modiri Molema,ZA742,Sedibeng,2020-06-29,2020-06-29,1,1,1,710810.3341595766,341518.1220752589,28403,20200629,20200629,0.3236353449196357,0.6078801705223251,0.06848448455803925,0.4964769205863341,870971.0,0.24393339879416723,0.6953819961266214,0.06068460507921129,0.5059130831550246,994997.0,-0.18344824707846413,0.23076923076923078,0.2808379746835443,0.8461538461538461,1,1,3,0,0,0,1,0,0
228656,ZA5,KwaZulu-Natal,,,ZA521,Ugu,,,2020-06-29,2020-06-29,1,1,1,121175.39648334966,464.0514906908062,57,20200629,20200629,0.32122674606698143,0.6016982741355622,0.07707497979745637,0.47391596021954596,714019.0,,,,,,-0.09480895915678524,0.40384615384615385,,,1,1,3,0,0,0,1,0,0
228657,ZA7,Gauteng,ZA9,Limpopo,ZA742,Sedibeng,ZA934,Vhembe,2020-06-29,2020-06-29,1,1,1,443982.1801971383,427925.3338382546,19168,20200629,20200629,0.24393339879416723,0.6953819961266214,0.06068460507921129,0.5059130831550246,994997.0,0.3433867460978093,0.5887604530714541,0.06785280083073665,0.4597374214109392,1325089.0,0.2808379746835443,0.8461538461538461,-0.0767829596412556,0.4230769230769231,1,1,3,0,0,0,1,0,0
228658,ZA7,Gauteng,ZA5,KwaZulu-Natal,ZA797,Ekurhuleni,ZA543,Sisonke,2020-06-29,2020-06-30,1,1,1,896457.2548582419,756029.2810403232,54661,20200629,20200630,0.23296733680905687,0.7203157619169479,0.04671690127399521,0.5205474946472306,3739653.0,0.37293146983899067,0.5707096800166399,0.05635885014436937,0.4671305273563743,447117.0,0.7435109289617486,0.9615384615384616,-0.2112274881516588,0.17307692307692307,1,1,3,0,0,0,1,0,0
228659,ZA2,Eastern Cape,ZA2,Eastern Cape,ZA214,Joe Gqabi,ZA215,O.R.Tambo,2020-06-29,2020-06-29,5,4,4,1367581.1626953103,475601.4226116396,31153,20200629,20200629,0.3340471849013029,0.5799636495391386,0.08598916555955849,0.47733103958194023,339473.0,0.38804558548824664,0.5482866433400703,0.06366777117168307,0.4623163104135049,1358678.0,-0.1839776119402985,0.21153846153846154,-0.23807536101083035,0.1346153846153846,1,1,3,0,0,0,1,0,0
228660,ZA5,KwaZulu-Natal,ZA7,Gauteng,ZA595,eThekwini,ZA799,City of Tshwane,2020-06-29,2020-06-29,3,3,3,2943637.205577083,1692275.5425936035,67410,20200629,20200629,0.2446364969883556,0.6990922562931536,0.05627124671849075,0.494610924976595,3587907.0,0.22283079372412132,0.7204843127840075,0.056684893491871245,0.5057337597223363,3627986.0,0.5666580406654343,0.9230769230769231,0.48224212034383956,0.9038461538461539,1,1,3,0,0,0,1,0,0
228661,ZA6,North West,ZA3,Nothern Cape,ZA638,Ngaka Modiri Molema,ZA345,John Taolo Gaetsewe,2020-06-29,2020-06-29,2,2,2,806364.3917067106,528233.3645955904,34716,20200629,20200629,0.3236353449196357,0.6078801705223251,0.06848448455803925,0.4964769205863341,870971.0,0.31986957060536586,0.628082594956317,0.05204783443831712,0.4959027820806741,258224.0,-0.18344824707846413,0.23076923076923078,-0.13480926430517712,0.3076923076923077,1,1,3,0,0,0,1,0,0
228662,ZA4,Free State,ZA5,KwaZulu-Natal,ZA419,Thabo Mofutsanyane,ZA522,Umgungundlovu,2020-06-29,2020-06-30,1,1,1,1970737.050910229,236349.97478470887,28546,20200629,20200630,0.31143326559338835,0.6251823622683981,0.06338437213821363,0.47028720831466336,662829.0,0.2748377359932372,0.663873035280183,0.06128922872657978,0.48236181888519014,1046905.0,0.10770218579234972,0.7115384615384616,0.0061256544502617805,0.5769230769230769,1,1,3,0,0,0,1,0,0
228663,ZA2,Eastern Cape,ZA2,Eastern Cape,ZA210,Cacadu,ZA213,Chris Hani,2020-06-29,2020-06-29,7,7,7,3646051.3788066674,1426778.4166913787,98884,20200629,20200629,0.2618455236218228,0.6571170870354837,0.08103738934269357,0.4975242081945451,491156.0,0.334940582305372,0.572656560540376,0.09240285715425203,0.478383232498069,752217.0,-0.01848062015503876,0.5,-0.29251697892271666,0.057692307692307696,1,1,3,0,0,0,1,0,0
228664,ZA7,Gauteng,ZA5,KwaZulu-Natal,ZA797,Ekurhuleni,ZA529,iLembe,2020-06-29,2020-06-29,2,2,2,1108546.3466098923,984304.7397193892,93168,20200629,20200629,0.23296733680905687,0.7203157619169479,0.04671690127399521,0.5205474946472306,3739653.0,0.32390440311621094,0.6202867780885334,0.05580881879525565,0.4827645772056803,636799.0,0.7435109289617486,0.9615384615384616,-0.14951617873651774,0.28846153846153844,1,1,3,0,0,0,1,0,0
228665,ZA5,KwaZulu-Natal,ZA4,Free State,ZA525,Amajuba,ZA419,Thabo Mofutsanyane,2020-06-29,2020-06-29,2,2,2,787711.9213117091,394007.0497021587,28651,20200629,20200629,0.3311353387795859,0.6144200377537888,0.05444462346662529,0.48045773982507545,502731.0,0.31143326559338835,0.6251823622683981,0.06338437213821363,0.47028720831466336,662829.0,-0.16864155251141552,0.25,0.10770218579234972,0.7115384615384616,1,1,3,0,0,0,1,0,0
228666,ZA6,North West,ZA7,Gauteng,ZA640,Dr Kenneth Kaunda,ZA798,City of Johannesburg,2020-06-29,2020-06-30,1,1,1,390304.8778169568,192471.0013878225,42951,20200629,20200630,0.27505895171327793,0.6602340041700301,0.06470704411669191,0.5065976875287468,754431.0,0.2220629170143196,0.7299897648810346,0.047947318104645836,0.5097433964893054,5540727.0,-0.10069384057971015,0.38461538461538464,0.8818060606060606,1.0,1,1,3,0,0,0,1,0,0
228667,ZA8,Mpumalanga,ZA5,KwaZulu-Natal,ZA832,Ehlanzeni,ZA528,Uthungulu,2020-06-29,2020-06-29,2,1,1,1178836.3862928262,588335.4731186326,68632,20200629,20200629,0.32438893780700045,0.6235217992770762,0.05208926291592337,0.47979089412028486,1837538.0,0.3398562749304085,0.6096443299200878,0.05049939514950375,0.4759701217345943,889476.0,0.1315940928270042,0.7307692307692307,-0.2202014106583072,0.15384615384615385,1,1,3,0,0,0,1,0,0
228668,ZA6,North West,ZA1,Western Cape,ZA637,Bojanala,ZA102,Cape Winelands,2020-06-29,2020-06-29,1,1,1,2333395.068699587,1166717.9445245569,971,20200629,20200629,0.25082919250139085,0.6903465537718604,0.05882425372674875,0.5380589003726469,1786678.0,0.24989252608235304,0.6902123420738123,0.059895131843834624,0.5011121214086944,909523.0,0.07430676328502415,0.6538461538461539,-0.012388831437435367,0.5192307692307693,1,1,3,0,0,0,1,0,0
228669,ZA2,Eastern Cape,ZA7,Gauteng,ZA210,Cacadu,ZA798,City of Johannesburg,2020-06-29,2020-06-29,2,2,2,1757348.055523584,1757122.8975772662,68744,20200629,20200629,0.2618455236218228,0.6571170870354837,0.08103738934269357,0.4975242081945451,491156.0,0.2220629170143196,0.7299897648810346,0.047947318104645836,0.5097433964893054,5540727.0,-0.01848062015503876,0.5,0.8818060606060606,1.0,1,1,3,0,0,0,1,0,0
228670,ZA9,Limpopo,ZA7,Gauteng,ZA934,Vhembe,ZA797,Ekurhuleni,2020-06-29,2020-06-30,1,1,1,448526.0301601395,447808.8422770229,80240,20200629,20200630,0.3433867460978093,0.5887604530714541,0.06785280083073665,0.4597374214109392,1325089.0,0.23296733680905687,0.7203157619169479,0.04671690127399521,0.5205474946472306,3739653.0,-0.0767829596412556,0.4230769230769231,0.7435109289617486,0.9615384615384616,1,1,3,0,0,0,1,0,0
228671,ZA6,North West,ZA6,North West,ZA637,Bojanala,ZA638,Ngaka Modiri Molema,2020-06-29,2020-06-30,1,1,1,599610.1143308508,164588.04088002507,53521,20200629,20200630,0.25082919250139085,0.6903465537718604,0.05882425372674875,0.5380589003726469,1786678.0,0.3236353449196357,0.6078801705223251,0.06848448455803925,0.4964769205863341,870971.0,0.07430676328502415,0.6538461538461539,-0.18344824707846413,0.23076923076923078,1,1,3,0,0,0,1,0,0
228672,ZA8,Mpumalanga,ZA7,Gauteng,ZA832,Ehlanzeni,ZA798,City of Johannesburg,2020-06-29,2020-06-29,6,6,6,3225418.7654111874,1836001.4334283012,131771,20200629,20200629,0.32438893780700045,0.6235217992770762,0.05208926291592337,0.47979089412028486,1837538.0,0.2220629170143196,0.7299897648810346,0.047947318104645836,0.5097433964893054,5540727.0,0.1315940928270042,0.7307692307692307,0.8818060606060606,1.0,1,1,3,0,0,0,1,0,0
228673,ZA4,Free State,ZA6,North West,ZA420,Fezile Dabi,ZA640,Dr Kenneth Kaunda,2020-06-29,2020-06-30,3,3,3,90312.3473471044,42206.51250528087,155437,20200629,20200630,0.2705098118551487,0.6604572122193,0.06903297592555128,0.5050070807202104,494300.0,0.27505895171327793,0.6602340041700301,0.06470704411669191,0.5065976875287468,754431.0,0.2276555023923445,0.7884615384615384,-0.10069384057971015,0.38461538461538464,1,1,3,0,0,0,1,0,0
228674,ZA4,Free State,ZA4,Free State,ZA420,Fezile Dabi,ZA418,Lejweleputswa,2020-06-29,2020-06-30,1,1,1,156582.46149895014,49970.26088024512,15231,20200629,20200630,0.2705098118551487,0.6604572122193,0.06903297592555128,0.5050070807202104,494300.0,0.27941650281351393,0.6617931601395349,0.058790337046951115,0.500105365269169,574193.0,0.2276555023923445,0.7884615384615384,0.29495049504950493,0.8653846153846154,1,1,3,0,0,0,1,0,0
228675,ZA3,Nothern Cape,ZA3,Nothern Cape,ZA306,Namakwa,ZA345,John Taolo Gaetsewe,2020-06-29,2020-06-29,1,1,1,733276.3184693038,591924.1978618465,27123,20200629,20200629,0.2479438366342976,0.6592106724059887,0.09284549095971371,0.5132337492633683,117087.0,0.31986957060536586,0.628082594956317,0.05204783443831712,0.4959027820806741,258224.0,0.06505633802816901,0.6153846153846154,-0.13480926430517712,0.3076923076923077,1,1,3,0,0,0,1,0,0
228676,ZA9,Limpopo,ZA7,Gauteng,ZA935,Capricorn,ZA748,West Rand,2020-06-29,2020-06-29,1,1,1,675295.0854626112,327607.2690770736,23893,20200629,20200629,0.3265897738288558,0.6007690312860821,0.07264119488506209,0.472231826966417,1295656.0,0.23154887232085752,0.7207832829912092,0.047667844687933295,0.5288128906961219,856804.0,0.07397387387387387,0.6346153846153846,0.23715802469135805,0.8076923076923077,1,1,3,0,0,0,1,0,0
228677,ZA5,KwaZulu-Natal,ZA7,Gauteng,ZA595,eThekwini,ZA797,Ekurhuleni,2020-06-29,2020-06-29,5,5,5,3325056.319319032,2402293.086094198,41485,20200629,20200629,0.2446364969883556,0.6990922562931536,0.05627124671849075,0.494610924976595,3587907.0,0.23296733680905687,0.7203157619169479,0.04671690127399521,0.5205474946472306,3739653.0,0.5666580406654343,0.9230769230769231,0.7435109289617486,0.9615384615384616,1,1,3,0,0,0,1,0,0
228678,ZA8,Mpumalanga,ZA7,Gauteng,ZA830,Gert Sibande,ZA797,Ekurhuleni,2020-06-29,2020-06-30,1,1,1,442595.8734207611,77355.81501155437,14896,20200629,20200630,0.30688245639051287,0.6412288994160756,0.05188864419341153,0.49968312815881616,1136106.0,0.23296733680905687,0.7203157619169479,0.04671690127399521,0.5205474946472306,3739653.0,-0.11248741610738255,0.36538461538461536,0.7435109289617486,0.9615384615384616,1,1,3,0,0,0,1,0,0
228679,ZA7,Gauteng,ZA8,Mpumalanga,ZA799,City of Tshwane,ZA830,Gert Sibande,2020-06-29,2020-06-30,1,1,1,291335.30152954743,138487.1627828582,32856,20200629,20200630,0.22283079372412132,0.7204843127840075,0.056684893491871245,0.5057337597223363,3627986.0,0.30688245639051287,0.6412288994160756,0.05188864419341153,0.49968312815881616,1136106.0,0.48224212034383956,0.9038461538461539,-0.11248741610738255,0.36538461538461536,1,1,3,0,0,0,1,0,0
228680,ZA5,KwaZulu-Natal,ZA7,Gauteng,ZA522,Umgungundlovu,ZA799,City of Tshwane,2020-06-29,2020-06-29,1,1,1,624289.7631171587,531480.1892974643,31653,20200629,20200629,0.2748377359932372,0.663873035280183,0.06128922872657978,0.48236181888519014,1046905.0,0.22283079372412132,0.7204843127840075,0.056684893491871245,0.5057337597223363,3627986.0,0.0061256544502617805,0.5769230769230769,0.48224212034383956,0.9038461538461539,1,1,3,0,0,0,1,0,0
228681,ZA7,Gauteng,ZA9,Limpopo,ZA799,City of Tshwane,ZA934,Vhembe,2020-06-29,2020-06-29,3,3,3,2347933.230518371,1213020.765216727,86516,20200629,20200629,0.22283079372412132,0.7204843127840075,0.056684893491871245,0.5057337597223363,3627986.0,0.3433867460978093,0.5887604530714541,0.06785280083073665,0.4597374214109392,1325089.0,0.48224212034383956,0.9038461538461539,-0.0767829596412556,0.4230769230769231,1,1,3,0,0,0,1,0,0
228682,ZA2,Eastern Cape,ZA4,Free State,ZA293,Nelson Mandela Bay,ZA494,Mangaung,2020-06-29,2020-06-29,1,1,1,2046382.178838793,637485.8290572675,27233,20200629,20200629,0.2465186661259611,0.6842154879637478,0.0692658459102911,0.4877654529777138,1230491.0,0.26262942751272955,0.6754982029249197,0.06187236956235082,0.4901411892511804,826621.0,0.5740514018691588,0.9423076923076923,0.27329104477611943,0.8269230769230769,1,1,3,0,0,0,1,0,0
228683,ZA7,Gauteng,ZA1,Western Cape,ZA797,Ekurhuleni,ZA104,Eden,2020-06-29,2020-06-29,1,1,1,1732878.578942343,1117362.2377169398,43224,20200629,20200629,0.23296733680905687,0.7203157619169479,0.04671690127399521,0.5205474946472306,3739653.0,0.24710205256745305,0.6628052101466374,0.09009273728590954,0.4993180863678119,673839.0,0.7435109289617486,0.9615384615384616,0.0004522691705790296,0.5384615384615384,1,1,3,0,0,0,1,0,0
228684,ZA5,KwaZulu-Natal,ZA5,KwaZulu-Natal,ZA526,Zululand,ZA529,iLembe,2020-06-29,2020-06-29,1,1,1,171985.8126264437,170789.02866140314,17579,20200629,20200629,0.392497537624586,0.5542130860581069,0.053289376317307055,0.4651401640222711,783796.0,0.32390440311621094,0.6202867780885334,0.05580881879525565,0.4827645772056803,636799.0,-0.2762355212355212,0.09615384615384616,-0.14951617873651774,0.28846153846153844,1,1,3,0,0,0,1,0,0
228685,ZA9,Limpopo,ZA7,Gauteng,ZA935,Capricorn,ZA797,Ekurhuleni,2020-06-29,2020-06-29,4,4,4,2394844.2566565364,1144134.3049192275,68903,20200629,20200629,0.3265897738288558,0.6007690312860821,0.07264119488506209,0.472231826966417,1295656.0,0.23296733680905687,0.7203157619169479,0.04671690127399521,0.5205474946472306,3739653.0,0.07397387387387387,0.6346153846153846,0.7435109289617486,0.9615384615384616,1,1,3,0,0,0,1,0,0
228686,ZA1,Western Cape,ZA1,Western Cape,ZA102,Cape Winelands,ZA105,Central Karoo,2020-06-29,2020-06-30,1,1,1,989958.3599409092,473415.6412213989,55746,20200629,20200630,0.24989252608235304,0.6902123420738123,0.059895131843834624,0.5011121214086944,909523.0,0.29415328297801036,0.633639246216906,0.07220747080508365,0.4979247763656518,77582.0,-0.012388831437435367,0.5192307692307693,-0.12604477611940298,0.3269230769230769,1,1,3,0,0,0,1,0,0
228687,ZA7,Gauteng,ZA4,Free State,ZA799,City of Tshwane,ZA494,Mangaung,2020-06-29,2020-06-29,2,2,2,1305582.952545844,926842.009201709,51900,20200629,20200629,0.22283079372412132,0.7204843127840075,0.056684893491871245,0.5057337597223363,3627986.0,0.26262942751272955,0.6754982029249197,0.06187236956235082,0.4901411892511804,826621.0,0.48224212034383956,0.9038461538461539,0.27329104477611943,0.8269230769230769,1,1,3,0,0,0,1,0,0
228688,ZA7,Gauteng,ZA6,North West,ZA797,Ekurhuleni,ZA640,Dr Kenneth Kaunda,2020-06-29,2020-06-30,1,1,1,176034.92719680193,126313.41450783936,40699,20200629,20200630,0.23296733680905687,0.7203157619169479,0.04671690127399521,0.5205474946472306,3739653.0,0.27505895171327793,0.6602340041700301,0.06470704411669191,0.5065976875287468,754431.0,0.7435109289617486,0.9615384615384616,-0.10069384057971015,0.38461538461538464,1,1,3,0,0,0,1,0,0
228689,ZA6,North West,ZA8,Mpumalanga,ZA637,Bojanala,ZA832,Ehlanzeni,2020-06-29,2020-06-30,1,1,1,682316.7275292701,323107.84918516735,66053,20200629,20200630,0.25082919250139085,0.6903465537718604,0.05882425372674875,0.5380589003726469,1786678.0,0.32438893780700045,0.6235217992770762,0.05208926291592337,0.47979089412028486,1837538.0,0.07430676328502415,0.6538461538461539,0.1315940928270042,0.7307692307692307,1,1,3,0,0,0,1,0,0
228690,ZA2,Eastern Cape,ZA1,Western Cape,ZA293,Nelson Mandela Bay,ZA104,Eden,2020-06-29,2020-06-29,5,5,5,2077909.658931944,1231145.2660635817,131005,20200629,20200629,0.2465186661259611,0.6842154879637478,0.0692658459102911,0.4877654529777138,1230491.0,0.24710205256745305,0.6628052101466374,0.09009273728590954,0.4993180863678119,673839.0,0.5740514018691588,0.9423076923076923,0.0004522691705790296,0.5384615384615384,1,1,3,0,0,0,1,0,0
228691,ZA4,Free State,ZA9,Limpopo,ZA418,Lejweleputswa,ZA936,Waterberg,2020-06-29,2020-06-29,1,1,1,1376038.4321311414,507533.82714634907,23810,20200629,20200629,0.27941650281351393,0.6617931601395349,0.058790337046951115,0.500105365269169,574193.0,0.2870915348782833,0.6477210572390478,0.06518740788266879,0.5138960603357211,718513.0,0.29495049504950493,0.8653846153846154,0.00236898395721925,0.5576923076923077,1,1,3,0,0,0,1,0,0
228692,ZA9,Limpopo,ZA6,North West,ZA936,Waterberg,ZA638,Ngaka Modiri Molema,2020-06-29,2020-06-30,1,1,1,1028.9015773317751,573.5993073004674,42064,20200629,20200630,0.2870915348782833,0.6477210572390478,0.06518740788266879,0.5138960603357211,718513.0,0.3236353449196357,0.6078801705223251,0.06848448455803925,0.4964769205863341,870971.0,0.00236898395721925,0.5576923076923077,-0.18344824707846413,0.23076923076923078,1,1,3,0,0,0,1,0,0
228693,ZA4,Free State,ZA5,KwaZulu-Natal,ZA420,Fezile Dabi,ZA522,Umgungundlovu,2020-06-29,2020-06-29,1,1,1,922942.695234033,385520.6142955968,32233,20200629,20200629,0.2705098118551487,0.6604572122193,0.06903297592555128,0.5050070807202104,494300.0,0.2748377359932372,0.663873035280183,0.06128922872657978,0.48236181888519014,1046905.0,0.2276555023923445,0.7884615384615384,0.0061256544502617805,0.5769230769230769,1,1,3,0,0,0,1,0,0
228694,ZA7,Gauteng,ZA6,North West,ZA798,City of Johannesburg,ZA637,Bojanala,2020-06-29,2020-06-30,2,2,2,580089.3111661971,116274.44526736536,51424,20200629,20200630,0.2220629170143196,0.7299897648810346,0.047947318104645836,0.5097433964893054,5540727.0,0.25082919250139085,0.6903465537718604,0.05882425372674875,0.5380589003726469,1786678.0,0.8818060606060606,1.0,0.07430676328502415,0.6538461538461539,1,1,3,0,0,0,1,0,0
228695,ZA5,KwaZulu-Natal,ZA7,Gauteng,ZA524,Umzinyathi,ZA798,City of Johannesburg,2020-06-29,2020-06-29,1,1,1,747386.9973885538,308289.66544109065,48630,20200629,20200629,0.3952311253914291,0.5454951881678106,0.05927368644076033,0.451447242842509,514461.0,0.2220629170143196,0.7299897648810346,0.047947318104645836,0.5097433964893054,5540727.0,-0.28225945945945946,0.07692307692307693,0.8818060606060606,1.0,1,1,3,0,0,0,1,0,0
228696,ZA7,Gauteng,ZA1,Western Cape,ZA799,City of Tshwane,ZA191,City of Cape Town,2020-06-29,2020-06-30,2,2,2,2934642.123877997,2934327.169293003,151243,20200629,20200630,0.22283079372412132,0.7204843127840075,0.056684893491871245,0.5057337597223363,3627986.0,0.23849582985172932,0.697186217784503,0.06431795236376775,0.4976008771049945,4436413.0,0.48224212034383956,0.9038461538461539,0.7687640750670242,0.9807692307692307,1,1,3,0,0,0,1,0,0
228698,ZA1,Western Cape,,,ZA101,West Coast,,,2020-06-29,2020-06-29,1,1,1,4969.451412353701,2483.9169377078038,424,20200629,20200629,0.24466466325617858,0.6852166396976793,0.0701186970461421,0.5060695297345649,497485.0,,,,,,-0.12079976303317536,0.34615384615384615,,,1,1,3,0,0,0,1,0,0
228699,ZA8,Mpumalanga,ZA7,Gauteng,ZA830,Gert Sibande,ZA742,Sedibeng,2020-06-29,2020-06-30,2,2,2,71626.21937273385,36010.91179708799,120479,20200629,20200630,0.30688245639051287,0.6412288994160756,0.05188864419341153,0.49968312815881616,1136106.0,0.24393339879416723,0.6953819961266214,0.06068460507921129,0.5059130831550246,994997.0,-0.11248741610738255,0.36538461538461536,0.2808379746835443,0.8461538461538461,1,1,3,0,0,0,1,0,0
228700,ZA7,Gauteng,ZA9,Limpopo,ZA799,City of Tshwane,ZA935,Capricorn,2020-06-29,2020-06-30,1,1,1,410802.7086166297,205384.8821479157,105263,20200629,20200630,0.22283079372412132,0.7204843127840075,0.056684893491871245,0.5057337597223363,3627986.0,0.3265897738288558,0.6007690312860821,0.07264119488506209,0.472231826966417,1295656.0,0.48224212034383956,0.9038461538461539,0.07397387387387387,0.6346153846153846,1,1,3,0,0,0,1,0,0
228701,ZA7,Gauteng,ZA5,KwaZulu-Natal,ZA799,City of Tshwane,ZA595,eThekwini,2020-06-29,2020-06-30,1,1,1,1154687.4072897625,552041.9988777488,106538,20200629,20200630,0.22283079372412132,0.7204843127840075,0.056684893491871245,0.5057337597223363,3627986.0,0.2446364969883556,0.6990922562931536,0.05627124671849075,0.494610924976595,3587907.0,0.48224212034383956,0.9038461538461539,0.5666580406654343,0.9230769230769231,1,1,3,0,0,0,1,0,0
228702,ZA1,Western Cape,ZA7,Gauteng,ZA191,City of Cape Town,ZA799,City of Tshwane,2020-06-29,2020-06-30,1,1,1,1676061.2601947298,1349952.828286277,63858,20200629,20200630,0.23849582985172932,0.697186217784503,0.06431795236376775,0.4976008771049945,4436413.0,0.22283079372412132,0.7204843127840075,0.056684893491871245,0.5057337597223363,3627986.0,0.7687640750670242,0.9807692307692307,0.48224212034383956,0.9038461538461539,1,1,3,0,0,0,1,0,0
228703,ZA2,Eastern Cape,ZA3,Nothern Cape,ZA210,Cacadu,ZA307,Pixley ka Seme,2020-06-29,2020-06-29,2,2,2,2117339.8386155157,592497.6606631529,35659,20200629,20200629,0.2618455236218228,0.6571170870354837,0.08103738934269357,0.4975242081945451,491156.0,0.3060749448635213,0.6232332132979509,0.0706918418385278,0.5011842246002923,196331.0,-0.01848062015503876,0.5,0.1854655172413793,0.75,1,1,3,0,0,0,1,0,0
228704,ZA2,Eastern Cape,ZA2,Eastern Cape,ZA293,Nelson Mandela Bay,ZA213,Chris Hani,2020-06-29,2020-06-29,2,2,2,2765853.9214755567,790756.5854401614,47067,20200629,20200629,0.2465186661259611,0.6842154879637478,0.0692658459102911,0.4877654529777138,1230491.0,0.334940582305372,0.572656560540376,0.09240285715425203,0.478383232498069,752217.0,0.5740514018691588,0.9423076923076923,-0.29251697892271666,0.057692307692307696,1,1,3,0,0,0,1,0,0
228705,ZA7,Gauteng,ZA5,KwaZulu-Natal,ZA798,City of Johannesburg,ZA595,eThekwini,2020-06-29,2020-06-30,4,4,4,3348049.9975411384,2205414.725089764,169542,20200629,20200630,0.2220629170143196,0.7299897648810346,0.047947318104645836,0.5097433964893054,5540727.0,0.2446364969883556,0.6990922562931536,0.05627124671849075,0.494610924976595,3587907.0,0.8818060606060606,1.0,0.5666580406654343,0.9230769230769231,1,1,3,0,0,0,1,0,0
228706,ZA8,Mpumalanga,ZA6,North West,ZA832,Ehlanzeni,ZA640,Dr Kenneth Kaunda,2020-06-29,2020-06-29,1,1,1,482298.4230265605,482298.4230265605,37949,20200629,20200629,0.32438893780700045,0.6235217992770762,0.05208926291592337,0.47979089412028486,1837538.0,0.27505895171327793,0.6602340041700301,0.06470704411669191,0.5065976875287468,754431.0,0.1315940928270042,0.7307692307692307,-0.10069384057971015,0.38461538461538464,1,1,3,0,0,0,1,0,0
228707,ZA2,Eastern Cape,ZA1,Western Cape,ZA293,Nelson Mandela Bay,ZA191,City of Cape Town,2020-06-29,2020-06-30,1,1,1,2134081.494899584,683109.3342430084,55675,20200629,20200630,0.2465186661259611,0.6842154879637478,0.0692658459102911,0.4877654529777138,1230491.0,0.23849582985172932,0.697186217784503,0.06431795236376775,0.4976008771049945,4436413.0,0.5740514018691588,0.9423076923076923,0.7687640750670242,0.9807692307692307,1,1,3,0,0,0,1,0,0
228708,ZA3,Nothern Cape,ZA6,North West,ZA308,Z F Mgcawu,ZA640,Dr Kenneth Kaunda,2020-06-29,2020-06-29,1,1,1,1567632.9662443504,620241.3284433886,24702,20200629,20200629,0.27601757542529287,0.6641943181028425,0.059788106471864645,0.5142626583989065,258998.0,0.27505895171327793,0.6602340041700301,0.06470704411669191,0.5065976875287468,754431.0,-0.04016603773584906,0.46153846153846156,-0.10069384057971015,0.38461538461538464,1,1,3,0,0,0,1,0,0
228709,ZA7,Gauteng,ZA3,Nothern Cape,ZA742,Sedibeng,ZA307,Pixley ka Seme,2020-06-29,2020-06-29,1,1,1,520570.3745556971,510832.2144481828,24305,20200629,20200629,0.24393339879416723,0.6953819961266214,0.06068460507921129,0.5059130831550246,994997.0,0.3060749448635213,0.6232332132979509,0.0706918418385278,0.5011842246002923,196331.0,0.2808379746835443,0.8461538461538461,0.1854655172413793,0.75,1,1,3,0,0,0,1,0,0
228710,ZA1,Western Cape,ZA4,Free State,ZA191,City of Cape Town,ZA416,Xhariep,2020-06-29,2020-06-29,1,1,1,2482955.699029315,1926434.795602276,48205,20200629,20200629,0.23849582985172932,0.697186217784503,0.06431795236376775,0.4976008771049945,4436413.0,0.29515218562959183,0.6325513667867511,0.07229644758365718,0.5005153225730198,105759.0,0.7687640750670242,0.9807692307692307,0.18671264367816093,0.7692307692307693,1,1,3,0,0,0,1,0,0
228711,ZA7,Gauteng,ZA1,Western Cape,ZA797,Ekurhuleni,ZA102,Cape Winelands,2020-06-29,2020-06-29,1,1,1,2595879.496469444,1250887.7070770862,17982,20200629,20200629,0.23296733680905687,0.7203157619169479,0.04671690127399521,0.5205474946472306,3739653.0,0.24989252608235304,0.6902123420738123,0.059895131843834624,0.5011121214086944,909523.0,0.7435109289617486,0.9615384615384616,-0.012388831437435367,0.5192307692307693,1,1,3,0,0,0,1,0,0
228712,ZA7,Gauteng,ZA4,Free State,ZA798,City of Johannesburg,ZA420,Fezile Dabi,2020-06-29,2020-06-30,4,4,4,739647.0826379273,280828.8202946736,60550,20200629,20200630,0.2220629170143196,0.7299897648810346,0.047947318104645836,0.5097433964893054,5540727.0,0.2705098118551487,0.6604572122193,0.06903297592555128,0.5050070807202104,494300.0,0.8818060606060606,1.0,0.2276555023923445,0.7884615384615384,1,1,3,0,0,0,1,0,0
228713,ZA1,Western Cape,ZA1,Western Cape,ZA191,City of Cape Town,ZA101,West Coast,2020-06-29,2020-06-30,4,4,4,441813.93151869497,213967.70131121585,128022,20200629,20200630,0.23849582985172932,0.697186217784503,0.06431795236376775,0.4976008771049945,4436413.0,0.24466466325617858,0.6852166396976793,0.0701186970461421,0.5060695297345649,497485.0,0.7687640750670242,0.9807692307692307,-0.12079976303317536,0.34615384615384615,1,1,3,0,0,0,1,0,0
228714,ZA1,Western Cape,ZA1,Western Cape,ZA104,Eden,ZA102,Cape Winelands,2020-06-29,2020-06-29,6,6,6,3043066.0664409064,1650212.2524355396,136077,20200629,20200629,0.24710205256745305,0.6628052101466374,0.09009273728590954,0.4993180863678119,673839.0,0.24989252608235304,0.6902123420738123,0.059895131843834624,0.5011121214086944,909523.0,0.0004522691705790296,0.5384615384615384,-0.012388831437435367,0.5192307692307693,1,1,3,0,0,0,1,0,0
228715,ZA9,Limpopo,ZA9,Limpopo,ZA933,Mopani,ZA935,Capricorn,2020-06-29,2020-06-30,3,3,3,556577.972214262,260760.9326221618,74731,20200629,20200630,0.3329418650827259,0.6026296126910996,0.06442852222617454,0.46142626187343905,1062666.0,0.3265897738288558,0.6007690312860821,0.07264119488506209,0.472231826966417,1295656.0,-0.037928345626975765,0.4807692307692308,0.07397387387387387,0.6346153846153846,1,1,3,0,0,0,1,0,0
228716,ZA2,Eastern Cape,ZA1,Western Cape,ZA293,Nelson Mandela Bay,ZA104,Eden,2020-06-29,2020-06-30,1,1,1,340225.77573435614,334099.1239493341,88744,20200629,20200630,0.2465186661259611,0.6842154879637478,0.0692658459102911,0.4877654529777138,1230491.0,0.24710205256745305,0.6628052101466374,0.09009273728590954,0.4993180863678119,673839.0,0.5740514018691588,0.9423076923076923,0.0004522691705790296,0.5384615384615384,1,1,3,0,0,0,1,0,0
228717,ZA9,Limpopo,ZA8,Mpumalanga,ZA935,Capricorn,ZA830,Gert Sibande,2020-06-29,2020-06-29,1,1,1,392225.68536537664,362312.2658460682,14296,20200629,20200629,0.3265897738288558,0.6007690312860821,0.07264119488506209,0.472231826966417,1295656.0,0.30688245639051287,0.6412288994160756,0.05188864419341153,0.49968312815881616,1136106.0,0.07397387387387387,0.6346153846153846,-0.11248741610738255,0.36538461538461536,1,1,3,0,0,0,1,0,0
228718,ZA4,Free State,ZA8,Mpumalanga,ZA494,Mangaung,ZA830,Gert Sibande,2020-06-29,2020-06-29,3,3,3,3429287.8571412475,1110337.1549834,68164,20200629,20200629,0.26262942751272955,0.6754982029249197,0.06187236956235082,0.4901411892511804,826621.0,0.30688245639051287,0.6412288994160756,0.05188864419341153,0.49968312815881616,1136106.0,0.27329104477611943,0.8269230769230769,-0.11248741610738255,0.36538461538461536,1,1,3,0,0,0,1,0,0
228719,ZA1,Western Cape,ZA4,Free State,ZA102,Cape Winelands,ZA416,Xhariep,2020-06-29,2020-06-29,1,1,1,786145.6663569016,785027.3481465998,41703,20200629,20200629,0.24989252608235304,0.6902123420738123,0.059895131843834624,0.5011121214086944,909523.0,0.29515218562959183,0.6325513667867511,0.07229644758365718,0.5005153225730198,105759.0,-0.012388831437435367,0.5192307692307693,0.18671264367816093,0.7692307692307693,1,1,3,0,0,0,1,0,0
228720,ZA5,KwaZulu-Natal,ZA5,KwaZulu-Natal,ZA595,eThekwini,ZA525,Amajuba,2020-06-29,2020-06-29,2,2,2,1410121.5379194904,584405.1523007961,34084,20200629,20200629,0.2446364969883556,0.6990922562931536,0.05627124671849075,0.494610924976595,3587907.0,0.3311353387795859,0.6144200377537888,0.05444462346662529,0.48045773982507545,502731.0,0.5666580406654343,0.9230769230769231,-0.16864155251141552,0.25,1,1,3,0,0,0,1,0,0
228721,ZA2,Eastern Cape,ZA5,KwaZulu-Natal,ZA213,Chris Hani,ZA543,Sisonke,2020-06-29,2020-06-29,1,1,1,1111415.3781889684,425881.4430573914,28252,20200629,20200629,0.334940582305372,0.572656560540376,0.09240285715425203,0.478383232498069,752217.0,0.37293146983899067,0.5707096800166399,0.05635885014436937,0.4671305273563743,447117.0,-0.29251697892271666,0.057692307692307696,-0.2112274881516588,0.17307692307692307,1,1,3,0,0,0,1,0,0
228722,ZA6,North West,ZA5,KwaZulu-Natal,ZA637,Bojanala,ZA523,Uthukela,2020-06-29,2020-06-29,1,1,1,943994.9378450736,372233.7801362624,19171,20200629,20200629,0.25082919250139085,0.6903465537718604,0.05882425372674875,0.5380589003726469,1786678.0,0.36014331224838336,0.5864396074090654,0.05341708034255123,0.46782833191779016,652282.0,0.07430676328502415,0.6538461538461539,-0.19841226215644822,0.19230769230769232,1,1,3,0,0,0,1,0,0
228723,ZA1,Western Cape,ZA2,Eastern Cape,ZA191,City of Cape Town,ZA293,Nelson Mandela Bay,2020-06-29,2020-06-29,4,4,4,2713945.5305578783,2644523.709420008,85253,20200629,20200629,0.23849582985172932,0.697186217784503,0.06431795236376775,0.4976008771049945,4436413.0,0.2465186661259611,0.6842154879637478,0.0692658459102911,0.4877654529777138,1230491.0,0.7687640750670242,0.9807692307692307,0.5740514018691588,0.9423076923076923,1,1,3,0,0,0,1,0,0
228724,ZA7,Gauteng,ZA6,North West,ZA797,Ekurhuleni,ZA637,Bojanala,2020-06-29,2020-06-30,2,2,2,278002.9162660825,131795.12663862965,70619,20200629,20200630,0.23296733680905687,0.7203157619169479,0.04671690127399521,0.5205474946472306,3739653.0,0.25082919250139085,0.6903465537718604,0.05882425372674875,0.5380589003726469,1786678.0,0.7435109289617486,0.9615384615384616,0.07430676328502415,0.6538461538461539,1,1,3,0,0,0,1,0,0
228725,ZA7,Gauteng,ZA9,Limpopo,ZA797,Ekurhuleni,ZA947,Sekhukhune,2020-06-29,2020-06-29,3,3,3,2441051.8751620715,740754.5424464173,56924,20200629,20200629,0.23296733680905687,0.7203157619169479,0.04671690127399521,0.5205474946472306,3739653.0,0.3536917516859454,0.5707075150199985,0.07560073329405607,0.46486328935523974,1125333.0,0.7435109289617486,0.9615384615384616,-0.06015677966101695,0.4423076923076923,1,1,3,0,0,0,1,0,0
228726,ZA9,Limpopo,ZA9,Limpopo,ZA935,Capricorn,ZA936,Waterberg,2020-06-29,2020-06-30,3,3,3,681288.9773835248,105273.91198161774,162372,20200629,20200630,0.3265897738288558,0.6007690312860821,0.07264119488506209,0.472231826966417,1295656.0,0.2870915348782833,0.6477210572390478,0.06518740788266879,0.5138960603357211,718513.0,0.07397387387387387,0.6346153846153846,0.00236898395721925,0.5576923076923077,1,1,3,0,0,0,1,0,0
228727,ZA7,Gauteng,ZA1,Western Cape,ZA799,City of Tshwane,ZA191,City of Cape Town,2020-06-29,2020-06-29,1,1,1,2704354.6269041225,1310181.907707885,15854,20200629,20200629,0.22283079372412132,0.7204843127840075,0.056684893491871245,0.5057337597223363,3627986.0,0.23849582985172932,0.697186217784503,0.06431795236376775,0.4976008771049945,4436413.0,0.48224212034383956,0.9038461538461539,0.7687640750670242,0.9807692307692307,1,1,3,0,0,0,1,0,0
228728,ZA7,Gauteng,ZA5,KwaZulu-Natal,ZA798,City of Johannesburg,ZA523,Uthukela,2020-06-29,2020-06-29,3,3,3,1154595.1834741055,1137240.519574085,62513,20200629,20200629,0.2220629170143196,0.7299897648810346,0.047947318104645836,0.5097433964893054,5540727.0,0.36014331224838336,0.5864396074090654,0.05341708034255123,0.46782833191779016,652282.0,0.8818060606060606,1.0,-0.19841226215644822,0.19230769230769232,1,1,3,0,0,0,1,0,0
228729,ZA6,North West,ZA8,Mpumalanga,ZA637,Bojanala,ZA831,Nkangala,2020-06-29,2020-06-30,1,1,1,650141.5958771845,201047.89543675265,61052,20200629,20200630,0.25082919250139085,0.6903465537718604,0.05882425372674875,0.5380589003726469,1786678.0,0.27290691475673784,0.6711806877078121,0.055912397535449986,0.5109201270525474,1573837.0,0.07430676328502415,0.6538461538461539,0.07867808219178082,0.6730769230769231,1,1,3,0,0,0,1,0,0
228730,ZA1,Western Cape,ZA4,Free State,ZA191,City of Cape Town,ZA494,Mangaung,2020-06-29,2020-06-29,1,1,1,1022799.3899693952,985147.5122840586,34672,20200629,20200629,0.23849582985172932,0.697186217784503,0.06431795236376775,0.4976008771049945,4436413.0,0.26262942751272955,0.6754982029249197,0.06187236956235082,0.4901411892511804,826621.0,0.7687640750670242,0.9807692307692307,0.27329104477611943,0.8269230769230769,1,1,3,0,0,0,1,0,0
228731,ZA5,KwaZulu-Natal,ZA5,KwaZulu-Natal,ZA524,Umzinyathi,ZA595,eThekwini,2020-06-29,2020-06-29,1,1,1,259533.45755645103,117479.4314199908,18354,20200629,20200629,0.3952311253914291,0.5454951881678106,0.05927368644076033,0.451447242842509,514461.0,0.2446364969883556,0.6990922562931536,0.05627124671849075,0.494610924976595,3587907.0,-0.28225945945945946,0.07692307692307693,0.5666580406654343,0.9230769230769231,1,1,3,0,0,0,1,0,0
228732,ZA8,Mpumalanga,ZA6,North West,ZA831,Nkangala,ZA638,Ngaka Modiri Molema,2020-06-29,2020-06-29,1,1,1,731312.0378766855,365655.18118939456,10437,20200629,20200629,0.27290691475673784,0.6711806877078121,0.055912397535449986,0.5109201270525474,1573837.0,0.3236353449196357,0.6078801705223251,0.06848448455803925,0.4964769205863341,870971.0,0.07867808219178082,0.6730769230769231,-0.18344824707846413,0.23076923076923078,1,1,3,0,0,0,1,0,0
228733,ZA2,Eastern Cape,ZA2,Eastern Cape,ZA244,Alfred Nzo,ZA215,O.R.Tambo,2020-06-29,2020-06-29,9,9,9,3230366.0850348026,792623.1275568695,46358,20200629,20200629,0.40782127157510134,0.5221222097470932,0.07005651867780548,0.4576553946475353,788235.0,0.38804558548824664,0.5482866433400703,0.06366777117168307,0.4623163104135049,1358678.0,-0.27396673320026615,0.11538461538461539,-0.23807536101083035,0.1346153846153846,1,1,3,0,0,0,1,0,0
228734,ZA8,Mpumalanga,ZA9,Limpopo,ZA832,Ehlanzeni,ZA947,Sekhukhune,2020-06-29,2020-06-30,4,4,4,506705.8617843653,187925.45793643376,121998,20200629,20200630,0.32438893780700045,0.6235217992770762,0.05208926291592337,0.47979089412028486,1837538.0,0.3536917516859454,0.5707075150199985,0.07560073329405607,0.46486328935523974,1125333.0,0.1315940928270042,0.7307692307692307,-0.06015677966101695,0.4423076923076923,1,1,3,0,0,0,1,0,0
228735,ZA7,Gauteng,ZA3,Nothern Cape,ZA798,City of Johannesburg,ZA309,Frances Baard,2020-06-29,2020-06-30,1,1,1,848478.7107087548,434620.3095484218,98557,20200629,20200630,0.2220629170143196,0.7299897648810346,0.047947318104645836,0.5097433964893054,5540727.0,0.2860169290028057,0.6497360787483951,0.06424699224879928,0.49189928194398214,420580.0,0.8818060606060606,1.0,0.29907801418439717,0.8846153846153846,1,1,3,0,0,0,1,0,0
228736,ZA6,North West,ZA4,Free State,ZA639,Dr Ruth Segomotsi Mompati,ZA494,Mangaung,2020-06-29,2020-06-29,1,1,1,629729.5890286547,505481.2801050819,22444,20200629,20200629,0.3412335579082451,0.5850872971649528,0.07367914492680208,0.4911837461796937,473784.0,0.26262942751272955,0.6754982029249197,0.06187236956235082,0.4901411892511804,826621.0,-0.16626678765880218,0.2692307692307692,0.27329104477611943,0.8269230769230769,1,1,3,0,0,0,1,0,0
228737,ZA5,KwaZulu-Natal,ZA5,KwaZulu-Natal,ZA529,iLembe,ZA525,Amajuba,2020-06-29,2020-06-30,1,1,1,637077.4415799286,291498.1674429903,32768,20200629,20200630,0.32390440311621094,0.6202867780885334,0.05580881879525565,0.4827645772056803,636799.0,0.3311353387795859,0.6144200377537888,0.05444462346662529,0.48045773982507545,502731.0,-0.14951617873651774,0.28846153846153844,-0.16864155251141552,0.25,1,1,3,0,0,0,1,0,0
228738,ZA3,Nothern Cape,ZA1,Western Cape,ZA307,Pixley ka Seme,ZA191,City of Cape Town,2020-06-29,2020-06-29,4,4,4,5598721.301632786,3173159.472054273,98745,20200629,20200629,0.3060749448635213,0.6232332132979509,0.0706918418385278,0.5011842246002923,196331.0,0.23849582985172932,0.697186217784503,0.06431795236376775,0.4976008771049945,4436413.0,0.1854655172413793,0.75,0.7687640750670242,0.9807692307692307,1,1,3,0,0,0,1,0,0
228739,ZA7,Gauteng,ZA1,Western Cape,ZA798,City of Johannesburg,ZA191,City of Cape Town,2020-06-29,2020-06-29,6,6,6,12205882.8657094,8181590.482243456,191309,20200629,20200629,0.2220629170143196,0.7299897648810346,0.047947318104645836,0.5097433964893054,5540727.0,0.23849582985172932,0.697186217784503,0.06431795236376775,0.4976008771049945,4436413.0,0.8818060606060606,1.0,0.7687640750670242,0.9807692307692307,1,1,3,0,0,0,1,0,0
228740,ZA5,KwaZulu-Natal,ZA7,Gauteng,ZA522,Umgungundlovu,ZA797,Ekurhuleni,2020-06-29,2020-06-30,1,1,1,756084.3119583621,436340.2946880277,46318,20200629,20200630,0.2748377359932372,0.663873035280183,0.06128922872657978,0.48236181888519014,1046905.0,0.23296733680905687,0.7203157619169479,0.04671690127399521,0.5205474946472306,3739653.0,0.0061256544502617805,0.5769230769230769,0.7435109289617486,0.9615384615384616,1,1,3,0,0,0,1,0,0
228741,ZA4,Free State,ZA2,Eastern Cape,ZA418,Lejweleputswa,ZA214,Joe Gqabi,2020-06-29,2020-06-29,1,1,1,527769.5780574576,224203.9942185354,10245,20200629,20200629,0.27941650281351393,0.6617931601395349,0.058790337046951115,0.500105365269169,574193.0,0.3340471849013029,0.5799636495391386,0.08598916555955849,0.47733103958194023,339473.0,0.29495049504950493,0.8653846153846154,-0.1839776119402985,0.21153846153846154,1,1,3,0,0,0,1,0,0
228742,ZA3,Nothern Cape,ZA7,Gauteng,ZA345,John Taolo Gaetsewe,ZA797,Ekurhuleni,2020-06-29,2020-06-29,2,2,2,1806020.936391576,1122159.2958313797,69305,20200629,20200629,0.31986957060536586,0.628082594956317,0.05204783443831712,0.4959027820806741,258224.0,0.23296733680905687,0.7203157619169479,0.04671690127399521,0.5205474946472306,3739653.0,-0.13480926430517712,0.3076923076923077,0.7435109289617486,0.9615384615384616,1,1,3,0,0,0,1,0,0
228743,ZA3,Nothern Cape,ZA3,Nothern Cape,ZA308,Z F Mgcawu,ZA345,John Taolo Gaetsewe,2020-06-29,2020-06-30,1,1,1,326396.9074054921,161116.6001182316,25418,20200629,20200630,0.27601757542529287,0.6641943181028425,0.059788106471864645,0.5142626583989065,258998.0,0.31986957060536586,0.628082594956317,0.05204783443831712,0.4959027820806741,258224.0,-0.04016603773584906,0.46153846153846156,-0.13480926430517712,0.3076923076923077,1,1,3,0,0,0,1,0,0
228744,ZA9,Limpopo,ZA9,Limpopo,ZA936,Waterberg,ZA934,Vhembe,2020-06-29,2020-06-29,4,4,4,1704508.1227765218,886078.1603111973,57356,20200629,20200629,0.2870915348782833,0.6477210572390478,0.06518740788266879,0.5138960603357211,718513.0,0.3433867460978093,0.5887604530714541,0.06785280083073665,0.4597374214109392,1325089.0,0.00236898395721925,0.5576923076923077,-0.0767829596412556,0.4230769230769231,1,1,3,0,0,0,1,0,0
228745,ZA8,Mpumalanga,ZA4,Free State,ZA832,Ehlanzeni,ZA494,Mangaung,2020-06-29,2020-06-29,1,1,1,3619106.863253568,698320.0946013959,28296,20200629,20200629,0.32438893780700045,0.6235217992770762,0.05208926291592337,0.47979089412028486,1837538.0,0.26262942751272955,0.6754982029249197,0.06187236956235082,0.4901411892511804,826621.0,0.1315940928270042,0.7307692307692307,0.27329104477611943,0.8269230769230769,1,1,3,0,0,0,1,0,0
228746,ZA1,Western Cape,ZA7,Gauteng,ZA105,Central Karoo,ZA799,City of Tshwane,2020-06-29,2020-06-30,1,1,1,1329023.8598723975,862035.5959449349,59170,20200629,20200630,0.29415328297801036,0.633639246216906,0.07220747080508365,0.4979247763656518,77582.0,0.22283079372412132,0.7204843127840075,0.056684893491871245,0.5057337597223363,3627986.0,-0.12604477611940298,0.3269230769230769,0.48224212034383956,0.9038461538461539,1,1,3,0,0,0,1,0,0
228747,ZA1,Western Cape,ZA2,Eastern Cape,ZA102,Cape Winelands,ZA210,Cacadu,2020-06-29,2020-06-29,1,1,1,1228463.3967658137,608214.0530300885,25688,20200629,20200629,0.24989252608235304,0.6902123420738123,0.059895131843834624,0.5011121214086944,909523.0,0.2618455236218228,0.6571170870354837,0.08103738934269357,0.4975242081945451,491156.0,-0.012388831437435367,0.5192307692307693,-0.01848062015503876,0.5,1,1,3,0,0,0,1,0,0
228748,ZA9,Limpopo,ZA7,Gauteng,ZA936,Waterberg,ZA748,West Rand,2020-06-29,2020-06-29,2,2,2,1144568.5852211234,693345.2832929083,54562,20200629,20200629,0.2870915348782833,0.6477210572390478,0.06518740788266879,0.5138960603357211,718513.0,0.23154887232085752,0.7207832829912092,0.047667844687933295,0.5288128906961219,856804.0,0.00236898395721925,0.5576923076923077,0.23715802469135805,0.8076923076923077,1,1,3,0,0,0,1,0,0
228749,ZA8,Mpumalanga,ZA7,Gauteng,ZA831,Nkangala,ZA797,Ekurhuleni,2020-06-29,2020-06-30,4,4,4,411989.3618044041,205497.43934070575,229090,20200629,20200630,0.27290691475673784,0.6711806877078121,0.055912397535449986,0.5109201270525474,1573837.0,0.23296733680905687,0.7203157619169479,0.04671690127399521,0.5205474946472306,3739653.0,0.07867808219178082,0.6730769230769231,0.7435109289617486,0.9615384615384616,1,1,3,0,0,0,1,0,0
228750,ZA5,KwaZulu-Natal,ZA5,KwaZulu-Natal,ZA523,Uthukela,ZA524,Umzinyathi,2020-06-29,2020-06-30,1,1,1,146820.33104620158,73410.131444384,18915,20200629,20200630,0.36014331224838336,0.5864396074090654,0.05341708034255123,0.46782833191779016,652282.0,0.3952311253914291,0.5454951881678106,0.05927368644076033,0.451447242842509,514461.0,-0.19841226215644822,0.19230769230769232,-0.28225945945945946,0.07692307692307693,1,1,3,0,0,0,1,0,0
228751,ZA1,Western Cape,ZA9,Limpopo,ZA191,City of Cape Town,ZA935,Capricorn,2020-06-29,2020-06-29,2,2,1,6167332.997889816,3083642.4798978707,1526,20200629,20200629,0.23849582985172932,0.697186217784503,0.06431795236376775,0.4976008771049945,4436413.0,0.3265897738288558,0.6007690312860821,0.07264119488506209,0.472231826966417,1295656.0,0.7687640750670242,0.9807692307692307,0.07397387387387387,0.6346153846153846,1,1,3,0,0,0,1,0,0
228752,ZA5,KwaZulu-Natal,ZA5,KwaZulu-Natal,ZA529,iLembe,ZA521,Ugu,2020-06-29,2020-06-29,1,1,1,341412.9511043428,165128.10854993074,7170,20200629,20200629,0.32390440311621094,0.6202867780885334,0.05580881879525565,0.4827645772056803,636799.0,0.32122674606698143,0.6016982741355622,0.07707497979745637,0.47391596021954596,714019.0,-0.14951617873651774,0.28846153846153844,-0.09480895915678524,0.40384615384615385,1,1,3,0,0,0,1,0,0
228753,ZA7,Gauteng,ZA4,Free State,ZA742,Sedibeng,ZA494,Mangaung,2020-06-29,2020-06-29,2,2,2,2999631.500720917,812537.2773611792,29737,20200629,20200629,0.24393339879416723,0.6953819961266214,0.06068460507921129,0.5059130831550246,994997.0,0.26262942751272955,0.6754982029249197,0.06187236956235082,0.4901411892511804,826621.0,0.2808379746835443,0.8461538461538461,0.27329104477611943,0.8269230769230769,1,1,3,0,0,0,1,0,0
228754,ZA4,Free State,ZA1,Western Cape,ZA418,Lejweleputswa,ZA105,Central Karoo,2020-06-29,2020-06-30,1,1,1,1359403.5754773458,1359395.8526299803,153277,20200629,20200630,0.27941650281351393,0.6617931601395349,0.058790337046951115,0.500105365269169,574193.0,0.29415328297801036,0.633639246216906,0.07220747080508365,0.4979247763656518,77582.0,0.29495049504950493,0.8653846153846154,-0.12604477611940298,0.3269230769230769,1,1,3,0,0,0,1,0,0
228755,ZA7,Gauteng,ZA8,Mpumalanga,ZA748,West Rand,ZA832,Ehlanzeni,2020-06-29,2020-06-29,1,1,1,1017855.9784494862,409524.5522687568,26421,20200629,20200629,0.23154887232085752,0.7207832829912092,0.047667844687933295,0.5288128906961219,856804.0,0.32438893780700045,0.6235217992770762,0.05208926291592337,0.47979089412028486,1837538.0,0.23715802469135805,0.8076923076923077,0.1315940928270042,0.7307692307692307,1,1,3,0,0,0,1,0,0
228756,ZA7,Gauteng,ZA9,Limpopo,ZA797,Ekurhuleni,ZA934,Vhembe,2020-06-29,2020-06-29,2,2,2,1006952.6328528328,853360.5798190407,21549,20200629,20200629,0.23296733680905687,0.7203157619169479,0.04671690127399521,0.5205474946472306,3739653.0,0.3433867460978093,0.5887604530714541,0.06785280083073665,0.4597374214109392,1325089.0,0.7435109289617486,0.9615384615384616,-0.0767829596412556,0.4230769230769231,1,1,3,0,0,0,1,0,0
228757,ZA5,KwaZulu-Natal,ZA5,KwaZulu-Natal,ZA527,Umkhanyakude,ZA528,Uthungulu,2020-06-29,2020-06-30,2,2,2,155661.9262800577,75419.30464121638,82822,20200629,20200630,0.40017378652548197,0.5489306999026919,0.05089551357182606,0.4622270789873748,643318.0,0.3398562749304085,0.6096443299200878,0.05049939514950375,0.4759701217345943,889476.0,-0.31784377542717657,0.038461538461538464,-0.2202014106583072,0.15384615384615385,1,1,3,0,0,0,1,0,0
228758,ZA5,KwaZulu-Natal,ZA5,KwaZulu-Natal,ZA523,Uthukela,ZA525,Amajuba,2020-06-29,2020-06-29,6,6,6,1532377.6140685836,603861.2948506366,57675,20200629,20200629,0.36014331224838336,0.5864396074090654,0.05341708034255123,0.46782833191779016,652282.0,0.3311353387795859,0.6144200377537888,0.05444462346662529,0.48045773982507545,502731.0,-0.19841226215644822,0.19230769230769232,-0.16864155251141552,0.25,1,1,3,0,0,0,1,0,0
228759,ZA2,Eastern Cape,ZA2,Eastern Cape,ZA292,Buffalo City,ZA210,Cacadu,2020-06-29,2020-06-30,1,1,1,1870748.7663155757,108732.41179320624,30311,20200629,20200630,0.254980022080858,0.6758306608485358,0.06918931707060617,0.48177934914042375,760840.0,0.2618455236218228,0.6571170870354837,0.08103738934269357,0.4975242081945451,491156.0,0.09585175879396986,0.6923076923076923,-0.01848062015503876,0.5,1,1,3,0,0,0,1,0,0
228760,ZA1,Western Cape,ZA1,Western Cape,ZA191,City of Cape Town,ZA105,Central Karoo,2020-06-29,2020-06-29,5,5,5,3960203.37289303,1224837.0452327498,86821,20200629,20200629,0.23849582985172932,0.697186217784503,0.06431795236376775,0.4976008771049945,4436413.0,0.29415328297801036,0.633639246216906,0.07220747080508365,0.4979247763656518,77582.0,0.7687640750670242,0.9807692307692307,-0.12604477611940298,0.3269230769230769,1,1,3,0,0,0,1,0,0
228761,ZA4,Free State,ZA4,Free State,ZA494,Mangaung,ZA416,Xhariep,2020-06-29,2020-06-30,1,1,1,113307.35964378912,56569.37846484393,20716,20200629,20200630,0.26262942751272955,0.6754982029249197,0.06187236956235082,0.4901411892511804,826621.0,0.29515218562959183,0.6325513667867511,0.07229644758365718,0.5005153225730198,105759.0,0.27329104477611943,0.8269230769230769,0.18671264367816093,0.7692307692307693,1,1,3,0,0,0,1,0,0
228762,ZA5,KwaZulu-Natal,ZA6,North West,ZA522,Umgungundlovu,ZA639,Dr Ruth Segomotsi Mompati,2020-06-29,2020-06-29,1,1,1,1027075.6303713466,513499.9692631018,901,20200629,20200629,0.2748377359932372,0.663873035280183,0.06128922872657978,0.48236181888519014,1046905.0,0.3412335579082451,0.5850872971649528,0.07367914492680208,0.4911837461796937,473784.0,0.0061256544502617805,0.5769230769230769,-0.16626678765880218,0.2692307692307692,1,1,3,0,0,0,1,0,0
228763,ZA4,Free State,ZA9,Limpopo,ZA419,Thabo Mofutsanyane,ZA935,Capricorn,2020-06-29,2020-06-29,1,1,1,1198420.7415188665,597926.2880970956,10512,20200629,20200629,0.31143326559338835,0.6251823622683981,0.06338437213821363,0.47028720831466336,662829.0,0.3265897738288558,0.6007690312860821,0.07264119488506209,0.472231826966417,1295656.0,0.10770218579234972,0.7115384615384616,0.07397387387387387,0.6346153846153846,1,1,3,0,0,0,1,0,0
228764,ZA1,Western Cape,ZA4,Free State,ZA191,City of Cape Town,ZA419,Thabo Mofutsanyane,2020-06-29,2020-06-29,1,1,1,2897622.662000813,1388818.2561130484,26384,20200629,20200629,0.23849582985172932,0.697186217784503,0.06431795236376775,0.4976008771049945,4436413.0,0.31143326559338835,0.6251823622683981,0.06338437213821363,0.47028720831466336,662829.0,0.7687640750670242,0.9807692307692307,0.10770218579234972,0.7115384615384616,1,1,3,0,0,0,1,0,0
228765,ZA1,Western Cape,ZA7,Gauteng,ZA102,Cape Winelands,ZA798,City of Johannesburg,2020-06-29,2020-06-29,2,2,2,2678079.5539785256,2631597.810040119,109429,20200629,20200629,0.24989252608235304,0.6902123420738123,0.059895131843834624,0.5011121214086944,909523.0,0.2220629170143196,0.7299897648810346,0.047947318104645836,0.5097433964893054,5540727.0,-0.012388831437435367,0.5192307692307693,0.8818060606060606,1.0,1,1,3,0,0,0,1,0,0
228766,ZA5,KwaZulu-Natal,ZA2,Eastern Cape,ZA543,Sisonke,ZA292,Buffalo City,2020-06-29,2020-06-30,1,1,1,1148156.2047898497,316715.0194581602,56355,20200629,20200630,0.37293146983899067,0.5707096800166399,0.05635885014436937,0.4671305273563743,447117.0,0.254980022080858,0.6758306608485358,0.06918931707060617,0.48177934914042375,760840.0,-0.2112274881516588,0.17307692307692307,0.09585175879396986,0.6923076923076923,1,1,3,0,0,0,1,0,0
228767,ZA1,Western Cape,ZA4,Free State,ZA102,Cape Winelands,ZA494,Mangaung,2020-06-29,2020-06-29,1,1,1,1345456.1511167493,903415.3225873916,30667,20200629,20200629,0.24989252608235304,0.6902123420738123,0.059895131843834624,0.5011121214086944,909523.0,0.26262942751272955,0.6754982029249197,0.06187236956235082,0.4901411892511804,826621.0,-0.012388831437435367,0.5192307692307693,0.27329104477611943,0.8269230769230769,1,1,3,0,0,0,1,0,0
228768,ZA7,Gauteng,ZA3,Nothern Cape,ZA797,Ekurhuleni,ZA309,Frances Baard,2020-06-29,2020-06-29,1,1,1,1803535.691175459,490143.88197797246,28543,20200629,20200629,0.23296733680905687,0.7203157619169479,0.04671690127399521,0.5205474946472306,3739653.0,0.2860169290028057,0.6497360787483951,0.06424699224879928,0.49189928194398214,420580.0,0.7435109289617486,0.9615384615384616,0.29907801418439717,0.8846153846153846,1,1,3,0,0,0,1,0,0
228769,ZA2,Eastern Cape,ZA7,Gauteng,ZA212,Amathole,ZA742,Sedibeng,2020-06-29,2020-06-29,1,1,1,1262455.5923972488,809629.9112166278,29176,20200629,20200629,0.32816698449842097,0.5696178168124134,0.1022151986891656,0.47434426623917664,789726.0,0.24393339879416723,0.6953819961266214,0.06068460507921129,0.5059130831550246,994997.0,-0.3192883211678832,0.019230769230769232,0.2808379746835443,0.8461538461538461,1,1,3,0,0,0,1,0,0
228770,ZA5,KwaZulu-Natal,ZA8,Mpumalanga,ZA525,Amajuba,ZA831,Nkangala,2020-06-29,2020-06-30,1,1,1,220065.30456869127,218799.98055810857,69314,20200629,20200630,0.3311353387795859,0.6144200377537888,0.05444462346662529,0.48045773982507545,502731.0,0.27290691475673784,0.6711806877078121,0.055912397535449986,0.5109201270525474,1573837.0,-0.16864155251141552,0.25,0.07867808219178082,0.6730769230769231,1,1,3,0,0,0,1,0,0
228771,ZA6,North West,ZA5,KwaZulu-Natal,ZA639,Dr Ruth Segomotsi Mompati,ZA522,Umgungundlovu,2020-06-29,2020-06-29,2,2,2,2308953.097138406,1130415.203406165,27836,20200629,20200629,0.3412335579082451,0.5850872971649528,0.07367914492680208,0.4911837461796937,473784.0,0.2748377359932372,0.663873035280183,0.06128922872657978,0.48236181888519014,1046905.0,-0.16626678765880218,0.2692307692307692,0.0061256544502617805,0.5769230769230769,1,1,3,0,0,0,1,0,0
228772,ZA8,Mpumalanga,ZA7,Gauteng,ZA832,Ehlanzeni,ZA797,Ekurhuleni,2020-06-29,2020-06-30,2,2,2,4301615.641099913,773569.8825558133,72181,20200629,20200630,0.32438893780700045,0.6235217992770762,0.05208926291592337,0.47979089412028486,1837538.0,0.23296733680905687,0.7203157619169479,0.04671690127399521,0.5205474946472306,3739653.0,0.1315940928270042,0.7307692307692307,0.7435109289617486,0.9615384615384616,1,1,3,0,0,0,1,0,0
228773,ZA4,Free State,ZA4,Free State,ZA494,Mangaung,ZA418,Lejweleputswa,2020-06-29,2020-06-30,2,2,2,268281.66078079026,120241.89517008308,30343,20200629,20200630,0.26262942751272955,0.6754982029249197,0.06187236956235082,0.4901411892511804,826621.0,0.27941650281351393,0.6617931601395349,0.058790337046951115,0.500105365269169,574193.0,0.27329104477611943,0.8269230769230769,0.29495049504950493,0.8653846153846154,1,1,3,0,0,0,1,0,0
228774,ZA1,Western Cape,ZA2,Eastern Cape,ZA191,City of Cape Town,ZA210,Cacadu,2020-06-29,2020-06-30,1,1,1,1242917.2896678294,581879.7422599188,110236,20200629,20200630,0.23849582985172932,0.697186217784503,0.06431795236376775,0.4976008771049945,4436413.0,0.2618455236218228,0.6571170870354837,0.08103738934269357,0.4975242081945451,491156.0,0.7687640750670242,0.9807692307692307,-0.01848062015503876,0.5,1,1,3,0,0,0,1,0,0
228775,ZA2,Eastern Cape,ZA2,Eastern Cape,ZA293,Nelson Mandela Bay,ZA292,Buffalo City,2020-06-29,2020-06-30,1,1,1,241905.82597941856,241905.82597941856,130978,20200629,20200630,0.2465186661259611,0.6842154879637478,0.0692658459102911,0.4877654529777138,1230491.0,0.254980022080858,0.6758306608485358,0.06918931707060617,0.48177934914042375,760840.0,0.5740514018691588,0.9423076923076923,0.09585175879396986,0.6923076923076923,1,1,3,0,0,0,1,0,0
228776,ZA7,Gauteng,ZA4,Free State,ZA797,Ekurhuleni,ZA494,Mangaung,2020-06-29,2020-06-29,3,3,3,3291016.0288612107,1207102.3497402826,132835,20200629,20200629,0.23296733680905687,0.7203157619169479,0.04671690127399521,0.5205474946472306,3739653.0,0.26262942751272955,0.6754982029249197,0.06187236956235082,0.4901411892511804,826621.0,0.7435109289617486,0.9615384615384616,0.27329104477611943,0.8269230769230769,1,1,3,0,0,0,1,0,0
228777,ZA9,Limpopo,ZA7,Gauteng,ZA934,Vhembe,ZA798,City of Johannesburg,2020-06-29,2020-06-29,1,1,1,996580.1602867804,462134.7227256273,8010,20200629,20200629,0.3433867460978093,0.5887604530714541,0.06785280083073665,0.4597374214109392,1325089.0,0.2220629170143196,0.7299897648810346,0.047947318104645836,0.5097433964893054,5540727.0,-0.0767829596412556,0.4230769230769231,0.8818060606060606,1.0,1,1,3,0,0,0,1,0,0
228778,ZA8,Mpumalanga,ZA9,Limpopo,ZA830,Gert Sibande,ZA947,Sekhukhune,2020-06-29,2020-06-29,1,1,1,118977.85458035309,118977.85458035309,19023,20200629,20200629,0.30688245639051287,0.6412288994160756,0.05188864419341153,0.49968312815881616,1136106.0,0.3536917516859454,0.5707075150199985,0.07560073329405607,0.46486328935523974,1125333.0,-0.11248741610738255,0.36538461538461536,-0.06015677966101695,0.4423076923076923,1,1,3,0,0,0,1,0,0
228779,ZA1,Western Cape,ZA7,Gauteng,ZA102,Cape Winelands,ZA797,Ekurhuleni,2020-06-29,2020-06-29,1,1,1,2595879.496469444,1252129.1117886875,17136,20200629,20200629,0.24989252608235304,0.6902123420738123,0.059895131843834624,0.5011121214086944,909523.0,0.23296733680905687,0.7203157619169479,0.04671690127399521,0.5205474946472306,3739653.0,-0.012388831437435367,0.5192307692307693,0.7435109289617486,0.9615384615384616,1,1,3,0,0,0,1,0,0
228780,ZA4,Free State,ZA7,Gauteng,ZA419,Thabo Mofutsanyane,ZA742,Sedibeng,2020-06-29,2020-06-29,3,3,3,1566628.830773906,670248.0082106427,46877,20200629,20200629,0.31143326559338835,0.6251823622683981,0.06338437213821363,0.47028720831466336,662829.0,0.24393339879416723,0.6953819961266214,0.06068460507921129,0.5059130831550246,994997.0,0.10770218579234972,0.7115384615384616,0.2808379746835443,0.8461538461538461,1,1,3,0,0,0,1,0,0
228781,ZA7,Gauteng,ZA6,North West,ZA742,Sedibeng,ZA640,Dr Kenneth Kaunda,2020-06-29,2020-06-30,1,1,1,155081.95363978256,74280.86942748059,15642,20200629,20200630,0.24393339879416723,0.6953819961266214,0.06068460507921129,0.5059130831550246,994997.0,0.27505895171327793,0.6602340041700301,0.06470704411669191,0.5065976875287468,754431.0,0.2808379746835443,0.8461538461538461,-0.10069384057971015,0.38461538461538464,1,1,3,0,0,0,1,0,0
228782,ZA4,Free State,ZA3,Nothern Cape,ZA418,Lejweleputswa,ZA306,Namakwa,2020-06-29,2020-06-29,1,1,1,981843.8265633412,981843.8265633412,16539,20200629,20200629,0.27941650281351393,0.6617931601395349,0.058790337046951115,0.500105365269169,574193.0,0.2479438366342976,0.6592106724059887,0.09284549095971371,0.5132337492633683,117087.0,0.29495049504950493,0.8653846153846154,0.06505633802816901,0.6153846153846154,1,1,3,0,0,0,1,0,0
228783,ZA2,Eastern Cape,ZA1,Western Cape,ZA212,Amathole,ZA105,Central Karoo,2020-06-29,2020-06-29,1,1,1,592747.8777410038,548914.9634668119,28906,20200629,20200629,0.32816698449842097,0.5696178168124134,0.1022151986891656,0.47434426623917664,789726.0,0.29415328297801036,0.633639246216906,0.07220747080508365,0.4979247763656518,77582.0,-0.3192883211678832,0.019230769230769232,-0.12604477611940298,0.3269230769230769,1,1,3,0,0,0,1,0,0
228784,ZA5,KwaZulu-Natal,ZA7,Gauteng,ZA525,Amajuba,ZA798,City of Johannesburg,2020-06-29,2020-06-29,2,2,2,1346752.844380275,535063.0307800618,25246,20200629,20200629,0.3311353387795859,0.6144200377537888,0.05444462346662529,0.48045773982507545,502731.0,0.2220629170143196,0.7299897648810346,0.047947318104645836,0.5097433964893054,5540727.0,-0.16864155251141552,0.25,0.8818060606060606,1.0,1,1,3,0,0,0,1,0,0
228785,ZA9,Limpopo,ZA7,Gauteng,ZA947,Sekhukhune,ZA742,Sedibeng,2020-06-29,2020-06-29,1,1,1,1926904.8509134017,385945.0032361577,21781,20200629,20200629,0.3536917516859454,0.5707075150199985,0.07560073329405607,0.46486328935523974,1125333.0,0.24393339879416723,0.6953819961266214,0.06068460507921129,0.5059130831550246,994997.0,-0.06015677966101695,0.4423076923076923,0.2808379746835443,0.8461538461538461,1,1,3,0,0,0,1,0,0
228786,ZA1,Western Cape,ZA2,Eastern Cape,ZA191,City of Cape Town,ZA213,Chris Hani,2020-06-29,2020-06-30,1,1,1,928991.4687753448,928812.7699607064,108229,20200629,20200630,0.23849582985172932,0.697186217784503,0.06431795236376775,0.4976008771049945,4436413.0,0.334940582305372,0.572656560540376,0.09240285715425203,0.478383232498069,752217.0,0.7687640750670242,0.9807692307692307,-0.29251697892271666,0.057692307692307696,1,1,3,0,0,0,1,0,0
228787,ZA8,Mpumalanga,ZA5,KwaZulu-Natal,ZA830,Gert Sibande,ZA522,Umgungundlovu,2020-06-29,2020-06-29,2,2,2,1257200.3895168563,875027.3210010352,54073,20200629,20200629,0.30688245639051287,0.6412288994160756,0.05188864419341153,0.49968312815881616,1136106.0,0.2748377359932372,0.663873035280183,0.06128922872657978,0.48236181888519014,1046905.0,-0.11248741610738255,0.36538461538461536,0.0061256544502617805,0.5769230769230769,1,1,3,0,0,0,1,0,0
228788,ZA5,KwaZulu-Natal,ZA8,Mpumalanga,ZA529,iLembe,ZA830,Gert Sibande,2020-06-29,2020-06-29,2,2,2,1527468.913829086,689762.6811373553,44180,20200629,20200629,0.32390440311621094,0.6202867780885334,0.05580881879525565,0.4827645772056803,636799.0,0.30688245639051287,0.6412288994160756,0.05188864419341153,0.49968312815881616,1136106.0,-0.14951617873651774,0.28846153846153844,-0.11248741610738255,0.36538461538461536,1,1,3,0,0,0,1,0,0
228789,ZA5,KwaZulu-Natal,ZA8,Mpumalanga,ZA528,Uthungulu,ZA831,Nkangala,2020-06-29,2020-06-29,2,2,2,1035171.501857637,889017.5886932379,43286,20200629,20200629,0.3398562749304085,0.6096443299200878,0.05049939514950375,0.4759701217345943,889476.0,0.27290691475673784,0.6711806877078121,0.055912397535449986,0.5109201270525474,1573837.0,-0.2202014106583072,0.15384615384615385,0.07867808219178082,0.6730769230769231,1,1,3,0,0,0,1,0,0
228790,ZA5,KwaZulu-Natal,ZA8,Mpumalanga,ZA526,Zululand,ZA830,Gert Sibande,2020-06-29,2020-06-30,1,1,1,781001.0841328886,683711.7844446686,65188,20200629,20200630,0.392497537624586,0.5542130860581069,0.053289376317307055,0.4651401640222711,783796.0,0.30688245639051287,0.6412288994160756,0.05188864419341153,0.49968312815881616,1136106.0,-0.2762355212355212,0.09615384615384616,-0.11248741610738255,0.36538461538461536,1,1,3,0,0,0,1,0,0
228791,ZA6,North West,ZA4,Free State,ZA639,Dr Ruth Segomotsi Mompati,ZA419,Thabo Mofutsanyane,2020-06-29,2020-06-29,1,1,1,549847.371166058,276108.8176819297,12384,20200629,20200629,0.3412335579082451,0.5850872971649528,0.07367914492680208,0.4911837461796937,473784.0,0.31143326559338835,0.6251823622683981,0.06338437213821363,0.47028720831466336,662829.0,-0.16626678765880218,0.2692307692307692,0.10770218579234972,0.7115384615384616,1,1,3,0,0,0,1,0,0
228792,ZA6,North West,ZA7,Gauteng,ZA638,Ngaka Modiri Molema,ZA748,West Rand,2020-06-29,2020-06-29,3,3,3,1351851.54374086,640279.8287178617,53154,20200629,20200629,0.3236353449196357,0.6078801705223251,0.06848448455803925,0.4964769205863341,870971.0,0.23154887232085752,0.7207832829912092,0.047667844687933295,0.5288128906961219,856804.0,-0.18344824707846413,0.23076923076923078,0.23715802469135805,0.8076923076923077,1,1,3,0,0,0,1,0,0
228793,ZA5,KwaZulu-Natal,ZA5,KwaZulu-Natal,ZA543,Sisonke,ZA522,Umgungundlovu,2020-06-29,2020-06-30,2,2,2,1625996.966472094,184374.3487940513,58288,20200629,20200630,0.37293146983899067,0.5707096800166399,0.05635885014436937,0.4671305273563743,447117.0,0.2748377359932372,0.663873035280183,0.06128922872657978,0.48236181888519014,1046905.0,-0.2112274881516588,0.17307692307692307,0.0061256544502617805,0.5769230769230769,1,1,3,0,0,0,1,0,0
228794,ZA1,Western Cape,ZA4,Free State,ZA191,City of Cape Town,ZA418,Lejweleputswa,2020-06-29,2020-06-30,1,1,1,1475850.0445924338,1072085.9962577329,43542,20200629,20200630,0.23849582985172932,0.697186217784503,0.06431795236376775,0.4976008771049945,4436413.0,0.27941650281351393,0.6617931601395349,0.058790337046951115,0.500105365269169,574193.0,0.7687640750670242,0.9807692307692307,0.29495049504950493,0.8653846153846154,1,1,3,0,0,0,1,0,0
228795,ZA7,Gauteng,ZA6,North West,ZA798,City of Johannesburg,ZA638,Ngaka Modiri Molema,2020-06-29,2020-06-30,1,1,1,838013.2210738658,207824.4847961848,50793,20200629,20200630,0.2220629170143196,0.7299897648810346,0.047947318104645836,0.5097433964893054,5540727.0,0.3236353449196357,0.6078801705223251,0.06848448455803925,0.4964769205863341,870971.0,0.8818060606060606,1.0,-0.18344824707846413,0.23076923076923078,1,1,3,0,0,0,1,0,0
228796,ZA9,Limpopo,ZA9,Limpopo,ZA933,Mopani,ZA936,Waterberg,2020-06-29,2020-06-29,2,2,2,726359.1637400967,559667.030629308,47839,20200629,20200629,0.3329418650827259,0.6026296126910996,0.06442852222617454,0.46142626187343905,1062666.0,0.2870915348782833,0.6477210572390478,0.06518740788266879,0.5138960603357211,718513.0,-0.037928345626975765,0.4807692307692308,0.00236898395721925,0.5576923076923077,1,1,3,0,0,0,1,0,0
228797,ZA2,Eastern Cape,ZA7,Gauteng,ZA213,Chris Hani,ZA798,City of Johannesburg,2020-06-29,2020-06-30,1,1,1,958702.5226495244,958702.5226495244,41636,20200629,20200630,0.334940582305372,0.572656560540376,0.09240285715425203,0.478383232498069,752217.0,0.2220629170143196,0.7299897648810346,0.047947318104645836,0.5097433964893054,5540727.0,-0.29251697892271666,0.057692307692307696,0.8818060606060606,1.0,1,1,3,0,0,0,1,0,0
228798,ZA5,KwaZulu-Natal,ZA5,KwaZulu-Natal,ZA523,Uthukela,ZA529,iLembe,2020-06-29,2020-06-30,1,1,1,482531.1345971981,220394.28230772825,121042,20200629,20200630,0.36014331224838336,0.5864396074090654,0.05341708034255123,0.46782833191779016,652282.0,0.32390440311621094,0.6202867780885334,0.05580881879525565,0.4827645772056803,636799.0,-0.19841226215644822,0.19230769230769232,-0.14951617873651774,0.28846153846153844,1,1,3,0,0,0,1,0,0
228799,ZA4,Free State,ZA8,Mpumalanga,ZA494,Mangaung,ZA831,Nkangala,2020-06-29,2020-06-29,1,1,1,1223976.7193262842,465422.9640301031,29072,20200629,20200629,0.26262942751272955,0.6754982029249197,0.06187236956235082,0.4901411892511804,826621.0,0.27290691475673784,0.6711806877078121,0.055912397535449986,0.5109201270525474,1573837.0,0.27329104477611943,0.8269230769230769,0.07867808219178082,0.6730769230769231,1,1,3,0,0,0,1,0,0
228800,ZA1,Western Cape,ZA3,Nothern Cape,ZA102,Cape Winelands,ZA306,Namakwa,2020-06-29,2020-06-29,1,1,1,476137.4053124024,237791.85462046467,18769,20200629,20200629,0.24989252608235304,0.6902123420738123,0.059895131843834624,0.5011121214086944,909523.0,0.2479438366342976,0.6592106724059887,0.09284549095971371,0.5132337492633683,117087.0,-0.012388831437435367,0.5192307692307693,0.06505633802816901,0.6153846153846154,1,1,3,0,0,0,1,0,0
228801,ZA2,Eastern Cape,ZA5,KwaZulu-Natal,ZA212,Amathole,ZA543,Sisonke,2020-06-29,2020-06-29,1,1,1,2184292.5529455217,353635.65814809944,19531,20200629,20200629,0.32816698449842097,0.5696178168124134,0.1022151986891656,0.47434426623917664,789726.0,0.37293146983899067,0.5707096800166399,0.05635885014436937,0.4671305273563743,447117.0,-0.3192883211678832,0.019230769230769232,-0.2112274881516588,0.17307692307692307,1,1,3,0,0,0,1,0,0
228802,ZA2,Eastern Cape,ZA2,Eastern Cape,ZA244,Alfred Nzo,ZA214,Joe Gqabi,2020-06-29,2020-06-29,3,3,3,543246.212279553,237558.59392053745,52398,20200629,20200629,0.40782127157510134,0.5221222097470932,0.07005651867780548,0.4576553946475353,788235.0,0.3340471849013029,0.5799636495391386,0.08598916555955849,0.47733103958194023,339473.0,-0.27396673320026615,0.11538461538461539,-0.1839776119402985,0.21153846153846154,1,1,3,0,0,0,1,0,0
228803,ZA1,Western Cape,ZA1,Western Cape,ZA105,Central Karoo,ZA191,City of Cape Town,2020-06-29,2020-06-30,1,1,1,1953590.3697394012,237304.04241170868,14432,20200629,20200630,0.29415328297801036,0.633639246216906,0.07220747080508365,0.4979247763656518,77582.0,0.23849582985172932,0.697186217784503,0.06431795236376775,0.4976008771049945,4436413.0,-0.12604477611940298,0.3269230769230769,0.7687640750670242,0.9807692307692307,1,1,3,0,0,0,1,0,0
228804,ZA4,Free State,ZA2,Eastern Cape,ZA494,Mangaung,ZA214,Joe Gqabi,2020-06-29,2020-06-30,1,1,1,994223.750289994,196229.4060531871,55113,20200629,20200630,0.26262942751272955,0.6754982029249197,0.06187236956235082,0.4901411892511804,826621.0,0.3340471849013029,0.5799636495391386,0.08598916555955849,0.47733103958194023,339473.0,0.27329104477611943,0.8269230769230769,-0.1839776119402985,0.21153846153846154,1,1,3,0,0,0,1,0,0
228805,ZA1,Western Cape,ZA4,Free State,ZA105,Central Karoo,ZA416,Xhariep,2020-06-29,2020-06-29,1,1,1,848283.8655268651,368897.00235888944,18405,20200629,20200629,0.29415328297801036,0.633639246216906,0.07220747080508365,0.4979247763656518,77582.0,0.29515218562959183,0.6325513667867511,0.07229644758365718,0.5005153225730198,105759.0,-0.12604477611940298,0.3269230769230769,0.18671264367816093,0.7692307692307693,1,1,3,0,0,0,1,0,0
228806,ZA5,KwaZulu-Natal,,,ZA529,iLembe,,,2020-06-29,2020-06-29,2,2,2,32264.69913840031,22887.36089584121,14556,20200629,20200629,0.32390440311621094,0.6202867780885334,0.05580881879525565,0.4827645772056803,636799.0,,,,,,-0.14951617873651774,0.28846153846153844,,,1,1,3,0,0,0,1,0,0
228807,ZA4,Free State,ZA8,Mpumalanga,ZA420,Fezile Dabi,ZA832,Ehlanzeni,2020-06-29,2020-06-29,1,1,1,519855.7806468551,512340.507514755,28914,20200629,20200629,0.2705098118551487,0.6604572122193,0.06903297592555128,0.5050070807202104,494300.0,0.32438893780700045,0.6235217992770762,0.05208926291592337,0.47979089412028486,1837538.0,0.2276555023923445,0.7884615384615384,0.1315940928270042,0.7307692307692307,1,1,3,0,0,0,1,0,0
228808,ZA5,KwaZulu-Natal,ZA9,Limpopo,ZA595,eThekwini,ZA936,Waterberg,2020-06-29,2020-06-29,1,1,1,1642379.719230037,747308.331942381,23394,20200629,20200629,0.2446364969883556,0.6990922562931536,0.05627124671849075,0.494610924976595,3587907.0,0.2870915348782833,0.6477210572390478,0.06518740788266879,0.5138960603357211,718513.0,0.5666580406654343,0.9230769230769231,0.00236898395721925,0.5576923076923077,1,1,3,0,0,0,1,0,0
228809,ZA5,KwaZulu-Natal,ZA7,Gauteng,ZA595,eThekwini,ZA742,Sedibeng,2020-06-29,2020-06-29,2,2,2,2204305.4940015646,1023570.3362472312,61116,20200629,20200629,0.2446364969883556,0.6990922562931536,0.05627124671849075,0.494610924976595,3587907.0,0.24393339879416723,0.6953819961266214,0.06068460507921129,0.5059130831550246,994997.0,0.5666580406654343,0.9230769230769231,0.2808379746835443,0.8461538461538461,1,1,3,0,0,0,1,0,0
228810,ZA1,Western Cape,ZA7,Gauteng,ZA105,Central Karoo,ZA799,City of Tshwane,2020-06-29,2020-06-29,1,1,1,1445453.9255924143,1080827.7159736182,48961,20200629,20200629,0.29415328297801036,0.633639246216906,0.07220747080508365,0.4979247763656518,77582.0,0.22283079372412132,0.7204843127840075,0.056684893491871245,0.5057337597223363,3627986.0,-0.12604477611940298,0.3269230769230769,0.48224212034383956,0.9038461538461539,1,1,3,0,0,0,1,0,0
228811,ZA4,Free State,ZA6,North West,ZA420,Fezile Dabi,ZA639,Dr Ruth Segomotsi Mompati,2020-06-29,2020-06-29,2,2,2,883790.3846003688,527095.5790386008,61373,20200629,20200629,0.2705098118551487,0.6604572122193,0.06903297592555128,0.5050070807202104,494300.0,0.3412335579082451,0.5850872971649528,0.07367914492680208,0.4911837461796937,473784.0,0.2276555023923445,0.7884615384615384,-0.16626678765880218,0.2692307692307692,1,1,3,0,0,0,1,0,0
228812,ZA1,Western Cape,ZA7,Gauteng,ZA104,Eden,ZA799,City of Tshwane,2020-06-29,2020-06-30,1,1,1,2277114.9948816607,1101344.049552606,14595,20200629,20200630,0.24710205256745305,0.6628052101466374,0.09009273728590954,0.4993180863678119,673839.0,0.22283079372412132,0.7204843127840075,0.056684893491871245,0.5057337597223363,3627986.0,0.0004522691705790296,0.5384615384615384,0.48224212034383956,0.9038461538461539,1,1,3,0,0,0,1,0,0
228813,ZA7,Gauteng,ZA1,Western Cape,ZA798,City of Johannesburg,ZA105,Central Karoo,2020-06-29,2020-06-29,1,1,1,1431969.4721770126,981878.1445008318,35171,20200629,20200629,0.2220629170143196,0.7299897648810346,0.047947318104645836,0.5097433964893054,5540727.0,0.29415328297801036,0.633639246216906,0.07220747080508365,0.4979247763656518,77582.0,0.8818060606060606,1.0,-0.12604477611940298,0.3269230769230769,1,1,3,0,0,0,1,0,0
228814,ZA4,Free State,ZA3,Nothern Cape,ZA416,Xhariep,ZA309,Frances Baard,2020-06-29,2020-06-29,5,5,5,452947.7669351338,266109.29396627867,29888,20200629,20200629,0.29515218562959183,0.6325513667867511,0.07229644758365718,0.5005153225730198,105759.0,0.2860169290028057,0.6497360787483951,0.06424699224879928,0.49189928194398214,420580.0,0.18671264367816093,0.7692307692307693,0.29907801418439717,0.8846153846153846,1,1,3,0,0,0,1,0,0
228815,ZA5,KwaZulu-Natal,ZA5,KwaZulu-Natal,ZA529,iLembe,ZA523,Uthukela,2020-06-29,2020-06-29,1,1,1,572447.9296602997,282290.438093929,24163,20200629,20200629,0.32390440311621094,0.6202867780885334,0.05580881879525565,0.4827645772056803,636799.0,0.36014331224838336,0.5864396074090654,0.05341708034255123,0.46782833191779016,652282.0,-0.14951617873651774,0.28846153846153844,-0.19841226215644822,0.19230769230769232,1,1,3,0,0,0,1,0,0
228816,ZA7,Gauteng,ZA9,Limpopo,ZA798,City of Johannesburg,ZA934,Vhembe,2020-06-29,2020-06-29,1,1,1,697723.9459571867,479889.5785865927,30029,20200629,20200629,0.2220629170143196,0.7299897648810346,0.047947318104645836,0.5097433964893054,5540727.0,0.3433867460978093,0.5887604530714541,0.06785280083073665,0.4597374214109392,1325089.0,0.8818060606060606,1.0,-0.0767829596412556,0.4230769230769231,1,1,3,0,0,0,1,0,0
228817,ZA7,Gauteng,ZA3,Nothern Cape,ZA799,City of Tshwane,ZA308,Z F Mgcawu,2020-06-29,2020-06-29,1,1,1,809557.6516036043,665265.393964944,45311,20200629,20200629,0.22283079372412132,0.7204843127840075,0.056684893491871245,0.5057337597223363,3627986.0,0.27601757542529287,0.6641943181028425,0.059788106471864645,0.5142626583989065,258998.0,0.48224212034383956,0.9038461538461539,-0.04016603773584906,0.46153846153846156,1,1,3,0,0,0,1,0,0
228818,ZA2,Eastern Cape,ZA3,Nothern Cape,ZA292,Buffalo City,ZA308,Z F Mgcawu,2020-06-29,2020-06-29,1,1,1,1250282.8439003625,870532.1842144958,36541,20200629,20200629,0.254980022080858,0.6758306608485358,0.06918931707060617,0.48177934914042375,760840.0,0.27601757542529287,0.6641943181028425,0.059788106471864645,0.5142626583989065,258998.0,0.09585175879396986,0.6923076923076923,-0.04016603773584906,0.46153846153846156,1,1,3,0,0,0,1,0,0
228819,ZA7,Gauteng,ZA4,Free State,ZA742,Sedibeng,ZA418,Lejweleputswa,2020-06-29,2020-06-29,1,1,1,314690.5653595608,160245.372919975,4772,20200629,20200629,0.24393339879416723,0.6953819961266214,0.06068460507921129,0.5059130831550246,994997.0,0.27941650281351393,0.6617931601395349,0.058790337046951115,0.500105365269169,574193.0,0.2808379746835443,0.8461538461538461,0.29495049504950493,0.8653846153846154,1,1,3,0,0,0,1,0,0
228820,ZA7,Gauteng,ZA6,North West,ZA748,West Rand,ZA640,Dr Kenneth Kaunda,2020-06-29,2020-06-30,2,2,2,197325.57309014225,98129.63750630897,51702,20200629,20200630,0.23154887232085752,0.7207832829912092,0.047667844687933295,0.5288128906961219,856804.0,0.27505895171327793,0.6602340041700301,0.06470704411669191,0.5065976875287468,754431.0,0.23715802469135805,0.8076923076923077,-0.10069384057971015,0.38461538461538464,1,1,3,0,0,0,1,0,0
228821,ZA6,North West,ZA8,Mpumalanga,ZA637,Bojanala,ZA832,Ehlanzeni,2020-06-29,2020-06-29,1,1,1,838474.5360599176,394980.399985474,27420,20200629,20200629,0.25082919250139085,0.6903465537718604,0.05882425372674875,0.5380589003726469,1786678.0,0.32438893780700045,0.6235217992770762,0.05208926291592337,0.47979089412028486,1837538.0,0.07430676328502415,0.6538461538461539,0.1315940928270042,0.7307692307692307,1,1,3,0,0,0,1,0,0
228822,ZA7,Gauteng,ZA9,Limpopo,ZA799,City of Tshwane,ZA934,Vhembe,2020-06-29,2020-06-30,1,1,1,898680.463979052,482364.647750054,60740,20200629,20200630,0.22283079372412132,0.7204843127840075,0.056684893491871245,0.5057337597223363,3627986.0,0.3433867460978093,0.5887604530714541,0.06785280083073665,0.4597374214109392,1325089.0,0.48224212034383956,0.9038461538461539,-0.0767829596412556,0.4230769230769231,1,1,3,0,0,0,1,0,0
228823,ZA5,KwaZulu-Natal,ZA7,Gauteng,ZA523,Uthukela,ZA798,City of Johannesburg,2020-06-29,2020-06-29,3,3,3,2737856.6803168315,1183322.8788046795,77290,20200629,20200629,0.36014331224838336,0.5864396074090654,0.05341708034255123,0.46782833191779016,652282.0,0.2220629170143196,0.7299897648810346,0.047947318104645836,0.5097433964893054,5540727.0,-0.19841226215644822,0.19230769230769232,0.8818060606060606,1.0,1,1,3,0,0,0,1,0,0
228824,ZA5,KwaZulu-Natal,,,ZA522,Umgungundlovu,,,2020-06-29,2020-06-29,1,1,1,138688.35908981017,69267.09291087525,3945,20200629,20200629,0.2748377359932372,0.663873035280183,0.06128922872657978,0.48236181888519014,1046905.0,,,,,,0.0061256544502617805,0.5769230769230769,,,1,1,3,0,0,0,1,0,0
228825,ZA1,Western Cape,ZA2,Eastern Cape,ZA104,Eden,ZA213,Chris Hani,2020-06-29,2020-06-29,1,1,1,2096341.4976025228,485779.5609378249,25886,20200629,20200629,0.24710205256745305,0.6628052101466374,0.09009273728590954,0.4993180863678119,673839.0,0.334940582305372,0.572656560540376,0.09240285715425203,0.478383232498069,752217.0,0.0004522691705790296,0.5384615384615384,-0.29251697892271666,0.057692307692307696,1,1,3,0,0,0,1,0,0
228826,ZA5,KwaZulu-Natal,ZA2,Eastern Cape,ZA595,eThekwini,ZA292,Buffalo City,2020-06-29,2020-06-30,1,1,1,478244.86348763946,470913.9266836388,43573,20200629,20200630,0.2446364969883556,0.6990922562931536,0.05627124671849075,0.494610924976595,3587907.0,0.254980022080858,0.6758306608485358,0.06918931707060617,0.48177934914042375,760840.0,0.5666580406654343,0.9230769230769231,0.09585175879396986,0.6923076923076923,1,1,3,0,0,0,1,0,0
228827,ZA4,Free State,ZA5,KwaZulu-Natal,ZA419,Thabo Mofutsanyane,ZA543,Sisonke,2020-06-29,2020-06-29,1,1,1,1093672.0281926813,246768.68375027413,19731,20200629,20200629,0.31143326559338835,0.6251823622683981,0.06338437213821363,0.47028720831466336,662829.0,0.37293146983899067,0.5707096800166399,0.05635885014436937,0.4671305273563743,447117.0,0.10770218579234972,0.7115384615384616,-0.2112274881516588,0.17307692307692307,1,1,3,0,0,0,1,0,0
228828,ZA5,KwaZulu-Natal,ZA5,KwaZulu-Natal,ZA528,Uthungulu,ZA595,eThekwini,2020-06-29,2020-06-30,1,1,1,715744.9773834907,149458.08997801,9455,20200629,20200630,0.3398562749304085,0.6096443299200878,0.05049939514950375,0.4759701217345943,889476.0,0.2446364969883556,0.6990922562931536,0.05627124671849075,0.494610924976595,3587907.0,-0.2202014106583072,0.15384615384615385,0.5666580406654343,0.9230769230769231,1,1,3,0,0,0,1,0,0
228829,ZA3,Nothern Cape,ZA3,Nothern Cape,ZA309,Frances Baard,ZA308,Z F Mgcawu,2020-06-29,2020-06-29,4,4,4,3773374.803005112,1410422.5271929891,138491,20200629,20200629,0.2860169290028057,0.6497360787483951,0.06424699224879928,0.49189928194398214,420580.0,0.27601757542529287,0.6641943181028425,0.059788106471864645,0.5142626583989065,258998.0,0.29907801418439717,0.8846153846153846,-0.04016603773584906,0.46153846153846156,1,1,3,0,0,0,1,0,0
228830,ZA4,Free State,ZA4,Free State,ZA416,Xhariep,ZA418,Lejweleputswa,2020-06-29,2020-06-29,1,1,1,8028.593069379069,2476.724721670801,1001,20200629,20200629,0.29515218562959183,0.6325513667867511,0.07229644758365718,0.5005153225730198,105759.0,0.27941650281351393,0.6617931601395349,0.058790337046951115,0.500105365269169,574193.0,0.18671264367816093,0.7692307692307693,0.29495049504950493,0.8653846153846154,1,1,3,0,0,0,1,0,0
228831,ZA4,Free State,ZA8,Mpumalanga,ZA418,Lejweleputswa,ZA832,Ehlanzeni,2020-06-29,2020-06-29,1,1,1,521582.5969642418,490997.52434813255,28715,20200629,20200629,0.27941650281351393,0.6617931601395349,0.058790337046951115,0.500105365269169,574193.0,0.32438893780700045,0.6235217992770762,0.05208926291592337,0.47979089412028486,1837538.0,0.29495049504950493,0.8653846153846154,0.1315940928270042,0.7307692307692307,1,1,3,0,0,0,1,0,0
228832,ZA5,KwaZulu-Natal,ZA5,KwaZulu-Natal,ZA524,Umzinyathi,ZA529,iLembe,2020-06-29,2020-06-30,1,1,1,174338.43420083006,78553.43690894422,37051,20200629,20200630,0.3952311253914291,0.5454951881678106,0.05927368644076033,0.451447242842509,514461.0,0.32390440311621094,0.6202867780885334,0.05580881879525565,0.4827645772056803,636799.0,-0.28225945945945946,0.07692307692307693,-0.14951617873651774,0.28846153846153844,1,1,3,0,0,0,1,0,0
228833,ZA6,North West,ZA5,KwaZulu-Natal,ZA637,Bojanala,ZA522,Umgungundlovu,2020-06-29,2020-06-30,1,1,1,1286745.5042450568,494166.578206497,104593,20200629,20200630,0.25082919250139085,0.6903465537718604,0.05882425372674875,0.5380589003726469,1786678.0,0.2748377359932372,0.663873035280183,0.06128922872657978,0.48236181888519014,1046905.0,0.07430676328502415,0.6538461538461539,0.0061256544502617805,0.5769230769230769,1,1,3,0,0,0,1,0,0
228834,ZA5,KwaZulu-Natal,ZA5,KwaZulu-Natal,ZA521,Ugu,ZA523,Uthukela,2020-06-29,2020-06-29,1,1,1,517142.38390837447,285522.35177829565,26153,20200629,20200629,0.32122674606698143,0.6016982741355622,0.07707497979745637,0.47391596021954596,714019.0,0.36014331224838336,0.5864396074090654,0.05341708034255123,0.46782833191779016,652282.0,-0.09480895915678524,0.40384615384615385,-0.19841226215644822,0.19230769230769232,1,1,3,0,0,0,1,0,0
228836,ZA5,KwaZulu-Natal,ZA4,Free State,ZA522,Umgungundlovu,ZA419,Thabo Mofutsanyane,2020-06-29,2020-06-30,1,1,1,1272984.488342326,250756.27552332,29570,20200629,20200630,0.2748377359932372,0.663873035280183,0.06128922872657978,0.48236181888519014,1046905.0,0.31143326559338835,0.6251823622683981,0.06338437213821363,0.47028720831466336,662829.0,0.0061256544502617805,0.5769230769230769,0.10770218579234972,0.7115384615384616,1,1,3,0,0,0,1,0,0
228837,ZA1,Western Cape,ZA4,Free State,ZA104,Eden,ZA418,Lejweleputswa,2020-06-29,2020-06-29,1,1,1,1984546.6819006847,839457.7164302694,46452,20200629,20200629,0.24710205256745305,0.6628052101466374,0.09009273728590954,0.4993180863678119,673839.0,0.27941650281351393,0.6617931601395349,0.058790337046951115,0.500105365269169,574193.0,0.0004522691705790296,0.5384615384615384,0.29495049504950493,0.8653846153846154,1,1,3,0,0,0,1,0,0
228838,ZA3,Nothern Cape,ZA6,North West,ZA309,Frances Baard,ZA639,Dr Ruth Segomotsi Mompati,2020-06-29,2020-06-30,2,2,2,87740.18912965275,37941.23444174929,78767,20200629,20200630,0.2860169290028057,0.6497360787483951,0.06424699224879928,0.49189928194398214,420580.0,0.3412335579082451,0.5850872971649528,0.07367914492680208,0.4911837461796937,473784.0,0.29907801418439717,0.8846153846153846,-0.16626678765880218,0.2692307692307692,1,1,3,0,0,0,1,0,0
228839,ZA9,Limpopo,ZA1,Western Cape,ZA934,Vhembe,ZA104,Eden,2020-06-29,2020-06-29,1,1,1,1612545.0435998903,1578949.125178391,61228,20200629,20200629,0.3433867460978093,0.5887604530714541,0.06785280083073665,0.4597374214109392,1325089.0,0.24710205256745305,0.6628052101466374,0.09009273728590954,0.4993180863678119,673839.0,-0.0767829596412556,0.4230769230769231,0.0004522691705790296,0.5384615384615384,1,1,3,0,0,0,1,0,0
228840,ZA4,Free State,ZA3,Nothern Cape,ZA418,Lejweleputswa,ZA309,Frances Baard,2020-06-29,2020-06-29,2,2,2,192749.6354112096,89195.14233315771,13794,20200629,20200629,0.27941650281351393,0.6617931601395349,0.058790337046951115,0.500105365269169,574193.0,0.2860169290028057,0.6497360787483951,0.06424699224879928,0.49189928194398214,420580.0,0.29495049504950493,0.8653846153846154,0.29907801418439717,0.8846153846153846,1,1,3,0,0,0,1,0,0
228841,ZA8,Mpumalanga,ZA5,KwaZulu-Natal,ZA830,Gert Sibande,ZA595,eThekwini,2020-06-29,2020-06-29,2,2,2,1380393.195302545,683753.7610432408,69619,20200629,20200629,0.30688245639051287,0.6412288994160756,0.05188864419341153,0.49968312815881616,1136106.0,0.2446364969883556,0.6990922562931536,0.05627124671849075,0.494610924976595,3587907.0,-0.11248741610738255,0.36538461538461536,0.5666580406654343,0.9230769230769231,1,1,3,0,0,0,1,0,0
228842,ZA4,Free State,ZA2,Eastern Cape,ZA420,Fezile Dabi,ZA244,Alfred Nzo,2020-06-29,2020-06-29,1,1,1,1491139.094520504,578943.9674988472,30516,20200629,20200629,0.2705098118551487,0.6604572122193,0.06903297592555128,0.5050070807202104,494300.0,0.40782127157510134,0.5221222097470932,0.07005651867780548,0.4576553946475353,788235.0,0.2276555023923445,0.7884615384615384,-0.27396673320026615,0.11538461538461539,1,1,3,0,0,0,1,0,0
228843,ZA6,North West,ZA7,Gauteng,ZA639,Dr Ruth Segomotsi Mompati,ZA798,City of Johannesburg,2020-06-29,2020-06-29,1,1,1,704470.415743579,413735.2114568472,23719,20200629,20200629,0.3412335579082451,0.5850872971649528,0.07367914492680208,0.4911837461796937,473784.0,0.2220629170143196,0.7299897648810346,0.047947318104645836,0.5097433964893054,5540727.0,-0.16626678765880218,0.2692307692307692,0.8818060606060606,1.0,1,1,3,0,0,0,1,0,0
228844,ZA4,Free State,ZA5,KwaZulu-Natal,ZA420,Fezile Dabi,ZA595,eThekwini,2020-06-29,2020-06-29,2,2,2,1236535.38606815,1016386.8517516728,57100,20200629,20200629,0.2705098118551487,0.6604572122193,0.06903297592555128,0.5050070807202104,494300.0,0.2446364969883556,0.6990922562931536,0.05627124671849075,0.494610924976595,3587907.0,0.2276555023923445,0.7884615384615384,0.5666580406654343,0.9230769230769231,1,1,3,0,0,0,1,0,0
228845,ZA9,Limpopo,ZA9,Limpopo,ZA936,Waterberg,ZA933,Mopani,2020-06-29,2020-06-29,2,2,2,2074965.021306254,799737.5923659191,45627,20200629,20200629,0.2870915348782833,0.6477210572390478,0.06518740788266879,0.5138960603357211,718513.0,0.3329418650827259,0.6026296126910996,0.06442852222617454,0.46142626187343905,1062666.0,0.00236898395721925,0.5576923076923077,-0.037928345626975765,0.4807692307692308,1,1,3,0,0,0,1,0,0
228846,ZA4,Free State,ZA2,Eastern Cape,ZA420,Fezile Dabi,ZA292,Buffalo City,2020-06-29,2020-06-29,1,1,1,871189.6602909588,788981.7806548075,33213,20200629,20200629,0.2705098118551487,0.6604572122193,0.06903297592555128,0.5050070807202104,494300.0,0.254980022080858,0.6758306608485358,0.06918931707060617,0.48177934914042375,760840.0,0.2276555023923445,0.7884615384615384,0.09585175879396986,0.6923076923076923,1,1,3,0,0,0,1,0,0
228847,ZA4,Free State,ZA3,Nothern Cape,ZA420,Fezile Dabi,ZA307,Pixley ka Seme,2020-06-29,2020-06-29,1,1,1,1393413.8742833354,479306.3165002653,19775,20200629,20200629,0.2705098118551487,0.6604572122193,0.06903297592555128,0.5050070807202104,494300.0,0.3060749448635213,0.6232332132979509,0.0706918418385278,0.5011842246002923,196331.0,0.2276555023923445,0.7884615384615384,0.1854655172413793,0.75,1,1,3,0,0,0,1,0,0
228848,ZA7,Gauteng,ZA4,Free State,ZA799,City of Tshwane,ZA419,Thabo Mofutsanyane,2020-06-29,2020-06-30,1,1,1,1760400.6265612205,476515.4567341339,116063,20200629,20200630,0.22283079372412132,0.7204843127840075,0.056684893491871245,0.5057337597223363,3627986.0,0.31143326559338835,0.6251823622683981,0.06338437213821363,0.47028720831466336,662829.0,0.48224212034383956,0.9038461538461539,0.10770218579234972,0.7115384615384616,1,1,3,0,0,0,1,0,0
228849,ZA4,Free State,ZA7,Gauteng,ZA418,Lejweleputswa,ZA748,West Rand,2020-06-29,2020-06-29,1,1,1,448325.13480003696,250995.3356265273,14025,20200629,20200629,0.27941650281351393,0.6617931601395349,0.058790337046951115,0.500105365269169,574193.0,0.23154887232085752,0.7207832829912092,0.047667844687933295,0.5288128906961219,856804.0,0.29495049504950493,0.8653846153846154,0.23715802469135805,0.8076923076923077,1,1,3,0,0,0,1,0,0
228850,ZA7,Gauteng,ZA5,KwaZulu-Natal,ZA797,Ekurhuleni,ZA529,iLembe,2020-06-29,2020-06-30,1,1,1,497914.8844470027,480743.619408387,63629,20200629,20200630,0.23296733680905687,0.7203157619169479,0.04671690127399521,0.5205474946472306,3739653.0,0.32390440311621094,0.6202867780885334,0.05580881879525565,0.4827645772056803,636799.0,0.7435109289617486,0.9615384615384616,-0.14951617873651774,0.28846153846153844,1,1,3,0,0,0,1,0,0
228851,ZA5,KwaZulu-Natal,ZA6,North West,ZA523,Uthukela,ZA640,Dr Kenneth Kaunda,2020-06-29,2020-06-29,1,1,1,832689.615220004,379750.0303473357,28579,20200629,20200629,0.36014331224838336,0.5864396074090654,0.05341708034255123,0.46782833191779016,652282.0,0.27505895171327793,0.6602340041700301,0.06470704411669191,0.5065976875287468,754431.0,-0.19841226215644822,0.19230769230769232,-0.10069384057971015,0.38461538461538464,1,1,3,0,0,0,1,0,0
228852,ZA3,Nothern Cape,ZA7,Gauteng,ZA307,Pixley ka Seme,ZA799,City of Tshwane,2020-06-29,2020-06-29,1,1,1,2839152.2972734803,623811.1086230299,22140,20200629,20200629,0.3060749448635213,0.6232332132979509,0.0706918418385278,0.5011842246002923,196331.0,0.22283079372412132,0.7204843127840075,0.056684893491871245,0.5057337597223363,3627986.0,0.1854655172413793,0.75,0.48224212034383956,0.9038461538461539,1,1,3,0,0,0,1,0,0
228853,ZA5,KwaZulu-Natal,ZA7,Gauteng,ZA527,Umkhanyakude,ZA798,City of Johannesburg,2020-06-29,2020-06-29,1,1,1,1585987.1105390894,607320.7358651105,38465,20200629,20200629,0.40017378652548197,0.5489306999026919,0.05089551357182606,0.4622270789873748,643318.0,0.2220629170143196,0.7299897648810346,0.047947318104645836,0.5097433964893054,5540727.0,-0.31784377542717657,0.038461538461538464,0.8818060606060606,1.0,1,1,3,0,0,0,1,0,0
228854,ZA1,Western Cape,ZA7,Gauteng,ZA102,Cape Winelands,ZA742,Sedibeng,2020-06-29,2020-06-29,1,1,1,1360842.166316916,1344554.9717550983,42092,20200629,20200629,0.24989252608235304,0.6902123420738123,0.059895131843834624,0.5011121214086944,909523.0,0.24393339879416723,0.6953819961266214,0.06068460507921129,0.5059130831550246,994997.0,-0.012388831437435367,0.5192307692307693,0.2808379746835443,0.8461538461538461,1,1,3,0,0,0,1,0,0
228855,ZA9,Limpopo,ZA9,Limpopo,ZA933,Mopani,ZA934,Vhembe,2020-06-29,2020-06-30,1,1,1,116479.35425295,30391.76528182075,41101,20200629,20200630,0.3329418650827259,0.6026296126910996,0.06442852222617454,0.46142626187343905,1062666.0,0.3433867460978093,0.5887604530714541,0.06785280083073665,0.4597374214109392,1325089.0,-0.037928345626975765,0.4807692307692308,-0.0767829596412556,0.4230769230769231,1,1,3,0,0,0,1,0,0
228856,ZA4,Free State,ZA4,Free State,ZA420,Fezile Dabi,ZA416,Xhariep,2020-06-29,2020-06-29,1,1,1,550077.8321361105,336446.734525877,19080,20200629,20200629,0.2705098118551487,0.6604572122193,0.06903297592555128,0.5050070807202104,494300.0,0.29515218562959183,0.6325513667867511,0.07229644758365718,0.5005153225730198,105759.0,0.2276555023923445,0.7884615384615384,0.18671264367816093,0.7692307692307693,1,1,3,0,0,0,1,0,0
228857,ZA4,Free State,ZA4,Free State,ZA494,Mangaung,ZA420,Fezile Dabi,2020-06-29,2020-06-30,1,1,1,385770.3287099336,189270.73481149465,19349,20200629,20200630,0.26262942751272955,0.6754982029249197,0.06187236956235082,0.4901411892511804,826621.0,0.2705098118551487,0.6604572122193,0.06903297592555128,0.5050070807202104,494300.0,0.27329104477611943,0.8269230769230769,0.2276555023923445,0.7884615384615384,1,1,3,0,0,0,1,0,0
228858,ZA2,Eastern Cape,ZA3,Nothern Cape,ZA292,Buffalo City,ZA306,Namakwa,2020-06-29,2020-06-29,1,1,1,858647.6742832131,806408.9900229771,45677,20200629,20200629,0.254980022080858,0.6758306608485358,0.06918931707060617,0.48177934914042375,760840.0,0.2479438366342976,0.6592106724059887,0.09284549095971371,0.5132337492633683,117087.0,0.09585175879396986,0.6923076923076923,0.06505633802816901,0.6153846153846154,1,1,3,0,0,0,1,0,0
228859,ZA7,Gauteng,ZA2,Eastern Cape,ZA797,Ekurhuleni,ZA213,Chris Hani,2020-06-29,2020-06-29,1,1,1,939320.3379231376,653033.9909711193,25321,20200629,20200629,0.23296733680905687,0.7203157619169479,0.04671690127399521,0.5205474946472306,3739653.0,0.334940582305372,0.572656560540376,0.09240285715425203,0.478383232498069,752217.0,0.7435109289617486,0.9615384615384616,-0.29251697892271666,0.057692307692307696,1,1,3,0,0,0,1,0,0
228860,ZA8,Mpumalanga,ZA7,Gauteng,ZA832,Ehlanzeni,ZA742,Sedibeng,2020-06-29,2020-06-29,1,1,1,657914.6967633493,318030.5331348346,17546,20200629,20200629,0.32438893780700045,0.6235217992770762,0.05208926291592337,0.47979089412028486,1837538.0,0.24393339879416723,0.6953819961266214,0.06068460507921129,0.5059130831550246,994997.0,0.1315940928270042,0.7307692307692307,0.2808379746835443,0.8461538461538461,1,1,3,0,0,0,1,0,0
228861,ZA1,Western Cape,ZA1,Western Cape,ZA101,West Coast,ZA103,Overberg,2020-06-29,2020-06-29,1,1,1,469199.6640279052,221530.3971147441,14830,20200629,20200629,0.24466466325617858,0.6852166396976793,0.0701186970461421,0.5060695297345649,497485.0,0.22836513904770692,0.6721314716747349,0.09950338927755827,0.511077351980676,303457.0,-0.12079976303317536,0.34615384615384615,0.051486772486772484,0.5961538461538461,1,1,3,0,0,0,1,0,0
228862,ZA5,KwaZulu-Natal,ZA7,Gauteng,ZA523,Uthukela,ZA797,Ekurhuleni,2020-06-29,2020-06-29,1,1,1,432478.4799106612,292022.9635896908,24200,20200629,20200629,0.36014331224838336,0.5864396074090654,0.05341708034255123,0.46782833191779016,652282.0,0.23296733680905687,0.7203157619169479,0.04671690127399521,0.5205474946472306,3739653.0,-0.19841226215644822,0.19230769230769232,0.7435109289617486,0.9615384615384616,1,1,3,0,0,0,1,0,0
228863,ZA7,Gauteng,ZA5,KwaZulu-Natal,ZA798,City of Johannesburg,ZA524,Umzinyathi,2020-06-29,2020-06-29,1,1,1,747386.9973885538,439097.3319474631,18453,20200629,20200629,0.2220629170143196,0.7299897648810346,0.047947318104645836,0.5097433964893054,5540727.0,0.3952311253914291,0.5454951881678106,0.05927368644076033,0.451447242842509,514461.0,0.8818060606060606,1.0,-0.28225945945945946,0.07692307692307693,1,1,3,0,0,0,1,0,0
228864,ZA2,Eastern Cape,ZA1,Western Cape,ZA292,Buffalo City,ZA191,City of Cape Town,2020-06-29,2020-06-29,1,1,1,2185892.646613228,1200450.5814970764,59688,20200629,20200629,0.254980022080858,0.6758306608485358,0.06918931707060617,0.48177934914042375,760840.0,0.23849582985172932,0.697186217784503,0.06431795236376775,0.4976008771049945,4436413.0,0.09585175879396986,0.6923076923076923,0.7687640750670242,0.9807692307692307,1,1,3,0,0,0,1,0,0
228865,ZA3,Nothern Cape,ZA6,North West,ZA307,Pixley ka Seme,ZA640,Dr Kenneth Kaunda,2020-06-29,2020-06-29,2,2,2,3670459.705828703,1011431.015696464,45328,20200629,20200629,0.3060749448635213,0.6232332132979509,0.0706918418385278,0.5011842246002923,196331.0,0.27505895171327793,0.6602340041700301,0.06470704411669191,0.5065976875287468,754431.0,0.1854655172413793,0.75,-0.10069384057971015,0.38461538461538464,1,1,3,0,0,0,1,0,0
228866,ZA6,North West,ZA9,Limpopo,ZA638,Ngaka Modiri Molema,ZA936,Waterberg,2020-06-29,2020-06-29,2,2,2,1338.709907219767,952.0794201603704,33137,20200629,20200629,0.3236353449196357,0.6078801705223251,0.06848448455803925,0.4964769205863341,870971.0,0.2870915348782833,0.6477210572390478,0.06518740788266879,0.5138960603357211,718513.0,-0.18344824707846413,0.23076923076923078,0.00236898395721925,0.5576923076923077,1,1,3,0,0,0,1,0,0
228867,ZA3,Nothern Cape,ZA4,Free State,ZA307,Pixley ka Seme,ZA494,Mangaung,2020-06-29,2020-06-29,1,1,1,393041.045301454,186164.4896236077,34410,20200629,20200629,0.3060749448635213,0.6232332132979509,0.0706918418385278,0.5011842246002923,196331.0,0.26262942751272955,0.6754982029249197,0.06187236956235082,0.4901411892511804,826621.0,0.1854655172413793,0.75,0.27329104477611943,0.8269230769230769,1,1,3,0,0,0,1,0,0
228868,ZA7,Gauteng,ZA3,Nothern Cape,ZA742,Sedibeng,ZA307,Pixley ka Seme,2020-06-29,2020-06-30,1,1,1,1401870.7402363543,677582.5025357805,31333,20200629,20200630,0.24393339879416723,0.6953819961266214,0.06068460507921129,0.5059130831550246,994997.0,0.3060749448635213,0.6232332132979509,0.0706918418385278,0.5011842246002923,196331.0,0.2808379746835443,0.8461538461538461,0.1854655172413793,0.75,1,1,3,0,0,0,1,0,0
228869,ZA5,KwaZulu-Natal,ZA2,Eastern Cape,ZA522,Umgungundlovu,ZA292,Buffalo City,2020-06-29,2020-06-29,1,1,1,1089485.8768594435,577116.6338047812,25421,20200629,20200629,0.2748377359932372,0.663873035280183,0.06128922872657978,0.48236181888519014,1046905.0,0.254980022080858,0.6758306608485358,0.06918931707060617,0.48177934914042375,760840.0,0.0061256544502617805,0.5769230769230769,0.09585175879396986,0.6923076923076923,1,1,3,0,0,0,1,0,0
228870,ZA6,North West,ZA6,North West,ZA640,Dr Kenneth Kaunda,ZA639,Dr Ruth Segomotsi Mompati,2020-06-29,2020-06-30,1,1,1,153667.67733665544,73612.20761629047,15005,20200629,20200630,0.27505895171327793,0.6602340041700301,0.06470704411669191,0.5065976875287468,754431.0,0.3412335579082451,0.5850872971649528,0.07367914492680208,0.4911837461796937,473784.0,-0.10069384057971015,0.38461538461538464,-0.16626678765880218,0.2692307692307692,1,1,3,0,0,0,1,0,0
228871,ZA7,Gauteng,ZA8,Mpumalanga,ZA742,Sedibeng,ZA832,Ehlanzeni,2020-06-29,2020-06-29,2,2,2,2715890.431595956,742028.9673652588,35890,20200629,20200629,0.24393339879416723,0.6953819961266214,0.06068460507921129,0.5059130831550246,994997.0,0.32438893780700045,0.6235217992770762,0.05208926291592337,0.47979089412028486,1837538.0,0.2808379746835443,0.8461538461538461,0.1315940928270042,0.7307692307692307,1,1,3,0,0,0,1,0,0
228872,ZA5,KwaZulu-Natal,ZA5,KwaZulu-Natal,ZA595,eThekwini,ZA524,Umzinyathi,2020-06-29,2020-06-29,1,1,1,259533.45755645103,140631.68053510177,7046,20200629,20200629,0.2446364969883556,0.6990922562931536,0.05627124671849075,0.494610924976595,3587907.0,0.3952311253914291,0.5454951881678106,0.05927368644076033,0.451447242842509,514461.0,0.5666580406654343,0.9230769230769231,-0.28225945945945946,0.07692307692307693,1,1,3,0,0,0,1,0,0
228873,ZA1,Western Cape,ZA4,Free State,ZA104,Eden,ZA420,Fezile Dabi,2020-06-29,2020-06-30,1,1,1,2263181.595602204,1075681.9617862776,64886,20200629,20200630,0.24710205256745305,0.6628052101466374,0.09009273728590954,0.4993180863678119,673839.0,0.2705098118551487,0.6604572122193,0.06903297592555128,0.5050070807202104,494300.0,0.0004522691705790296,0.5384615384615384,0.2276555023923445,0.7884615384615384,1,1,3,0,0,0,1,0,0
228874,ZA5,KwaZulu-Natal,ZA4,Free State,ZA529,iLembe,ZA420,Fezile Dabi,2020-06-29,2020-06-29,1,1,1,750619.8175783204,575671.3805295546,29189,20200629,20200629,0.32390440311621094,0.6202867780885334,0.05580881879525565,0.4827645772056803,636799.0,0.2705098118551487,0.6604572122193,0.06903297592555128,0.5050070807202104,494300.0,-0.14951617873651774,0.28846153846153844,0.2276555023923445,0.7884615384615384,1,1,3,0,0,0,1,0,0
228875,ZA4,Free State,ZA7,Gauteng,ZA416,Xhariep,ZA799,City of Tshwane,2020-06-29,2020-06-29,1,1,1,1657430.6752919003,613406.4950937785,19379,20200629,20200629,0.29515218562959183,0.6325513667867511,0.07229644758365718,0.5005153225730198,105759.0,0.22283079372412132,0.7204843127840075,0.056684893491871245,0.5057337597223363,3627986.0,0.18671264367816093,0.7692307692307693,0.48224212034383956,0.9038461538461539,1,1,3,0,0,0,1,0,0
228876,ZA5,KwaZulu-Natal,ZA8,Mpumalanga,ZA523,Uthukela,ZA830,Gert Sibande,2020-06-29,2020-06-30,1,1,1,312330.3749178389,312330.3749178389,132261,20200629,20200630,0.36014331224838336,0.5864396074090654,0.05341708034255123,0.46782833191779016,652282.0,0.30688245639051287,0.6412288994160756,0.05188864419341153,0.49968312815881616,1136106.0,-0.19841226215644822,0.19230769230769232,-0.11248741610738255,0.36538461538461536,1,1,3,0,0,0,1,0,0
228877,ZA8,Mpumalanga,ZA6,North West,ZA831,Nkangala,ZA637,Bojanala,2020-06-29,2020-06-29,2,2,2,641744.9425643757,340877.71310079854,11934,20200629,20200629,0.27290691475673784,0.6711806877078121,0.055912397535449986,0.5109201270525474,1573837.0,0.25082919250139085,0.6903465537718604,0.05882425372674875,0.5380589003726469,1786678.0,0.07867808219178082,0.6730769230769231,0.07430676328502415,0.6538461538461539,1,1,3,0,0,0,1,0,0
228878,ZA7,Gauteng,ZA3,Nothern Cape,ZA748,West Rand,ZA345,John Taolo Gaetsewe,2020-06-29,2020-06-29,1,1,1,483877.052290716,457139.2296017587,24869,20200629,20200629,0.23154887232085752,0.7207832829912092,0.047667844687933295,0.5288128906961219,856804.0,0.31986957060536586,0.628082594956317,0.05204783443831712,0.4959027820806741,258224.0,0.23715802469135805,0.8076923076923077,-0.13480926430517712,0.3076923076923077,1,1,3,0,0,0,1,0,0
228879,ZA5,KwaZulu-Natal,ZA5,KwaZulu-Natal,ZA526,Zululand,ZA595,eThekwini,2020-06-29,2020-06-29,1,1,1,3278902.693389924,277725.68145581824,25393,20200629,20200629,0.392497537624586,0.5542130860581069,0.053289376317307055,0.4651401640222711,783796.0,0.2446364969883556,0.6990922562931536,0.05627124671849075,0.494610924976595,3587907.0,-0.2762355212355212,0.09615384615384616,0.5666580406654343,0.9230769230769231,1,1,3,0,0,0,1,0,0
228880,ZA4,Free State,ZA1,Western Cape,ZA420,Fezile Dabi,ZA101,West Coast,2020-06-29,2020-06-29,1,1,1,1539343.8941001976,1345551.9585947574,59378,20200629,20200629,0.2705098118551487,0.6604572122193,0.06903297592555128,0.5050070807202104,494300.0,0.24466466325617858,0.6852166396976793,0.0701186970461421,0.5060695297345649,497485.0,0.2276555023923445,0.7884615384615384,-0.12079976303317536,0.34615384615384615,1,1,3,0,0,0,1,0,0
228881,ZA2,Eastern Cape,ZA8,Mpumalanga,ZA212,Amathole,ZA831,Nkangala,2020-06-29,2020-06-29,1,1,1,1018383.1035249596,1018324.956363046,37291,20200629,20200629,0.32816698449842097,0.5696178168124134,0.1022151986891656,0.47434426623917664,789726.0,0.27290691475673784,0.6711806877078121,0.055912397535449986,0.5109201270525474,1573837.0,-0.3192883211678832,0.019230769230769232,0.07867808219178082,0.6730769230769231,1,1,3,0,0,0,1,0,0
228883,ZA1,Western Cape,ZA7,Gauteng,ZA105,Central Karoo,ZA748,West Rand,2020-06-29,2020-06-29,1,1,1,811904.3663061525,811904.3663061525,2766,20200629,20200629,0.29415328297801036,0.633639246216906,0.07220747080508365,0.4979247763656518,77582.0,0.23154887232085752,0.7207832829912092,0.047667844687933295,0.5288128906961219,856804.0,-0.12604477611940298,0.3269230769230769,0.23715802469135805,0.8076923076923077,1,1,3,0,0,0,1,0,0
228884,ZA2,Eastern Cape,ZA2,Eastern Cape,ZA213,Chris Hani,ZA293,Nelson Mandela Bay,2020-06-29,2020-06-29,1,1,1,497133.78893631377,208300.27949689332,22221,20200629,20200629,0.334940582305372,0.572656560540376,0.09240285715425203,0.478383232498069,752217.0,0.2465186661259611,0.6842154879637478,0.0692658459102911,0.4877654529777138,1230491.0,-0.29251697892271666,0.057692307692307696,0.5740514018691588,0.9423076923076923,1,1,3,0,0,0,1,0,0
228885,ZA3,Nothern Cape,ZA6,North West,ZA345,John Taolo Gaetsewe,ZA638,Ngaka Modiri Molema,2020-06-29,2020-06-29,1,1,1,611175.0334412423,288524.8262985128,29964,20200629,20200629,0.31986957060536586,0.628082594956317,0.05204783443831712,0.4959027820806741,258224.0,0.3236353449196357,0.6078801705223251,0.06848448455803925,0.4964769205863341,870971.0,-0.13480926430517712,0.3076923076923077,-0.18344824707846413,0.23076923076923078,1,1,3,0,0,0,1,0,0
228886,ZA5,KwaZulu-Natal,ZA4,Free State,ZA595,eThekwini,ZA418,Lejweleputswa,2020-06-29,2020-06-29,1,1,1,976816.7479850188,499792.4965622043,24570,20200629,20200629,0.2446364969883556,0.6990922562931536,0.05627124671849075,0.494610924976595,3587907.0,0.27941650281351393,0.6617931601395349,0.058790337046951115,0.500105365269169,574193.0,0.5666580406654343,0.9230769230769231,0.29495049504950493,0.8653846153846154,1,1,3,0,0,0,1,0,0
228887,ZA2,Eastern Cape,ZA1,Western Cape,ZA213,Chris Hani,ZA105,Central Karoo,2020-06-29,2020-06-29,1,1,1,404549.6583450636,379890.9342459857,20533,20200629,20200629,0.334940582305372,0.572656560540376,0.09240285715425203,0.478383232498069,752217.0,0.29415328297801036,0.633639246216906,0.07220747080508365,0.4979247763656518,77582.0,-0.29251697892271666,0.057692307692307696,-0.12604477611940298,0.3269230769230769,1,1,3,0,0,0,1,0,0
228888,ZA3,Nothern Cape,ZA3,Nothern Cape,ZA306,Namakwa,ZA307,Pixley ka Seme,2020-06-29,2020-06-29,1,1,1,245542.90491120116,122764.30537992106,4910,20200629,20200629,0.2479438366342976,0.6592106724059887,0.09284549095971371,0.5132337492633683,117087.0,0.3060749448635213,0.6232332132979509,0.0706918418385278,0.5011842246002923,196331.0,0.06505633802816901,0.6153846153846154,0.1854655172413793,0.75,1,1,3,0,0,0,1,0,0
228889,ZA4,Free State,ZA4,Free State,ZA419,Thabo Mofutsanyane,ZA420,Fezile Dabi,2020-06-29,2020-06-30,1,1,1,56166.17566801092,28427.892857421197,40567,20200629,20200630,0.31143326559338835,0.6251823622683981,0.06338437213821363,0.47028720831466336,662829.0,0.2705098118551487,0.6604572122193,0.06903297592555128,0.5050070807202104,494300.0,0.10770218579234972,0.7115384615384616,0.2276555023923445,0.7884615384615384,1,1,3,0,0,0,1,0,0
