,admin1Pcod_1,admin1Name_1,admin1Pcod_2,admin1Name_2,local_date_1,local_date_2,trip_num,tour_num,id_num,tour_traj_distance,trip_traj_distance,time_range,trip_miles/person,miles/person,minutes/trip,minutes/person,trips/person,date_1,date_2,0_14_pct_1,15_64_pct_1,65p_pct_1,M_pct_1,Population_1,0_14_pct_2,15_64_pct_2,65p_pct_2,M_pct_2,Population_2,rwi_1,rwi_pctl_1,rwi_2,rwi_pctl_2,new_cases_1,new_cases_2,first_case,ban_travel,lockdown,lockdown_0,lockdown_1,lockdown_2,lockdown_3,lockdown_4,lockdown_5
49338,ZA6,North West,ZA3,Nothern Cape,2020-06-27,2020-06-28,2,2,2,2883687.047637677,639669.0736065179,47327,198.73596745211643,895.9200294149904,394.39166666666665,394.39166666666665,1.0,20200627,20200628,0.2828745421867569,0.6531826641385288,0.0639427936747143,0.5169154144355026,3885864.0,0.2905180543789262,0.6449880916225764,0.06449385399849747,0.5008080113808923,1251220.0,-0.04677388157695324,0.1111111111111111,0.09958456723393624,0.6666666666666666,236.0,30.0,1,1,3,0,0,0,1,0,0
49339,ZA5,KwaZulu-Natal,ZA5,KwaZulu-Natal,2020-06-27,2020-06-29,12,12,12,3776831.381116351,653965.8733898138,1927744,33.86296286922983,195.56785151363687,2677.4222222222224,2677.4222222222224,1.0,20200627,20200629,0.3109682093283005,0.6320226943362347,0.05700909633546477,0.4797594466393526,10418811.0,0.3109682093283005,0.6320226943362347,0.05700909633546477,0.4797594466393526,10418811.0,0.07735186107982292,0.5555555555555556,0.07735186107982292,0.5555555555555556,696.0,608.0,1,1,3,0,0,0,1,0,0
49340,ZA3,Nothern Cape,ZA3,Nothern Cape,2020-06-27,2020-06-27,3384,1674,1059,221880337.98098025,46019938.30736066,16766361,27.002326659804773,130.18890476417778,82.57664007092198,263.8709631728045,3.1954674220963173,20200627,20200627,0.2905180543789262,0.6449880916225764,0.06449385399849747,0.5008080113808923,1251220.0,0.2905180543789262,0.6449880916225764,0.06449385399849747,0.5008080113808923,1251220.0,0.09958456723393624,0.6666666666666666,0.09958456723393624,0.6666666666666666,18.0,18.0,1,1,3,0,0,0,1,0,0
49341,ZA7,Gauteng,ZA4,Free State,2020-06-27,2020-06-27,317,308,284,73172298.93175226,33078388.04742493,2913867,72.37308950111833,160.09562896468134,153.2001577287066,171.00158450704228,1.1161971830985915,20200627,20200627,0.22703936886350948,0.7223349844212468,0.050625646715243805,0.5123439321519871,14760167.0,0.28114593899768064,0.6555271573171474,0.06332690368517199,0.4905192097314189,2663702.0,0.6706237180439658,1.0,0.2248492570676798,0.7777777777777778,2941.0,91.0,1,1,3,0,0,0,1,0,0
49342,ZA7,Gauteng,ZA5,KwaZulu-Natal,2020-06-27,2020-06-27,58,58,57,43807565.02665649,27310005.32949866,1352775,297.7131679227812,477.5571738531242,388.7284482758621,395.5482456140351,1.0175438596491229,20200627,20200627,0.22703936886350948,0.7223349844212468,0.050625646715243805,0.5123439321519871,14760167.0,0.3109682093283005,0.6320226943362347,0.05700909633546477,0.4797594466393526,10418811.0,0.6706237180439658,1.0,0.07735186107982292,0.5555555555555556,2941.0,696.0,1,1,3,0,0,0,1,0,0
49343,ZA7,Gauteng,ZA4,Free State,2020-06-27,2020-06-29,2,2,2,1111754.8919961546,689446.3822496795,324805,214.20106026110005,345.4062313576695,2706.708333333333,2706.708333333333,1.0,20200627,20200629,0.22703936886350948,0.7223349844212468,0.050625646715243805,0.5123439321519871,14760167.0,0.28114593899768064,0.6555271573171474,0.06332690368517199,0.4905192097314189,2663702.0,0.6706237180439658,1.0,0.2248492570676798,0.7777777777777778,2941.0,98.0,1,1,3,0,0,0,1,0,0
49344,ZA4,Free State,ZA2,Eastern Cape,2020-06-27,2020-06-27,16,16,16,9331100.298927097,4647916.948613189,279497,180.50510598624305,362.3798073519045,291.14270833333336,291.14270833333336,1.0,20200627,20200627,0.28114593899768064,0.6555271573171474,0.06332690368517199,0.4905192097314189,2663702.0,0.32240858903092945,0.600977358291188,0.07661405267788246,0.47559015644122027,6510816.0,0.2248492570676798,0.7777777777777778,-0.04666754827373582,0.2222222222222222,91.0,1720.0,1,1,3,0,0,0,1,0,0
49345,ZA7,Gauteng,ZA7,Gauteng,2020-06-27,2020-06-27,121781,58489,39785,4905839845.384579,1303524522.326881,548927192,20.35874290684568,76.62052415865361,75.12490892120556,229.9556750869256,3.0609777554354656,20200627,20200627,0.22703936886350948,0.7223349844212468,0.050625646715243805,0.5123439321519871,14760167.0,0.22703936886350948,0.7223349844212468,0.050625646715243805,0.5123439321519871,14760167.0,0.6706237180439658,1.0,0.6706237180439658,1.0,2941.0,2941.0,1,1,3,0,0,0,1,0,0
49346,ZA8,Mpumalanga,ZA5,KwaZulu-Natal,2020-06-27,2020-06-27,27,26,25,12198957.31054092,4706040.725354097,426793,116.96792544922891,303.2032259241261,263.45246913580246,284.5286666666667,1.08,20200627,20200627,0.30219785415266165,0.6444398558234767,0.053362290023861565,0.4955341209781855,4547481.0,0.3109682093283005,0.6320226943362347,0.05700909633546477,0.4797594466393526,10418811.0,0.0523010419666447,0.4444444444444444,0.07735186107982292,0.5555555555555556,70.0,696.0,1,1,3,0,0,0,1,0,0
49347,ZA2,Eastern Cape,ZA2,Eastern Cape,2020-06-27,2020-06-29,5,5,5,941195.9165318264,582008.6074000371,864017,72.3286764545103,116.96640575685826,2880.0566666666664,2880.0566666666664,1.0,20200627,20200629,0.32240858903092945,0.600977358291188,0.07661405267788246,0.47559015644122027,6510816.0,0.32240858903092945,0.600977358291188,0.07661405267788246,0.47559015644122027,6510816.0,-0.04666754827373582,0.2222222222222222,-0.04666754827373582,0.2222222222222222,1720.0,1096.0,1,1,3,0,0,0,1,0,0
49348,ZA7,Gauteng,ZA4,Free State,2020-06-27,2020-06-28,28,28,28,4424528.800746299,1931004.4974664531,829451,42.852520243085145,98.18838342886248,493.72083333333336,493.72083333333336,1.0,20200627,20200628,0.22703936886350948,0.7223349844212468,0.050625646715243805,0.5123439321519871,14760167.0,0.28114593899768064,0.6555271573171474,0.06332690368517199,0.4905192097314189,2663702.0,0.6706237180439658,1.0,0.2248492570676798,0.7777777777777778,2941.0,119.0,1,1,3,0,0,0,1,0,0
49349,ZA5,KwaZulu-Natal,ZA8,Mpumalanga,2020-06-27,2020-06-27,24,24,23,9481310.85929835,4484010.333045559,449142,121.14064550648015,256.14841011369555,311.90416666666664,325.46521739130435,1.0434782608695652,20200627,20200627,0.3109682093283005,0.6320226943362347,0.05700909633546477,0.4797594466393526,10418811.0,0.30219785415266165,0.6444398558234767,0.053362290023861565,0.4955341209781855,4547481.0,0.07735186107982292,0.5555555555555556,0.0523010419666447,0.4444444444444444,696.0,70.0,1,1,3,0,0,0,1,0,0
49350,ZA9,Limpopo,ZA9,Limpopo,2020-06-27,2020-06-30,5,5,5,497089.9303935596,268906.0672315828,1313497,33.418096719108256,61.775472539563886,4378.323333333334,4378.323333333334,1.0,20200627,20200630,0.3322212084583728,0.5982309127294063,0.06954787881222096,0.47107489302560024,5527257.0,0.3322212084583728,0.5982309127294063,0.06954787881222096,0.47107489302560024,5527257.0,-0.020299216875639643,0.3333333333333333,-0.020299216875639643,0.3333333333333333,64.0,120.0,1,1,3,0,0,0,1,0,0
49351,ZA1,Western Cape,ZA1,Western Cape,2020-06-27,2020-06-27,46383,24887,16915,1790687297.651812,496661948.6051004,235326934,18.24483754913797,65.7807567878307,84.5593335201834,231.8720405951325,2.7421223765888265,20200627,20200627,0.24146430881004144,0.6902282722160927,0.06830741897386587,0.4994387746892386,6898299.0,0.24146430881004144,0.6902282722160927,0.06830741897386587,0.4994387746892386,6898299.0,0.48495156727992644,0.8888888888888888,0.48495156727992644,0.8888888888888888,1374.0,1374.0,1,1,3,0,0,0,1,0,0
49352,ZA9,Limpopo,ZA9,Limpopo,2020-06-27,2020-06-27,10814,5058,3267,733045522.9110963,126333409.77528532,51861682,24.028142470608117,139.4225192946152,79.9298471117687,264.57342107948165,3.310070400979492,20200627,20200627,0.3322212084583728,0.5982309127294063,0.06954787881222096,0.47107489302560024,5527257.0,0.3322212084583728,0.5982309127294063,0.06954787881222096,0.47107489302560024,5527257.0,-0.020299216875639643,0.3333333333333333,-0.020299216875639643,0.3333333333333333,64.0,64.0,1,1,3,0,0,0,1,0,0
49353,ZA8,Mpumalanga,ZA7,Gauteng,2020-06-27,2020-06-27,315,310,304,80468696.67262971,34173953.73895748,3501382,69.85102098105101,164.47674338571156,185.25830687830688,191.9617324561404,1.0361842105263157,20200627,20200627,0.30219785415266165,0.6444398558234767,0.053362290023861565,0.4955341209781855,4547481.0,0.22703936886350948,0.7223349844212468,0.050625646715243805,0.5123439321519871,14760167.0,0.0523010419666447,0.4444444444444444,0.6706237180439658,1.0,70.0,2941.0,1,1,3,0,0,0,1,0,0
49354,ZA7,Gauteng,ZA8,Mpumalanga,2020-06-27,2020-06-27,373,368,362,95998819.27525029,43867972.40192203,4708823,75.29915555916232,164.78149388518958,210.4031724754245,216.79663904235727,1.0303867403314917,20200627,20200627,0.22703936886350948,0.7223349844212468,0.050625646715243805,0.5123439321519871,14760167.0,0.30219785415266165,0.6444398558234767,0.053362290023861565,0.4955341209781855,4547481.0,0.6706237180439658,1.0,0.0523010419666447,0.4444444444444444,2941.0,70.0,1,1,3,0,0,0,1,0,0
49355,ZA4,Free State,ZA6,North West,2020-06-27,2020-06-27,88,87,83,15547128.0968029,6700025.407613367,782985,50.15906958492948,116.39201832984304,148.29261363636363,157.22590361445782,1.0602409638554218,20200627,20200627,0.28114593899768064,0.6555271573171474,0.06332690368517199,0.4905192097314189,2663702.0,0.2828745421867569,0.6531826641385288,0.0639427936747143,0.5169154144355026,3885864.0,0.2248492570676798,0.7777777777777778,-0.04677388157695324,0.1111111111111111,91.0,236.0,1,1,3,0,0,0,1,0,0
49356,ZA5,KwaZulu-Natal,ZA1,Western Cape,2020-06-27,2020-06-28,3,3,3,4305089.665586462,4255483.58568448,199820,881.4116363943901,891.6862327313619,1110.111111111111,1110.111111111111,1.0,20200627,20200628,0.3109682093283005,0.6320226943362347,0.05700909633546477,0.4797594466393526,10418811.0,0.24146430881004144,0.6902282722160927,0.06830741897386587,0.4994387746892386,6898299.0,0.07735186107982292,0.5555555555555556,0.48495156727992644,0.8888888888888888,696.0,1130.0,1,1,3,0,0,0,1,0,0
49357,ZA4,Free State,ZA6,North West,2020-06-27,2020-06-28,10,10,10,1785307.831072562,807887.3443995616,329355,50.19979223830093,110.93388555042068,548.925,548.925,1.0,20200627,20200628,0.28114593899768064,0.6555271573171474,0.06332690368517199,0.4905192097314189,2663702.0,0.2828745421867569,0.6531826641385288,0.0639427936747143,0.5169154144355026,3885864.0,0.2248492570676798,0.7777777777777778,-0.04677388157695324,0.1111111111111111,91.0,193.0,1,1,3,0,0,0,1,0,0
49358,ZA4,Free State,ZA4,Free State,2020-06-27,2020-06-27,10798,5343,3475,583225343.2280685,132028348.33223283,48524672,23.608233730165622,104.28760485313762,74.89762301660802,232.73223980815345,3.107338129496403,20200627,20200627,0.28114593899768064,0.6555271573171474,0.06332690368517199,0.4905192097314189,2663702.0,0.28114593899768064,0.6555271573171474,0.06332690368517199,0.4905192097314189,2663702.0,0.2248492570676798,0.7777777777777778,0.2248492570676798,0.7777777777777778,91.0,91.0,1,1,3,0,0,0,1,0,0
49359,ZA8,Mpumalanga,ZA8,Mpumalanga,2020-06-27,2020-06-28,1000,1000,999,42059072.07418732,12560437.520035587,30696359,7.812506543390445,26.16045621534908,511.6059833333333,512.118101434768,1.001001001001001,20200627,20200628,0.30219785415266165,0.6444398558234767,0.053362290023861565,0.4955341209781855,4547481.0,0.30219785415266165,0.6444398558234767,0.053362290023861565,0.4955341209781855,4547481.0,0.0523010419666447,0.4444444444444444,0.0523010419666447,0.4444444444444444,70.0,90.0,1,1,3,0,0,0,1,0,0
49361,ZA6,North West,ZA7,Gauteng,2020-06-27,2020-06-28,142,142,142,22397276.769520443,7522211.273078949,3463567,32.91609427474775,98.00720119117226,406.5219483568075,406.5219483568075,1.0,20200627,20200628,0.2828745421867569,0.6531826641385288,0.0639427936747143,0.5169154144355026,3885864.0,0.22703936886350948,0.7223349844212468,0.050625646715243805,0.5123439321519871,14760167.0,-0.04677388157695324,0.1111111111111111,0.6706237180439658,1.0,236.0,2610.0,1,1,3,0,0,0,1,0,0
49362,ZA2,Eastern Cape,ZA1,Western Cape,2020-06-27,2020-06-27,35,35,35,37660738.53967692,16930261.586434294,724185,300.57076648150326,668.6085144839302,344.85,344.85,1.0,20200627,20200627,0.32240858903092945,0.600977358291188,0.07661405267788246,0.47559015644122027,6510816.0,0.24146430881004144,0.6902282722160927,0.06830741897386587,0.4994387746892386,6898299.0,-0.04666754827373582,0.2222222222222222,0.48495156727992644,0.8888888888888888,1720.0,1374.0,1,1,3,0,0,0,1,0,0
49363,ZA3,Nothern Cape,ZA4,Free State,2020-06-27,2020-06-27,41,41,36,21980418.537992544,5768594.501589559,444308,99.56773452740092,379.3888575785562,180.61300813008128,205.6981481481481,1.1388888888888888,20200627,20200627,0.2905180543789262,0.6449880916225764,0.06449385399849747,0.5008080113808923,1251220.0,0.28114593899768064,0.6555271573171474,0.06332690368517199,0.4905192097314189,2663702.0,0.09958456723393624,0.6666666666666666,0.2248492570676798,0.7777777777777778,18.0,91.0,1,1,3,0,0,0,1,0,0
49364,ZA1,Western Cape,ZA4,Free State,2020-06-27,2020-06-28,1,1,1,3455327.1722348607,1265041.0437636755,58370,786.0600615925965,2147.0407645816317,972.8333333333334,972.8333333333334,1.0,20200627,20200628,0.24146430881004144,0.6902282722160927,0.06830741897386587,0.4994387746892386,6898299.0,0.28114593899768064,0.6555271573171474,0.06332690368517199,0.4905192097314189,2663702.0,0.48495156727992644,0.8888888888888888,0.2248492570676798,0.7777777777777778,1374.0,119.0,1,1,3,0,0,0,1,0,0
49365,ZA2,Eastern Cape,ZA2,Eastern Cape,2020-06-27,2020-06-27,14071,7016,4559,698694653.6920817,167422149.9879967,67788520,22.8188859278305,95.2289383580829,80.29341671996778,247.81940484024275,3.086422461066024,20200627,20200627,0.32240858903092945,0.600977358291188,0.07661405267788246,0.47559015644122027,6510816.0,0.32240858903092945,0.600977358291188,0.07661405267788246,0.47559015644122027,6510816.0,-0.04666754827373582,0.2222222222222222,-0.04666754827373582,0.2222222222222222,1720.0,1720.0,1,1,3,0,0,0,1,0,0
49366,ZA7,Gauteng,ZA7,Gauteng,2020-06-27,2020-06-28,9558,9556,9556,297708216.9322867,106196282.41317672,280468904,6.905327607183784,19.35823667790559,489.0648392271745,489.167196874564,1.0002092925910422,20200627,20200628,0.22703936886350948,0.7223349844212468,0.050625646715243805,0.5123439321519871,14760167.0,0.22703936886350948,0.7223349844212468,0.050625646715243805,0.5123439321519871,14760167.0,0.6706237180439658,1.0,0.6706237180439658,1.0,2941.0,2610.0,1,1,3,0,0,0,1,0,0
49367,ZA4,Free State,ZA8,Mpumalanga,2020-06-27,2020-06-27,17,17,15,7874367.661310065,3368409.6400583475,287950,139.53551426578562,326.19368145488943,282.30392156862746,319.94444444444446,1.1333333333333333,20200627,20200627,0.28114593899768064,0.6555271573171474,0.06332690368517199,0.4905192097314189,2663702.0,0.30219785415266165,0.6444398558234767,0.053362290023861565,0.4955341209781855,4547481.0,0.2248492570676798,0.7777777777777778,0.0523010419666447,0.4444444444444444,91.0,70.0,1,1,3,0,0,0,1,0,0
49368,ZA9,Limpopo,ZA8,Mpumalanga,2020-06-27,2020-06-27,72,70,69,14464980.36062186,6356996.848591295,880785,57.24716972258185,130.26263901984387,203.88541666666663,212.75,1.0434782608695652,20200627,20200627,0.3322212084583728,0.5982309127294063,0.06954787881222096,0.47107489302560024,5527257.0,0.30219785415266165,0.6444398558234767,0.053362290023861565,0.4955341209781855,4547481.0,-0.020299216875639643,0.3333333333333333,0.0523010419666447,0.4444444444444444,64.0,70.0,1,1,3,0,0,0,1,0,0
49369,ZA8,Mpumalanga,ZA8,Mpumalanga,2020-06-27,2020-06-29,2,2,2,39535.29627665961,39427.89764002245,304949,12.249679881996157,12.283047091442103,2541.241666666667,2541.241666666667,1.0,20200627,20200629,0.30219785415266165,0.6444398558234767,0.053362290023861565,0.4955341209781855,4547481.0,0.30219785415266165,0.6444398558234767,0.053362290023861565,0.4955341209781855,4547481.0,0.0523010419666447,0.4444444444444444,0.0523010419666447,0.4444444444444444,70.0,74.0,1,1,3,0,0,0,1,0,0
49370,ZA4,Free State,ZA8,Mpumalanga,2020-06-27,2020-06-28,2,2,2,444808.06504341896,220419.90072478933,32582,68.48128825309857,138.19545884640542,271.51666666666665,271.51666666666665,1.0,20200627,20200628,0.28114593899768064,0.6555271573171474,0.06332690368517199,0.4905192097314189,2663702.0,0.30219785415266165,0.6444398558234767,0.053362290023861565,0.4955341209781855,4547481.0,0.2248492570676798,0.7777777777777778,0.0523010419666447,0.4444444444444444,91.0,90.0,1,1,3,0,0,0,1,0,0
49371,ZA3,Nothern Cape,ZA4,Free State,2020-06-27,2020-06-29,1,1,1,1142303.1991564916,571151.9621973046,125802,354.8973756992318,709.7943007563899,2096.7,2096.7,1.0,20200627,20200629,0.2905180543789262,0.6449880916225764,0.06449385399849747,0.5008080113808923,1251220.0,0.28114593899768064,0.6555271573171474,0.06332690368517199,0.4905192097314189,2663702.0,0.09958456723393624,0.6666666666666666,0.2248492570676798,0.7777777777777778,18.0,98.0,1,1,3,0,0,0,1,0,0
49372,ZA8,Mpumalanga,ZA7,Gauteng,2020-06-27,2020-06-28,45,45,45,10904578.003475174,4731868.174065145,1512163,65.338812640639,150.57312521920835,560.0603703703704,560.0603703703704,1.0,20200627,20200628,0.30219785415266165,0.6444398558234767,0.053362290023861565,0.4955341209781855,4547481.0,0.22703936886350948,0.7223349844212468,0.050625646715243805,0.5123439321519871,14760167.0,0.0523010419666447,0.4444444444444444,0.6706237180439658,1.0,70.0,2610.0,1,1,3,0,0,0,1,0,0
49373,ZA6,North West,ZA6,North West,2020-06-27,2020-06-28,823,822,822,31587610.25613939,9180360.260974158,26033149,6.939673236654202,23.87789664815763,527.2002632644795,527.8416261151663,1.0012165450121655,20200627,20200628,0.2828745421867569,0.6531826641385288,0.0639427936747143,0.5169154144355026,3885864.0,0.2828745421867569,0.6531826641385288,0.0639427936747143,0.5169154144355026,3885864.0,-0.04677388157695324,0.1111111111111111,-0.04677388157695324,0.1111111111111111,236.0,193.0,1,1,3,0,0,0,1,0,0
49374,ZA6,North West,ZA4,Free State,2020-06-27,2020-06-27,74,73,69,12504730.29764386,5520551.7343482375,731904,49.71466395622965,112.60984309642429,164.84324324324325,176.78840579710143,1.072463768115942,20200627,20200627,0.2828745421867569,0.6531826641385288,0.0639427936747143,0.5169154144355026,3885864.0,0.28114593899768064,0.6555271573171474,0.06332690368517199,0.4905192097314189,2663702.0,-0.04677388157695324,0.1111111111111111,0.2248492570676798,0.7777777777777778,236.0,91.0,1,1,3,0,0,0,1,0,0
49375,ZA4,Free State,ZA5,KwaZulu-Natal,2020-06-27,2020-06-27,26,26,26,13596234.697746309,6468727.18102847,397491,154.59541233591187,324.9349447722012,254.8019230769231,254.8019230769231,1.0,20200627,20200627,0.28114593899768064,0.6555271573171474,0.06332690368517199,0.4905192097314189,2663702.0,0.3109682093283005,0.6320226943362347,0.05700909633546477,0.4797594466393526,10418811.0,0.2248492570676798,0.7777777777777778,0.07735186107982292,0.5555555555555556,91.0,696.0,1,1,3,0,0,0,1,0,0
49377,ZA7,Gauteng,ZA6,North West,2020-06-27,2020-06-27,630,612,595,115336092.78065053,44346786.78071922,6647366,46.31229541820226,120.44794198169508,175.8562433862434,186.20072829131647,1.0588235294117647,20200627,20200627,0.22703936886350948,0.7223349844212468,0.050625646715243805,0.5123439321519871,14760167.0,0.2828745421867569,0.6531826641385288,0.0639427936747143,0.5169154144355026,3885864.0,0.6706237180439658,1.0,-0.04677388157695324,0.1111111111111111,2941.0,236.0,1,1,3,0,0,0,1,0,0
49378,ZA9,Limpopo,ZA9,Limpopo,2020-06-27,2020-06-28,861,861,861,41721792.21904296,11505902.678952346,30079158,8.303642816942338,30.1100113512486,582.2523809523809,582.2523809523809,1.0,20200627,20200628,0.3322212084583728,0.5982309127294063,0.06954787881222096,0.47107489302560024,5527257.0,0.3322212084583728,0.5982309127294063,0.06954787881222096,0.47107489302560024,5527257.0,-0.020299216875639643,0.3333333333333333,-0.020299216875639643,0.3333333333333333,64.0,73.0,1,1,3,0,0,0,1,0,0
49379,ZA7,Gauteng,ZA8,Mpumalanga,2020-06-27,2020-06-29,5,5,5,1344987.6509696897,953271.6877040872,936362,118.46711302295684,167.14731604550545,3121.2066666666665,3121.2066666666665,1.0,20200627,20200629,0.22703936886350948,0.7223349844212468,0.050625646715243805,0.5123439321519871,14760167.0,0.30219785415266165,0.6444398558234767,0.053362290023861565,0.4955341209781855,4547481.0,0.6706237180439658,1.0,0.0523010419666447,0.4444444444444444,2941.0,74.0,1,1,3,0,0,0,1,0,0
49380,ZA5,KwaZulu-Natal,ZA4,Free State,2020-06-27,2020-06-29,3,3,3,1603031.9305680394,1388475.0533371558,540400,287.5861330946348,332.0259539638593,3002.222222222222,3002.222222222222,1.0,20200627,20200629,0.3109682093283005,0.6320226943362347,0.05700909633546477,0.4797594466393526,10418811.0,0.28114593899768064,0.6555271573171474,0.06332690368517199,0.4905192097314189,2663702.0,0.07735186107982292,0.5555555555555556,0.2248492570676798,0.7777777777777778,696.0,98.0,1,1,3,0,0,0,1,0,0
49381,ZA9,Limpopo,ZA7,Gauteng,2020-06-27,2020-06-28,29,29,29,13037207.470880874,6117472.304342948,1338464,131.07658824925682,279.342936194025,769.2321839080461,769.2321839080461,1.0,20200627,20200628,0.3322212084583728,0.5982309127294063,0.06954787881222096,0.47107489302560024,5527257.0,0.22703936886350948,0.7223349844212468,0.050625646715243805,0.5123439321519871,14760167.0,-0.020299216875639643,0.3333333333333333,0.6706237180439658,1.0,64.0,2610.0,1,1,3,0,0,0,1,0,0
49382,ZA8,Mpumalanga,ZA4,Free State,2020-06-27,2020-06-27,13,13,11,6635534.662898228,2417076.5192805803,121174,136.53651986493088,374.8300076924752,155.35128205128206,183.5969696969697,1.181818181818182,20200627,20200627,0.30219785415266165,0.6444398558234767,0.053362290023861565,0.4955341209781855,4547481.0,0.28114593899768064,0.6555271573171474,0.06332690368517199,0.4905192097314189,2663702.0,0.0523010419666447,0.4444444444444444,0.2248492570676798,0.7777777777777778,70.0,91.0,1,1,3,0,0,0,1,0,0
49383,ZA1,Western Cape,ZA7,Gauteng,2020-06-27,2020-06-27,18,18,17,39928601.27237759,23362695.34471376,486622,853.9356388366117,1459.440151587435,450.5759259259259,477.0803921568628,1.0588235294117647,20200627,20200627,0.24146430881004144,0.6902282722160927,0.06830741897386587,0.4994387746892386,6898299.0,0.22703936886350948,0.7223349844212468,0.050625646715243805,0.5123439321519871,14760167.0,0.48495156727992644,0.8888888888888888,0.6706237180439658,1.0,1374.0,2941.0,1,1,3,0,0,0,1,0,0
49384,ZA4,Free State,ZA7,Gauteng,2020-06-27,2020-06-27,311,304,280,74002530.16386515,31703701.747134157,3196836,70.35631054626285,164.22514427321485,171.32025723472668,190.28785714285715,1.1107142857142858,20200627,20200627,0.28114593899768064,0.6555271573171474,0.06332690368517199,0.4905192097314189,2663702.0,0.22703936886350948,0.7223349844212468,0.050625646715243805,0.5123439321519871,14760167.0,0.2248492570676798,0.7777777777777778,0.6706237180439658,1.0,91.0,2941.0,1,1,3,0,0,0,1,0,0
49385,ZA2,Eastern Cape,,,2020-06-27,2020-06-27,7,7,6,229322.21601312535,85747.15632846861,89521,8.880135459796932,23.749036461763858,213.1452380952381,248.6694444444444,1.1666666666666667,20200627,20200627,0.32240858903092945,0.600977358291188,0.07661405267788246,0.47559015644122027,6510816.0,,,,,,-0.04666754827373582,0.2222222222222222,,,1720.0,,1,1,3,0,0,0,1,0,0
49386,ZA5,KwaZulu-Natal,ZA5,KwaZulu-Natal,2020-06-27,2020-06-27,32588,15585,10191,1465538460.0660338,363154151.2960872,154836860,22.14243233802246,89.35760771277577,79.18909823656969,253.2248389101495,3.197723481503288,20200627,20200627,0.3109682093283005,0.6320226943362347,0.05700909633546477,0.4797594466393526,10418811.0,0.3109682093283005,0.6320226943362347,0.05700909633546477,0.4797594466393526,10418811.0,0.07735186107982292,0.5555555555555556,0.07735186107982292,0.5555555555555556,696.0,696.0,1,1,3,0,0,0,1,0,0
49387,ZA3,Nothern Cape,ZA1,Western Cape,2020-06-27,2020-06-27,21,21,20,24499065.9181442,9433819.050333884,420996,293.095169532862,761.1506899129147,334.12380952380954,350.83,1.05,20200627,20200627,0.2905180543789262,0.6449880916225764,0.06449385399849747,0.5008080113808923,1251220.0,0.24146430881004144,0.6902282722160927,0.06830741897386587,0.4994387746892386,6898299.0,0.09958456723393624,0.6666666666666666,0.48495156727992644,0.8888888888888888,18.0,1374.0,1,1,3,0,0,0,1,0,0
49388,ZA1,Western Cape,ZA1,Western Cape,2020-06-27,2020-06-29,10,10,10,3878198.306772411,897940.634288047,1775719,55.79544424859117,240.98007056119823,2959.5316666666668,2959.5316666666668,1.0,20200627,20200629,0.24146430881004144,0.6902282722160927,0.06830741897386587,0.4994387746892386,6898299.0,0.24146430881004144,0.6902282722160927,0.06830741897386587,0.4994387746892386,6898299.0,0.48495156727992644,0.8888888888888888,0.48495156727992644,0.8888888888888888,1374.0,930.0,1,1,3,0,0,0,1,0,0
49389,ZA2,Eastern Cape,ZA4,Free State,2020-06-27,2020-06-27,21,21,21,12851136.470621305,5801006.785821588,437471,171.64659536584878,380.2536185883163,347.19920634920635,347.19920634920635,1.0,20200627,20200627,0.32240858903092945,0.600977358291188,0.07661405267788246,0.47559015644122027,6510816.0,0.28114593899768064,0.6555271573171474,0.06332690368517199,0.4905192097314189,2663702.0,-0.04666754827373582,0.2222222222222222,0.2248492570676798,0.7777777777777778,1720.0,91.0,1,1,3,0,0,0,1,0,0
49391,ZA6,North West,ZA7,Gauteng,2020-06-27,2020-06-27,521,513,499,93008274.01829264,37288475.1715273,5219610,46.43283421652132,115.8169581456576,166.97408829174665,174.33567134268534,1.0440881763527057,20200627,20200627,0.2828745421867569,0.6531826641385288,0.0639427936747143,0.5169154144355026,3885864.0,0.22703936886350948,0.7223349844212468,0.050625646715243805,0.5123439321519871,14760167.0,-0.04677388157695324,0.1111111111111111,0.6706237180439658,1.0,236.0,2941.0,1,1,3,0,0,0,1,0,0
49392,ZA4,Free State,ZA7,Gauteng,2020-06-27,2020-06-28,44,44,44,7280425.126042676,3341937.2706101206,1255771,47.19508059594074,102.814691830995,475.67083333333335,475.67083333333335,1.0,20200627,20200628,0.28114593899768064,0.6555271573171474,0.06332690368517199,0.4905192097314189,2663702.0,0.22703936886350948,0.7223349844212468,0.050625646715243805,0.5123439321519871,14760167.0,0.2248492570676798,0.7777777777777778,0.6706237180439658,1.0,91.0,2610.0,1,1,3,0,0,0,1,0,0
49393,ZA7,Gauteng,ZA3,Nothern Cape,2020-06-27,2020-06-27,7,7,7,7630113.743381923,4339209.399240276,225820,385.1799596819108,677.304696233099,537.6666666666666,537.6666666666666,1.0,20200627,20200627,0.22703936886350948,0.7223349844212468,0.050625646715243805,0.5123439321519871,14760167.0,0.2905180543789262,0.6449880916225764,0.06449385399849747,0.5008080113808923,1251220.0,0.6706237180439658,1.0,0.09958456723393624,0.6666666666666666,2941.0,18.0,1,1,3,0,0,0,1,0,0
49394,ZA1,Western Cape,ZA1,Western Cape,2020-06-27,2020-06-28,4843,4843,4841,174582165.75774676,71938156.48274577,156446624,9.233690985548364,22.408661119658536,538.3943285842109,538.6167596226675,1.00041313778145,20200627,20200628,0.24146430881004144,0.6902282722160927,0.06830741897386587,0.4994387746892386,6898299.0,0.24146430881004144,0.6902282722160927,0.06830741897386587,0.4994387746892386,6898299.0,0.48495156727992644,0.8888888888888888,0.48495156727992644,0.8888888888888888,1374.0,1130.0,1,1,3,0,0,0,1,0,0
49395,ZA7,Gauteng,ZA9,Limpopo,2020-06-27,2020-06-27,129,127,127,71375527.72647285,30439221.736171026,2202816,148.9295708738674,349.21808472415216,284.6015503875969,289.08346456692914,1.015748031496063,20200627,20200627,0.22703936886350948,0.7223349844212468,0.050625646715243805,0.5123439321519871,14760167.0,0.3322212084583728,0.5982309127294063,0.06954787881222096,0.47107489302560024,5527257.0,0.6706237180439658,1.0,-0.020299216875639643,0.3333333333333333,2941.0,64.0,1,1,3,0,0,0,1,0,0
49396,ZA5,KwaZulu-Natal,ZA5,KwaZulu-Natal,2020-06-27,2020-06-28,2625,2625,2624,99103578.7134102,35824524.80265326,89257938,8.483356588399618,23.468029291211195,566.7170666666666,566.9330411585365,1.0003810975609757,20200627,20200628,0.3109682093283005,0.6320226943362347,0.05700909633546477,0.4797594466393526,10418811.0,0.3109682093283005,0.6320226943362347,0.05700909633546477,0.4797594466393526,10418811.0,0.07735186107982292,0.5555555555555556,0.07735186107982292,0.5555555555555556,696.0,647.0,1,1,3,0,0,0,1,0,0
49397,ZA2,Eastern Cape,ZA2,Eastern Cape,2020-06-27,2020-06-28,1213,1213,1213,59789312.25639474,21227021.57758123,39507299,10.87375078755916,30.627663841555027,542.8318081890629,542.8318081890629,1.0,20200627,20200628,0.32240858903092945,0.600977358291188,0.07661405267788246,0.47559015644122027,6510816.0,0.32240858903092945,0.600977358291188,0.07661405267788246,0.47559015644122027,6510816.0,-0.04666754827373582,0.2222222222222222,-0.04666754827373582,0.2222222222222222,1720.0,1441.0,1,1,3,0,0,0,1,0,0
49398,ZA8,Mpumalanga,ZA9,Limpopo,2020-06-27,2020-06-28,15,15,15,4154339.030542362,1511183.6144690665,682859,62.6003976141445,172.09243975774652,758.7322222222223,758.7322222222223,1.0,20200627,20200628,0.30219785415266165,0.6444398558234767,0.053362290023861565,0.4955341209781855,4547481.0,0.3322212084583728,0.5982309127294063,0.06954787881222096,0.47107489302560024,5527257.0,0.0523010419666447,0.4444444444444444,-0.020299216875639643,0.3333333333333333,70.0,73.0,1,1,3,0,0,0,1,0,0
49399,ZA6,North West,ZA8,Mpumalanga,2020-06-27,2020-06-27,7,7,7,4109916.21622254,2154138.90221248,118226,191.21712255894155,364.8262198956788,281.4904761904762,281.4904761904762,1.0,20200627,20200627,0.2828745421867569,0.6531826641385288,0.0639427936747143,0.5169154144355026,3885864.0,0.30219785415266165,0.6444398558234767,0.053362290023861565,0.4955341209781855,4547481.0,-0.04677388157695324,0.1111111111111111,0.0523010419666447,0.4444444444444444,236.0,70.0,1,1,3,0,0,0,1,0,0
49400,ZA3,Nothern Cape,ZA7,Gauteng,2020-06-27,2020-06-27,11,11,11,13256802.399386125,6591660.670517046,326150,372.3516408784655,748.8541011055731,494.1666666666667,494.1666666666667,1.0,20200627,20200627,0.2905180543789262,0.6449880916225764,0.06449385399849747,0.5008080113808923,1251220.0,0.22703936886350948,0.7223349844212468,0.050625646715243805,0.5123439321519871,14760167.0,0.09958456723393624,0.6666666666666666,0.6706237180439658,1.0,18.0,2941.0,1,1,3,0,0,0,1,0,0
49401,ZA9,Limpopo,ZA9,Limpopo,2020-06-27,2020-06-29,5,5,5,2201795.8130120123,270168.4626249482,756233,33.57497994523833,273.6264978788888,2520.776666666666,2520.776666666666,1.0,20200627,20200629,0.3322212084583728,0.5982309127294063,0.06954787881222096,0.47107489302560024,5527257.0,0.3322212084583728,0.5982309127294063,0.06954787881222096,0.47107489302560024,5527257.0,-0.020299216875639643,0.3333333333333333,-0.020299216875639643,0.3333333333333333,64.0,76.0,1,1,3,0,0,0,1,0,0
49402,ZA3,Nothern Cape,ZA6,North West,2020-06-27,2020-06-27,32,32,32,19253143.879235644,6246290.073836802,537849,121.2895221950062,373.8546552049244,280.1296875,280.1296875,1.0,20200627,20200627,0.2905180543789262,0.6449880916225764,0.06449385399849747,0.5008080113808923,1251220.0,0.2828745421867569,0.6531826641385288,0.0639427936747143,0.5169154144355026,3885864.0,0.09958456723393624,0.6666666666666666,-0.04677388157695324,0.1111111111111111,18.0,236.0,1,1,3,0,0,0,1,0,0
49403,ZA5,KwaZulu-Natal,ZA4,Free State,2020-06-27,2020-06-27,27,27,27,14232290.04258548,5557649.627619259,435124,127.90234722782051,327.53833451958803,268.5950617283951,268.5950617283951,1.0,20200627,20200627,0.3109682093283005,0.6320226943362347,0.05700909633546477,0.4797594466393526,10418811.0,0.28114593899768064,0.6555271573171474,0.06332690368517199,0.4905192097314189,2663702.0,0.07735186107982292,0.5555555555555556,0.2248492570676798,0.7777777777777778,696.0,91.0,1,1,3,0,0,0,1,0,0
49404,ZA7,Gauteng,ZA9,Limpopo,2020-06-27,2020-06-28,11,11,11,7916287.831876526,3698886.811339329,572243,208.94379162844265,447.1775643806379,867.0348484848486,867.0348484848486,1.0,20200627,20200628,0.22703936886350948,0.7223349844212468,0.050625646715243805,0.5123439321519871,14760167.0,0.3322212084583728,0.5982309127294063,0.06954787881222096,0.47107489302560024,5527257.0,0.6706237180439658,1.0,-0.020299216875639643,0.3333333333333333,2941.0,73.0,1,1,3,0,0,0,1,0,0
49405,ZA4,Free State,ZA4,Free State,2020-06-27,2020-06-28,815,815,815,34161703.56795935,10383158.526499309,25606317,7.916313610797686,26.04551960108133,523.646564417178,523.646564417178,1.0,20200627,20200628,0.28114593899768064,0.6555271573171474,0.06332690368517199,0.4905192097314189,2663702.0,0.28114593899768064,0.6555271573171474,0.06332690368517199,0.4905192097314189,2663702.0,0.2248492570676798,0.7777777777777778,0.2248492570676798,0.7777777777777778,91.0,119.0,1,1,3,0,0,0,1,0,0
49406,ZA2,Eastern Cape,ZA5,KwaZulu-Natal,2020-06-27,2020-06-27,24,24,23,10738757.68141598,4641194.840990176,371420,125.38716398920998,290.11976798475115,257.93055555555554,269.1449275362319,1.0434782608695652,20200627,20200627,0.32240858903092945,0.600977358291188,0.07661405267788246,0.47559015644122027,6510816.0,0.3109682093283005,0.6320226943362347,0.05700909633546477,0.4797594466393526,10418811.0,-0.04666754827373582,0.2222222222222222,0.07735186107982292,0.5555555555555556,1720.0,696.0,1,1,3,0,0,0,1,0,0
49407,ZA3,Nothern Cape,ZA3,Nothern Cape,2020-06-27,2020-06-28,312,312,312,12336977.456387144,4577275.182807357,10582215,9.115983774164642,24.570007662437156,565.2892628205128,565.2892628205128,1.0,20200627,20200628,0.2905180543789262,0.6449880916225764,0.06449385399849747,0.5008080113808923,1251220.0,0.2905180543789262,0.6449880916225764,0.06449385399849747,0.5008080113808923,1251220.0,0.09958456723393624,0.6666666666666666,0.09958456723393624,0.6666666666666666,18.0,30.0,1,1,3,0,0,0,1,0,0
49408,ZA1,Western Cape,ZA3,Nothern Cape,2020-06-27,2020-06-27,10,10,10,14476125.19182218,5271556.034534397,206190,327.559305812455,899.5047169419452,343.65,343.65,1.0,20200627,20200627,0.24146430881004144,0.6902282722160927,0.06830741897386587,0.4994387746892386,6898299.0,0.2905180543789262,0.6449880916225764,0.06449385399849747,0.5008080113808923,1251220.0,0.48495156727992644,0.8888888888888888,0.09958456723393624,0.6666666666666666,1374.0,18.0,1,1,3,0,0,0,1,0,0
49409,ZA1,Western Cape,ZA2,Eastern Cape,2020-06-27,2020-06-27,20,20,20,16495788.85317514,10162253.458340356,531450,315.72657736134585,512.5003993296381,442.875,442.875,1.0,20200627,20200627,0.24146430881004144,0.6902282722160927,0.06830741897386587,0.4994387746892386,6898299.0,0.32240858903092945,0.600977358291188,0.07661405267788246,0.47559015644122027,6510816.0,0.48495156727992644,0.8888888888888888,-0.04666754827373582,0.2222222222222222,1374.0,1720.0,1,1,3,0,0,0,1,0,0
49410,ZA6,North West,ZA9,Limpopo,2020-06-27,2020-06-27,19,19,19,6136369.193419159,2647896.10088975,240745,86.59612405949747,200.68226535385844,211.1798245614035,211.1798245614035,1.0,20200627,20200627,0.2828745421867569,0.6531826641385288,0.0639427936747143,0.5169154144355026,3885864.0,0.3322212084583728,0.5982309127294063,0.06954787881222096,0.47107489302560024,5527257.0,-0.04677388157695324,0.1111111111111111,-0.020299216875639643,0.3333333333333333,236.0,64.0,1,1,3,0,0,0,1,0,0
49411,ZA6,North West,ZA3,Nothern Cape,2020-06-27,2020-06-27,29,29,29,16556079.519169165,6060060.437970722,515245,129.8464475645575,354.74037481387063,296.11781609195407,296.11781609195407,1.0,20200627,20200627,0.2828745421867569,0.6531826641385288,0.0639427936747143,0.5169154144355026,3885864.0,0.2905180543789262,0.6449880916225764,0.06449385399849747,0.5008080113808923,1251220.0,-0.04677388157695324,0.1111111111111111,0.09958456723393624,0.6666666666666666,236.0,18.0,1,1,3,0,0,0,1,0,0
49412,ZA4,Free State,ZA1,Western Cape,2020-06-27,2020-06-27,18,18,18,31371414.55414777,14901085.16337512,602745,514.3947251998026,1082.9607368712473,558.0972222222223,558.0972222222223,1.0,20200627,20200627,0.28114593899768064,0.6555271573171474,0.06332690368517199,0.4905192097314189,2663702.0,0.24146430881004144,0.6902282722160927,0.06830741897386587,0.4994387746892386,6898299.0,0.2248492570676798,0.7777777777777778,0.48495156727992644,0.8888888888888888,91.0,1374.0,1,1,3,0,0,0,1,0,0
49413,ZA4,Free State,ZA5,KwaZulu-Natal,2020-06-27,2020-06-28,6,6,6,3089582.287054421,1720334.4314716272,190212,178.1610427884102,319.96290487039244,528.3666666666667,528.3666666666667,1.0,20200627,20200628,0.28114593899768064,0.6555271573171474,0.06332690368517199,0.4905192097314189,2663702.0,0.3109682093283005,0.6320226943362347,0.05700909633546477,0.4797594466393526,10418811.0,0.2248492570676798,0.7777777777777778,0.07735186107982292,0.5555555555555556,91.0,647.0,1,1,3,0,0,0,1,0,0
49414,ZA9,Limpopo,ZA7,Gauteng,2020-06-27,2020-06-27,101,99,98,57455899.647850856,23729995.63705536,1840742,150.46056817126345,364.3004169923847,303.7528052805281,313.0513605442177,1.030612244897959,20200627,20200627,0.3322212084583728,0.5982309127294063,0.06954787881222096,0.47107489302560024,5527257.0,0.22703936886350948,0.7223349844212468,0.050625646715243805,0.5123439321519871,14760167.0,-0.020299216875639643,0.3333333333333333,0.6706237180439658,1.0,64.0,2941.0,1,1,3,0,0,0,1,0,0
49415,ZA9,Limpopo,ZA7,Gauteng,2020-06-27,2020-06-30,2,2,2,1803880.736301978,640810.5495000997,398425,199.09060757056903,560.4397618849599,3320.208333333333,3320.208333333333,1.0,20200627,20200630,0.3322212084583728,0.5982309127294063,0.06954787881222096,0.47107489302560024,5527257.0,0.22703936886350948,0.7223349844212468,0.050625646715243805,0.5123439321519871,14760167.0,-0.020299216875639643,0.3333333333333333,0.6706237180439658,1.0,64.0,3040.0,1,1,3,0,0,0,1,0,0
49416,ZA5,KwaZulu-Natal,,,2020-06-27,2020-06-28,12,12,12,1880765.170099919,1737265.150328069,773831,89.95720980764362,97.38777467195324,1074.7652777777778,1074.7652777777778,1.0,20200627,20200628,0.3109682093283005,0.6320226943362347,0.05700909633546477,0.4797594466393526,10418811.0,,,,,,0.07735186107982292,0.5555555555555556,,,696.0,,1,1,3,0,0,0,1,0,0
49417,ZA8,Mpumalanga,ZA9,Limpopo,2020-06-27,2020-06-27,89,85,83,19555567.65345825,7688434.980690865,1008332,57.55869892037478,146.40079985189394,188.82621722846443,202.47630522088355,1.072289156626506,20200627,20200627,0.30219785415266165,0.6444398558234767,0.053362290023861565,0.4955341209781855,4547481.0,0.3322212084583728,0.5982309127294063,0.06954787881222096,0.47107489302560024,5527257.0,0.0523010419666447,0.4444444444444444,-0.020299216875639643,0.3333333333333333,70.0,64.0,1,1,3,0,0,0,1,0,0
49418,ZA5,KwaZulu-Natal,ZA7,Gauteng,2020-06-27,2020-06-27,44,44,44,40044021.727514505,21205886.554190315,1110226,299.4710684233383,565.5045800637134,420.54015151515154,420.54015151515154,1.0,20200627,20200627,0.3109682093283005,0.6320226943362347,0.05700909633546477,0.4797594466393526,10418811.0,0.22703936886350948,0.7223349844212468,0.050625646715243805,0.5123439321519871,14760167.0,0.07735186107982292,0.5555555555555556,0.6706237180439658,1.0,696.0,2941.0,1,1,3,0,0,0,1,0,0
49419,ZA8,Mpumalanga,ZA8,Mpumalanga,2020-06-27,2020-06-27,13224,6391,4126,674786396.8249997,156605031.30849686,63577285,23.58455041554186,101.62211049459157,80.12866127243396,256.815660849895,3.2050412021328163,20200627,20200627,0.30219785415266165,0.6444398558234767,0.053362290023861565,0.4955341209781855,4547481.0,0.30219785415266165,0.6444398558234767,0.053362290023861565,0.4955341209781855,4547481.0,0.0523010419666447,0.4444444444444444,0.0523010419666447,0.4444444444444444,70.0,70.0,1,1,3,0,0,0,1,0,0
49420,ZA6,North West,ZA6,North West,2020-06-27,2020-06-27,10605,5199,3419,546503369.5948708,114473168.61301944,49835382,20.80442505418463,99.32186321347916,78.32057520037718,242.9335185726821,3.101784147411524,20200627,20200627,0.2828745421867569,0.6531826641385288,0.0639427936747143,0.5169154144355026,3885864.0,0.2828745421867569,0.6531826641385288,0.0639427936747143,0.5169154144355026,3885864.0,-0.04677388157695324,0.1111111111111111,-0.04677388157695324,0.1111111111111111,236.0,236.0,1,1,3,0,0,0,1,0,0
49421,ZA7,Gauteng,ZA5,KwaZulu-Natal,2020-06-27,2020-06-28,10,10,10,10720165.462661346,5514840.326380132,751760,342.676290860135,666.1201994515371,1252.9333333333334,1252.9333333333334,1.0,20200627,20200628,0.22703936886350948,0.7223349844212468,0.050625646715243805,0.5123439321519871,14760167.0,0.3109682093283005,0.6320226943362347,0.05700909633546477,0.4797594466393526,10418811.0,0.6706237180439658,1.0,0.07735186107982292,0.5555555555555556,2941.0,647.0,1,1,3,0,0,0,1,0,0
49422,ZA5,KwaZulu-Natal,ZA9,Limpopo,2020-06-27,2020-06-28,1,1,1,476582.024485638,458206.31862823525,99539,284.71620649670626,296.1343407535232,1658.9833333333331,1658.9833333333331,1.0,20200627,20200628,0.3109682093283005,0.6320226943362347,0.05700909633546477,0.4797594466393526,10418811.0,0.3322212084583728,0.5982309127294063,0.06954787881222096,0.47107489302560024,5527257.0,0.07735186107982292,0.5555555555555556,-0.020299216875639643,0.3333333333333333,696.0,73.0,1,1,3,0,0,0,1,0,0
49423,ZA5,KwaZulu-Natal,ZA9,Limpopo,2020-06-27,2020-06-27,2,2,2,4248064.454029447,1310613.8360351063,29776,407.1888409299399,1319.8124372506584,248.13333333333333,248.13333333333333,1.0,20200627,20200627,0.3109682093283005,0.6320226943362347,0.05700909633546477,0.4797594466393526,10418811.0,0.3322212084583728,0.5982309127294063,0.06954787881222096,0.47107489302560024,5527257.0,0.07735186107982292,0.5555555555555556,-0.020299216875639643,0.3333333333333333,696.0,64.0,1,1,3,0,0,0,1,0,0
49424,ZA9,Limpopo,ZA8,Mpumalanga,2020-06-27,2020-06-28,10,10,10,1181439.9525015648,582995.6096228953,241738,36.22566770205098,73.41127518427164,402.89666666666665,402.89666666666665,1.0,20200627,20200628,0.3322212084583728,0.5982309127294063,0.06954787881222096,0.47107489302560024,5527257.0,0.30219785415266165,0.6444398558234767,0.053362290023861565,0.4955341209781855,4547481.0,-0.020299216875639643,0.3333333333333333,0.0523010419666447,0.4444444444444444,64.0,90.0,1,1,3,0,0,0,1,0,0
49425,ZA7,Gauteng,ZA6,North West,2020-06-27,2020-06-28,46,46,46,5849711.577348848,2553637.407048742,1054041,34.49471130782023,79.01830993612585,381.8989130434783,381.8989130434783,1.0,20200627,20200628,0.22703936886350948,0.7223349844212468,0.050625646715243805,0.5123439321519871,14760167.0,0.2828745421867569,0.6531826641385288,0.0639427936747143,0.5169154144355026,3885864.0,0.6706237180439658,1.0,-0.04677388157695324,0.1111111111111111,2941.0,193.0,1,1,3,0,0,0,1,0,0
49426,ZA5,KwaZulu-Natal,ZA2,Eastern Cape,2020-06-27,2020-06-27,22,22,21,6143613.094282873,2875290.3898225743,379192,85.07726750250484,181.7840091923545,287.26666666666665,300.94603174603174,1.0476190476190477,20200627,20200627,0.3109682093283005,0.6320226943362347,0.05700909633546477,0.4797594466393526,10418811.0,0.32240858903092945,0.600977358291188,0.07661405267788246,0.47559015644122027,6510816.0,0.07735186107982292,0.5555555555555556,-0.04666754827373582,0.2222222222222222,696.0,1720.0,1,1,3,0,0,0,1,0,0
49427,ZA1,Western Cape,ZA4,Free State,2020-06-27,2020-06-27,6,6,6,14716221.067113744,5474711.521325637,178829,566.9713375269299,1524.0393049501065,496.7472222222222,496.7472222222222,1.0,20200627,20200627,0.24146430881004144,0.6902282722160927,0.06830741897386587,0.4994387746892386,6898299.0,0.28114593899768064,0.6555271573171474,0.06332690368517199,0.4905192097314189,2663702.0,0.48495156727992644,0.8888888888888888,0.2248492570676798,0.7777777777777778,1374.0,91.0,1,1,3,0,0,0,1,0,0
49428,ZA4,Free State,ZA3,Nothern Cape,2020-06-27,2020-06-27,34,34,29,8081459.784513482,2720872.2488758103,211962,58.29902183480822,173.15814832142104,103.9029411764706,121.81724137931036,1.1724137931034482,20200627,20200627,0.28114593899768064,0.6555271573171474,0.06332690368517199,0.4905192097314189,2663702.0,0.2905180543789262,0.6449880916225764,0.06449385399849747,0.5008080113808923,1251220.0,0.2248492570676798,0.7777777777777778,0.09958456723393624,0.6666666666666666,91.0,18.0,1,1,3,0,0,0,1,0,0
49429,ZA7,Gauteng,ZA1,Western Cape,2020-06-27,2020-06-27,22,22,21,45640658.99820157,27258300.076403927,538684,806.5486865161008,1350.4662236290528,408.0939393939394,427.5269841269841,1.0476190476190477,20200627,20200627,0.22703936886350948,0.7223349844212468,0.050625646715243805,0.5123439321519871,14760167.0,0.24146430881004144,0.6902282722160927,0.06830741897386587,0.4994387746892386,6898299.0,0.6706237180439658,1.0,0.48495156727992644,0.8888888888888888,2941.0,1374.0,1,1,3,0,0,0,1,0,0
49430,ZA5,KwaZulu-Natal,ZA7,Gauteng,2020-06-27,2020-06-29,1,1,1,503669.9838522491,502915.6648713525,150940,312.4973062759438,312.9660183604308,2515.6666666666665,2515.6666666666665,1.0,20200627,20200629,0.3109682093283005,0.6320226943362347,0.05700909633546477,0.4797594466393526,10418811.0,0.22703936886350948,0.7223349844212468,0.050625646715243805,0.5123439321519871,14760167.0,0.07735186107982292,0.5555555555555556,0.6706237180439658,1.0,696.0,2946.0,1,1,3,0,0,0,1,0,0
49431,ZA4,Free State,ZA4,Free State,2020-06-27,2020-06-30,3,3,3,861561.0711338964,180668.99259232212,774166,37.42083577580309,178.4497433185812,4300.922222222222,4300.922222222222,1.0,20200627,20200630,0.28114593899768064,0.6555271573171474,0.06332690368517199,0.4905192097314189,2663702.0,0.28114593899768064,0.6555271573171474,0.06332690368517199,0.4905192097314189,2663702.0,0.2248492570676798,0.7777777777777778,0.2248492570676798,0.7777777777777778,91.0,137.0,1,1,3,0,0,0,1,0,0
49432,ZA5,KwaZulu-Natal,ZA1,Western Cape,2020-06-27,2020-06-27,5,5,5,10789396.470958702,6029833.629717813,77664,749.3529822981056,1340.8440297361783,258.88,258.88,1.0,20200627,20200627,0.3109682093283005,0.6320226943362347,0.05700909633546477,0.4797594466393526,10418811.0,0.24146430881004144,0.6902282722160927,0.06830741897386587,0.4994387746892386,6898299.0,0.07735186107982292,0.5555555555555556,0.48495156727992644,0.8888888888888888,696.0,1374.0,1,1,3,0,0,0,1,0,0
49433,ZA4,Free State,ZA9,Limpopo,2020-06-27,2020-06-27,2,2,2,2042829.9769678756,1423112.4220156292,30249,442.1405311778057,634.6778491633471,252.075,252.075,1.0,20200627,20200627,0.28114593899768064,0.6555271573171474,0.06332690368517199,0.4905192097314189,2663702.0,0.3322212084583728,0.5982309127294063,0.06954787881222096,0.47107489302560024,5527257.0,0.2248492570676798,0.7777777777777778,-0.020299216875639643,0.3333333333333333,91.0,64.0,1,1,3,0,0,0,1,0,0
49434,ZA2,Eastern Cape,ZA1,Western Cape,2020-06-27,2020-06-28,19,19,19,23086561.72547505,14169411.450139506,930328,463.39284663550086,755.0170728431176,816.0771929824562,816.0771929824562,1.0,20200627,20200628,0.32240858903092945,0.600977358291188,0.07661405267788246,0.47559015644122027,6510816.0,0.24146430881004144,0.6902282722160927,0.06830741897386587,0.4994387746892386,6898299.0,-0.04666754827373582,0.2222222222222222,0.48495156727992644,0.8888888888888888,1720.0,1130.0,1,1,3,0,0,0,1,0,0
49435,ZA2,Eastern Cape,ZA2,Eastern Cape,2020-06-27,2020-06-30,5,5,5,1351651.4773857964,548053.5937261481,1285708,68.10894298871442,167.9754579985132,4285.693333333334,4285.693333333334,1.0,20200627,20200630,0.32240858903092945,0.600977358291188,0.07661405267788246,0.47559015644122027,6510816.0,0.32240858903092945,0.600977358291188,0.07661405267788246,0.47559015644122027,6510816.0,-0.04666754827373582,0.2222222222222222,-0.04666754827373582,0.2222222222222222,1720.0,1491.0,1,1,3,0,0,0,1,0,0
49436,ZA4,Free State,ZA4,Free State,2020-06-27,2020-06-29,4,4,4,771019.5416824095,248446.952124818,643985,38.5944447123825,119.7723329633704,2683.270833333333,2683.270833333333,1.0,20200627,20200629,0.28114593899768064,0.6555271573171474,0.06332690368517199,0.4905192097314189,2663702.0,0.28114593899768064,0.6555271573171474,0.06332690368517199,0.4905192097314189,2663702.0,0.2248492570676798,0.7777777777777778,0.2248492570676798,0.7777777777777778,91.0,98.0,1,1,3,0,0,0,1,0,0
49437,ZA6,North West,ZA2,Eastern Cape,2020-06-27,2020-06-28,2,2,2,3148399.4140738337,2120269.130882344,194322,658.737078860189,978.1623487811908,1619.35,1619.35,1.0,20200627,20200628,0.2828745421867569,0.6531826641385288,0.0639427936747143,0.5169154144355026,3885864.0,0.32240858903092945,0.600977358291188,0.07661405267788246,0.47559015644122027,6510816.0,-0.04677388157695324,0.1111111111111111,-0.04666754827373582,0.2222222222222222,236.0,1441.0,1,1,3,0,0,0,1,0,0
49439,ZA7,Gauteng,ZA9,Limpopo,2020-06-27,2020-06-29,3,3,3,1563855.621499634,1398376.5645606054,584260,289.6369710392569,323.91161067276147,3245.888888888889,3245.888888888889,1.0,20200627,20200629,0.22703936886350948,0.7223349844212468,0.050625646715243805,0.5123439321519871,14760167.0,0.3322212084583728,0.5982309127294063,0.06954787881222096,0.47107489302560024,5527257.0,0.6706237180439658,1.0,-0.020299216875639643,0.3333333333333333,2941.0,76.0,1,1,3,0,0,0,1,0,0
49440,ZA7,Gauteng,ZA6,North West,2020-06-27,2020-06-29,4,4,4,893213.4725814369,397700.6488097436,760266,61.7799315761179,138.75428009509417,3167.775,3167.775,1.0,20200627,20200629,0.22703936886350948,0.7223349844212468,0.050625646715243805,0.5123439321519871,14760167.0,0.2828745421867569,0.6531826641385288,0.0639427936747143,0.5169154144355026,3885864.0,0.6706237180439658,1.0,-0.04677388157695324,0.1111111111111111,2941.0,284.0,1,1,3,0,0,0,1,0,0
49442,ZA3,Nothern Cape,ZA4,Free State,2020-06-27,2020-06-28,2,2,2,115807.77247846805,57629.60320979439,54294,17.904687627317212,35.9798068276478,452.45,452.45,1.0,20200627,20200628,0.2905180543789262,0.6449880916225764,0.06449385399849747,0.5008080113808923,1251220.0,0.28114593899768064,0.6555271573171474,0.06332690368517199,0.4905192097314189,2663702.0,0.09958456723393624,0.6666666666666666,0.2248492570676798,0.7777777777777778,18.0,119.0,1,1,3,0,0,0,1,0,0
49443,ZA4,Free State,ZA3,Nothern Cape,2020-06-27,2020-06-28,6,6,6,2892980.365181287,455019.2548325983,117879,47.12264281104582,299.6024431053157,327.44166666666666,327.44166666666666,1.0,20200627,20200628,0.28114593899768064,0.6555271573171474,0.06332690368517199,0.4905192097314189,2663702.0,0.2905180543789262,0.6449880916225764,0.06449385399849747,0.5008080113808923,1251220.0,0.2248492570676798,0.7777777777777778,0.09958456723393624,0.6666666666666666,91.0,30.0,1,1,3,0,0,0,1,0,0
49444,ZA3,Nothern Cape,ZA1,Western Cape,2020-06-27,2020-06-28,5,5,5,7864559.74022198,2941584.916895308,362049,365.5632253757192,977.3621724406938,1206.8300000000002,1206.8300000000002,1.0,20200627,20200628,0.2905180543789262,0.6449880916225764,0.06449385399849747,0.5008080113808923,1251220.0,0.24146430881004144,0.6902282722160927,0.06830741897386587,0.4994387746892386,6898299.0,0.09958456723393624,0.6666666666666666,0.48495156727992644,0.8888888888888888,18.0,1130.0,1,1,3,0,0,0,1,0,0
49445,ZA1,Western Cape,ZA9,Limpopo,2020-06-27,2020-06-28,2,2,2,5793442.637211552,2896270.5461927066,48019,899.8295411648182,1799.939179321373,400.15833333333336,400.15833333333336,1.0,20200627,20200628,0.24146430881004144,0.6902282722160927,0.06830741897386587,0.4994387746892386,6898299.0,0.3322212084583728,0.5982309127294063,0.06954787881222096,0.47107489302560024,5527257.0,0.48495156727992644,0.8888888888888888,-0.020299216875639643,0.3333333333333333,1374.0,73.0,1,1,3,0,0,0,1,0,0
49446,ZA9,Limpopo,ZA1,Western Cape,2020-06-27,2020-06-27,5,5,2,20461202.05918103,7333563.481532645,11141,2278.4325419340566,6357.000759061155,37.13666666666666,92.84166666666668,2.5,20200627,20200627,0.3322212084583728,0.5982309127294063,0.06954787881222096,0.47107489302560024,5527257.0,0.24146430881004144,0.6902282722160927,0.06830741897386587,0.4994387746892386,6898299.0,-0.020299216875639643,0.3333333333333333,0.48495156727992644,0.8888888888888888,64.0,1374.0,1,1,3,0,0,0,1,0,0
49447,ZA1,Western Cape,ZA9,Limpopo,2020-06-27,2020-06-27,4,4,2,11772644.021931317,5886242.241186486,7938,1828.7706796019013,3657.590925846592,33.075,66.15,2.0,20200627,20200627,0.24146430881004144,0.6902282722160927,0.06830741897386587,0.4994387746892386,6898299.0,0.3322212084583728,0.5982309127294063,0.06954787881222096,0.47107489302560024,5527257.0,0.48495156727992644,0.8888888888888888,-0.020299216875639643,0.3333333333333333,1374.0,64.0,1,1,3,0,0,0,1,0,0
49448,ZA4,Free State,ZA2,Eastern Cape,2020-06-27,2020-06-28,1,1,1,552690.5176219944,552690.5176219944,81344,343.42596587304786,343.42596587304786,1355.7333333333331,1355.7333333333331,1.0,20200627,20200628,0.28114593899768064,0.6555271573171474,0.06332690368517199,0.4905192097314189,2663702.0,0.32240858903092945,0.600977358291188,0.07661405267788246,0.47559015644122027,6510816.0,0.2248492570676798,0.7777777777777778,-0.04666754827373582,0.2222222222222222,91.0,1441.0,1,1,3,0,0,0,1,0,0
49449,ZA1,Western Cape,ZA1,Western Cape,2020-06-27,2020-06-30,12,12,12,3335018.3307976965,2140474.0408420083,3182685,110.83574222592188,172.690359695094,4420.395833333333,4420.395833333333,1.0,20200627,20200630,0.24146430881004144,0.6902282722160927,0.06830741897386587,0.4994387746892386,6898299.0,0.24146430881004144,0.6902282722160927,0.06830741897386587,0.4994387746892386,6898299.0,0.48495156727992644,0.8888888888888888,0.48495156727992644,0.8888888888888888,1374.0,1106.0,1,1,3,0,0,0,1,0,0
49450,ZA7,Gauteng,ZA2,Eastern Cape,2020-06-27,2020-06-27,13,13,12,17172005.799072485,10839591.71266373,295147,561.2841688219822,889.1824763730068,378.3935897435897,409.9263888888889,1.0833333333333333,20200627,20200627,0.22703936886350948,0.7223349844212468,0.050625646715243805,0.5123439321519871,14760167.0,0.32240858903092945,0.600977358291188,0.07661405267788246,0.47559015644122027,6510816.0,0.6706237180439658,1.0,-0.04666754827373582,0.2222222222222222,2941.0,1720.0,1,1,3,0,0,0,1,0,0
49451,ZA6,North West,ZA4,Free State,2020-06-27,2020-06-28,8,8,8,1603296.6809653174,727488.4369456992,192103,56.505044675477954,124.53029627019748,400.2145833333333,400.2145833333333,1.0,20200627,20200628,0.2828745421867569,0.6531826641385288,0.0639427936747143,0.5169154144355026,3885864.0,0.28114593899768064,0.6555271573171474,0.06332690368517199,0.4905192097314189,2663702.0,-0.04677388157695324,0.1111111111111111,0.2248492570676798,0.7777777777777778,236.0,119.0,1,1,3,0,0,0,1,0,0
49452,ZA1,Western Cape,ZA2,Eastern Cape,2020-06-27,2020-06-30,2,2,2,1344225.3907825896,1330734.6092796782,595729,413.4400753597982,417.6314668531369,4964.408333333334,4964.408333333334,1.0,20200627,20200630,0.24146430881004144,0.6902282722160927,0.06830741897386587,0.4994387746892386,6898299.0,0.32240858903092945,0.600977358291188,0.07661405267788246,0.47559015644122027,6510816.0,0.48495156727992644,0.8888888888888888,-0.04666754827373582,0.2222222222222222,1374.0,1491.0,1,1,3,0,0,0,1,0,0
49453,ZA7,Gauteng,ZA8,Mpumalanga,2020-06-27,2020-06-28,19,19,19,2957558.39416518,1182174.0603090948,607200,38.66152133085854,96.72324134178696,532.6315789473684,532.6315789473684,1.0,20200627,20200628,0.22703936886350948,0.7223349844212468,0.050625646715243805,0.5123439321519871,14760167.0,0.30219785415266165,0.6444398558234767,0.053362290023861565,0.4955341209781855,4547481.0,0.6706237180439658,1.0,0.0523010419666447,0.4444444444444444,2941.0,90.0,1,1,3,0,0,0,1,0,0
49454,ZA1,Western Cape,,,2020-06-27,2020-06-28,1,1,1,1275474.4133892187,1275474.4133892187,105568,792.543056915873,792.543056915873,1759.4666666666667,1759.4666666666667,1.0,20200627,20200628,0.24146430881004144,0.6902282722160927,0.06830741897386587,0.4994387746892386,6898299.0,,,,,,0.48495156727992644,0.8888888888888888,,,1374.0,,1,1,3,0,0,0,1,0,0
49455,ZA7,Gauteng,ZA1,Western Cape,2020-06-27,2020-06-28,3,3,3,5214747.619353818,3853765.1551263584,287800,798.2062163478532,1080.0979818182268,1598.888888888889,1598.888888888889,1.0,20200627,20200628,0.22703936886350948,0.7223349844212468,0.050625646715243805,0.5123439321519871,14760167.0,0.24146430881004144,0.6902282722160927,0.06830741897386587,0.4994387746892386,6898299.0,0.6706237180439658,1.0,0.48495156727992644,0.8888888888888888,2941.0,1130.0,1,1,3,0,0,0,1,0,0
49456,ZA3,Nothern Cape,ZA7,Gauteng,2020-06-27,2020-06-28,2,2,2,1753773.3151173196,1387006.7881549746,172806,430.9230307985659,544.8721078642352,1440.05,1440.05,1.0,20200627,20200628,0.2905180543789262,0.6449880916225764,0.06449385399849747,0.5008080113808923,1251220.0,0.22703936886350948,0.7223349844212468,0.050625646715243805,0.5123439321519871,14760167.0,0.09958456723393624,0.6666666666666666,0.6706237180439658,1.0,18.0,2610.0,1,1,3,0,0,0,1,0,0
49457,ZA8,Mpumalanga,ZA6,North West,2020-06-27,2020-06-27,8,8,8,4329968.508568175,2112888.789167171,155135,164.11102824871273,336.31471181488973,323.1979166666667,323.1979166666667,1.0,20200627,20200627,0.30219785415266165,0.6444398558234767,0.053362290023861565,0.4955341209781855,4547481.0,0.2828745421867569,0.6531826641385288,0.0639427936747143,0.5169154144355026,3885864.0,0.0523010419666447,0.4444444444444444,-0.04677388157695324,0.1111111111111111,70.0,236.0,1,1,3,0,0,0,1,0,0
49458,ZA1,Western Cape,ZA7,Gauteng,2020-06-27,2020-06-28,5,5,5,11667572.62842156,6695356.339799593,264197,832.0603102630131,1449.978702927598,880.6566666666666,880.6566666666666,1.0,20200627,20200628,0.24146430881004144,0.6902282722160927,0.06830741897386587,0.4994387746892386,6898299.0,0.22703936886350948,0.7223349844212468,0.050625646715243805,0.5123439321519871,14760167.0,0.48495156727992644,0.8888888888888888,0.6706237180439658,1.0,1374.0,2610.0,1,1,3,0,0,0,1,0,0
49459,ZA2,Eastern Cape,ZA7,Gauteng,2020-06-27,2020-06-27,7,7,5,12965224.939973302,5652276.297538961,19683,702.4323323713216,1611.2434557152856,46.864285714285714,65.61,1.4,20200627,20200627,0.32240858903092945,0.600977358291188,0.07661405267788246,0.47559015644122027,6510816.0,0.22703936886350948,0.7223349844212468,0.050625646715243805,0.5123439321519871,14760167.0,-0.04666754827373582,0.2222222222222222,0.6706237180439658,1.0,1720.0,2941.0,1,1,3,0,0,0,1,0,0
49460,ZA6,North West,ZA6,North West,2020-06-27,2020-06-29,1,1,1,7787.521595107237,7787.521595107237,172800,4.838941578125769,4.838941578125769,2880.0,2880.0,1.0,20200627,20200629,0.2828745421867569,0.6531826641385288,0.0639427936747143,0.5169154144355026,3885864.0,0.2828745421867569,0.6531826641385288,0.0639427936747143,0.5169154144355026,3885864.0,-0.04677388157695324,0.1111111111111111,-0.04677388157695324,0.1111111111111111,236.0,284.0,1,1,3,0,0,0,1,0,0
49461,ZA9,Limpopo,ZA6,North West,2020-06-27,2020-06-28,4,4,4,1207844.8690984424,543808.3415408487,167338,84.47670938296112,187.63000158736145,697.2416666666667,697.2416666666667,1.0,20200627,20200628,0.3322212084583728,0.5982309127294063,0.06954787881222096,0.47107489302560024,5527257.0,0.2828745421867569,0.6531826641385288,0.0639427936747143,0.5169154144355026,3885864.0,-0.020299216875639643,0.3333333333333333,-0.04677388157695324,0.1111111111111111,64.0,193.0,1,1,3,0,0,0,1,0,0
49462,ZA3,Nothern Cape,ZA2,Eastern Cape,2020-06-27,2020-06-27,2,2,2,2409091.98327791,860691.8418570632,42051,267.4045579618351,748.4701789293991,350.425,350.425,1.0,20200627,20200627,0.2905180543789262,0.6449880916225764,0.06449385399849747,0.5008080113808923,1251220.0,0.32240858903092945,0.600977358291188,0.07661405267788246,0.47559015644122027,6510816.0,0.09958456723393624,0.6666666666666666,-0.04666754827373582,0.2222222222222222,18.0,1720.0,1,1,3,0,0,0,1,0,0
49463,ZA1,Western Cape,ZA2,Eastern Cape,2020-06-27,2020-06-28,9,9,9,6263179.27774026,3871282.447705445,685250,267.2781544464663,432.4176861117366,1268.9814814814815,1268.9814814814815,1.0,20200627,20200628,0.24146430881004144,0.6902282722160927,0.06830741897386587,0.4994387746892386,6898299.0,0.32240858903092945,0.600977358291188,0.07661405267788246,0.47559015644122027,6510816.0,0.48495156727992644,0.8888888888888888,-0.04666754827373582,0.2222222222222222,1374.0,1441.0,1,1,3,0,0,0,1,0,0
49464,ZA5,KwaZulu-Natal,,,2020-06-27,2020-06-27,20,20,20,1221456.692080594,672188.3760463498,384262,20.88392463159989,37.94890005121944,320.2183333333333,320.2183333333333,1.0,20200627,20200627,0.3109682093283005,0.6320226943362347,0.05700909633546477,0.4797594466393526,10418811.0,,,,,,0.07735186107982292,0.5555555555555556,,,696.0,,1,1,3,0,0,0,1,0,0
49465,ZA6,North West,ZA1,Western Cape,2020-06-27,2020-06-27,1,1,1,1882497.3734651755,922256.7820528578,484,573.0637962131512,1169.7296373337056,8.066666666666666,8.066666666666666,1.0,20200627,20200627,0.2828745421867569,0.6531826641385288,0.0639427936747143,0.5169154144355026,3885864.0,0.24146430881004144,0.6902282722160927,0.06830741897386587,0.4994387746892386,6898299.0,-0.04677388157695324,0.1111111111111111,0.48495156727992644,0.8888888888888888,236.0,1374.0,1,1,3,0,0,0,1,0,0
49466,ZA6,North West,ZA7,Gauteng,2020-06-27,2020-06-29,2,2,2,660006.9129809419,298401.2283631902,327651,92.70896351656022,205.0546412019251,2730.425,2730.425,1.0,20200627,20200629,0.2828745421867569,0.6531826641385288,0.0639427936747143,0.5169154144355026,3885864.0,0.22703936886350948,0.7223349844212468,0.050625646715243805,0.5123439321519871,14760167.0,-0.04677388157695324,0.1111111111111111,0.6706237180439658,1.0,236.0,2946.0,1,1,3,0,0,0,1,0,0
49467,ZA8,Mpumalanga,ZA5,KwaZulu-Natal,2020-06-27,2020-06-28,5,5,5,2069556.980581388,1349334.4521106686,157238,167.6875114469832,257.1926176853908,524.1266666666667,524.1266666666667,1.0,20200627,20200628,0.30219785415266165,0.6444398558234767,0.053362290023861565,0.4955341209781855,4547481.0,0.3109682093283005,0.6320226943362347,0.05700909633546477,0.4797594466393526,10418811.0,0.0523010419666447,0.4444444444444444,0.07735186107982292,0.5555555555555556,70.0,647.0,1,1,3,0,0,0,1,0,0
49468,ZA2,Eastern Cape,ZA7,Gauteng,2020-06-27,2020-06-28,4,4,4,6917449.590095257,3446983.4906589743,236950,535.4640603032935,1074.5759747597867,987.2916666666666,987.2916666666666,1.0,20200627,20200628,0.32240858903092945,0.600977358291188,0.07661405267788246,0.47559015644122027,6510816.0,0.22703936886350948,0.7223349844212468,0.050625646715243805,0.5123439321519871,14760167.0,-0.04666754827373582,0.2222222222222222,0.6706237180439658,1.0,1720.0,2610.0,1,1,3,0,0,0,1,0,0
49469,ZA1,Western Cape,,,2020-06-27,2020-06-27,6,5,5,1084966.252145426,924607.491037022,73509,114.9048918114489,134.83335472657504,204.19166666666663,245.03,1.2,20200627,20200627,0.24146430881004144,0.6902282722160927,0.06830741897386587,0.4994387746892386,6898299.0,,,,,,0.48495156727992644,0.8888888888888888,,,1374.0,,1,1,3,0,0,0,1,0,0
49470,ZA5,KwaZulu-Natal,ZA4,Free State,2020-06-27,2020-06-28,2,2,2,910162.113892102,910162.113892102,147880,282.7742589191938,282.7742589191938,1232.3333333333333,1232.3333333333333,1.0,20200627,20200628,0.3109682093283005,0.6320226943362347,0.05700909633546477,0.4797594466393526,10418811.0,0.28114593899768064,0.6555271573171474,0.06332690368517199,0.4905192097314189,2663702.0,0.07735186107982292,0.5555555555555556,0.2248492570676798,0.7777777777777778,696.0,119.0,1,1,3,0,0,0,1,0,0
49471,ZA6,North West,ZA6,North West,2020-06-27,2020-06-30,2,2,2,108852.56676268716,108049.28854982066,481689,33.56935762329889,33.81892459371246,4014.075,4014.075,1.0,20200627,20200630,0.2828745421867569,0.6531826641385288,0.0639427936747143,0.5169154144355026,3885864.0,0.2828745421867569,0.6531826641385288,0.0639427936747143,0.5169154144355026,3885864.0,-0.04677388157695324,0.1111111111111111,-0.04677388157695324,0.1111111111111111,236.0,256.0,1,1,3,0,0,0,1,0,0
49472,ZA2,Eastern Cape,,,2020-06-27,2020-06-28,1,1,1,404084.68876473466,201969.8881417662,111901,125.49827019069023,251.0865848225952,1865.0166666666669,1865.0166666666669,1.0,20200627,20200628,0.32240858903092945,0.600977358291188,0.07661405267788246,0.47559015644122027,6510816.0,,,,,,-0.04666754827373582,0.2222222222222222,,,1720.0,,1,1,3,0,0,0,1,0,0
49473,ZA6,North West,ZA8,Mpumalanga,2020-06-27,2020-06-30,2,2,2,1554280.7265783064,634782.80308735,533176,197.2178735830717,482.892634072736,4443.133333333333,4443.133333333333,1.0,20200627,20200630,0.2828745421867569,0.6531826641385288,0.0639427936747143,0.5169154144355026,3885864.0,0.30219785415266165,0.6444398558234767,0.053362290023861565,0.4955341209781855,4547481.0,-0.04677388157695324,0.1111111111111111,0.0523010419666447,0.4444444444444444,236.0,101.0,1,1,3,0,0,0,1,0,0
49474,ZA9,Limpopo,ZA5,KwaZulu-Natal,2020-06-27,2020-06-27,2,2,2,4248064.454029447,1536618.017797358,6007,477.4050848660565,1319.8124372506584,50.05833333333333,50.05833333333333,1.0,20200627,20200627,0.3322212084583728,0.5982309127294063,0.06954787881222096,0.47107489302560024,5527257.0,0.3109682093283005,0.6320226943362347,0.05700909633546477,0.4797594466393526,10418811.0,-0.020299216875639643,0.3333333333333333,0.07735186107982292,0.5555555555555556,64.0,696.0,1,1,3,0,0,0,1,0,0
49475,ZA9,Limpopo,ZA1,Western Cape,2020-06-27,2020-06-28,1,1,1,3601268.0683656363,1686079.9971341991,85329,1047.681538026798,2237.724233206596,1422.15,1422.15,1.0,20200627,20200628,0.3322212084583728,0.5982309127294063,0.06954787881222096,0.47107489302560024,5527257.0,0.24146430881004144,0.6902282722160927,0.06830741897386587,0.4994387746892386,6898299.0,-0.020299216875639643,0.3333333333333333,0.48495156727992644,0.8888888888888888,64.0,1130.0,1,1,3,0,0,0,1,0,0
49476,ZA2,Eastern Cape,ZA9,Limpopo,2020-06-27,2020-06-27,1,1,1,1960058.3269016177,872359.0983356473,303,542.0588129919067,1217.9237794415722,5.05,5.05,1.0,20200627,20200627,0.32240858903092945,0.600977358291188,0.07661405267788246,0.47559015644122027,6510816.0,0.3322212084583728,0.5982309127294063,0.06954787881222096,0.47107489302560024,5527257.0,-0.04666754827373582,0.2222222222222222,-0.020299216875639643,0.3333333333333333,1720.0,64.0,1,1,3,0,0,0,1,0,0
49477,ZA7,Gauteng,ZA8,Mpumalanga,2020-06-27,2020-06-30,2,2,2,474319.4493177516,468950.81613452337,613696,145.6962638610898,147.3642208619635,5114.133333333333,5114.133333333333,1.0,20200627,20200630,0.22703936886350948,0.7223349844212468,0.050625646715243805,0.5123439321519871,14760167.0,0.30219785415266165,0.6444398558234767,0.053362290023861565,0.4955341209781855,4547481.0,0.6706237180439658,1.0,0.0523010419666447,0.4444444444444444,2941.0,101.0,1,1,3,0,0,0,1,0,0
49478,ZA5,KwaZulu-Natal,ZA2,Eastern Cape,2020-06-27,2020-06-28,1,1,1,212654.11972360208,71668.14493533199,14767,44.53252066390529,132.13714390683538,246.11666666666667,246.11666666666667,1.0,20200627,20200628,0.3109682093283005,0.6320226943362347,0.05700909633546477,0.4797594466393526,10418811.0,0.32240858903092945,0.600977358291188,0.07661405267788246,0.47559015644122027,6510816.0,0.07735186107982292,0.5555555555555556,-0.04666754827373582,0.2222222222222222,696.0,1441.0,1,1,3,0,0,0,1,0,0
49479,ZA9,Limpopo,ZA6,North West,2020-06-27,2020-06-27,14,14,14,3443015.5622842503,1459270.521379955,155127,64.76776169047562,152.81362034487566,184.675,184.675,1.0,20200627,20200627,0.3322212084583728,0.5982309127294063,0.06954787881222096,0.47107489302560024,5527257.0,0.2828745421867569,0.6531826641385288,0.0639427936747143,0.5169154144355026,3885864.0,-0.020299216875639643,0.3333333333333333,-0.04677388157695324,0.1111111111111111,64.0,236.0,1,1,3,0,0,0,1,0,0
49480,ZA4,Free State,,,2020-06-27,2020-06-27,2,2,2,1267740.0216627084,840751.8968408263,7554,261.2095042578921,393.8685643537704,62.95,62.95,1.0,20200627,20200627,0.28114593899768064,0.6555271573171474,0.06332690368517199,0.4905192097314189,2663702.0,,,,,,0.2248492570676798,0.7777777777777778,,,91.0,,1,1,3,0,0,0,1,0,0
49481,ZA5,KwaZulu-Natal,ZA5,KwaZulu-Natal,2020-06-27,2020-06-30,1,1,1,14436.343767901935,8820.782870049823,277404,5.480980368429511,8.970328138609233,4623.4,4623.4,1.0,20200627,20200630,0.3109682093283005,0.6320226943362347,0.05700909633546477,0.4797594466393526,10418811.0,0.3109682093283005,0.6320226943362347,0.05700909633546477,0.4797594466393526,10418811.0,0.07735186107982292,0.5555555555555556,0.07735186107982292,0.5555555555555556,696.0,633.0,1,1,3,0,0,0,1,0,0
49482,ZA4,Free State,,,2020-06-27,2020-06-28,2,2,2,2201356.9789018417,832391.7134859418,40849,258.61211570861843,683.9299052601065,340.40833333333336,340.40833333333336,1.0,20200627,20200628,0.28114593899768064,0.6555271573171474,0.06332690368517199,0.4905192097314189,2663702.0,,,,,,0.2248492570676798,0.7777777777777778,,,91.0,,1,1,3,0,0,0,1,0,0
49484,ZA5,KwaZulu-Natal,ZA8,Mpumalanga,2020-06-27,2020-06-28,5,5,5,866046.1237899575,228212.805041418,302686,28.360972550482423,107.62722249437752,1008.9533333333331,1008.9533333333331,1.0,20200627,20200628,0.3109682093283005,0.6320226943362347,0.05700909633546477,0.4797594466393526,10418811.0,0.30219785415266165,0.6444398558234767,0.053362290023861565,0.4955341209781855,4547481.0,0.07735186107982292,0.5555555555555556,0.0523010419666447,0.4444444444444444,696.0,90.0,1,1,3,0,0,0,1,0,0
49485,ZA7,Gauteng,ZA7,Gauteng,2020-06-27,2020-06-30,2,2,2,1056690.0053722549,23346.80773786209,465612,7.25351687950559,328.2983642317164,3880.1,3880.1,1.0,20200627,20200630,0.22703936886350948,0.7223349844212468,0.050625646715243805,0.5123439321519871,14760167.0,0.22703936886350948,0.7223349844212468,0.050625646715243805,0.5123439321519871,14760167.0,0.6706237180439658,1.0,0.6706237180439658,1.0,2941.0,3040.0,1,1,3,0,0,0,1,0,0
49486,ZA8,Mpumalanga,ZA7,Gauteng,2020-06-27,2020-06-30,1,1,1,111412.18276584244,111411.33751461732,261583,69.22779562021377,69.22832083497526,4359.716666666666,4359.716666666666,1.0,20200627,20200630,0.30219785415266165,0.6444398558234767,0.053362290023861565,0.4955341209781855,4547481.0,0.22703936886350948,0.7223349844212468,0.050625646715243805,0.5123439321519871,14760167.0,0.0523010419666447,0.4444444444444444,0.6706237180439658,1.0,70.0,3040.0,1,1,3,0,0,0,1,0,0
49487,ZA7,Gauteng,ZA7,Gauteng,2020-06-27,2020-06-29,4,4,4,795833.8287166359,159910.8640027767,654549,24.841001054276884,123.62705374311456,2727.2875,2727.2875,1.0,20200627,20200629,0.22703936886350948,0.7223349844212468,0.050625646715243805,0.5123439321519871,14760167.0,0.22703936886350948,0.7223349844212468,0.050625646715243805,0.5123439321519871,14760167.0,0.6706237180439658,1.0,0.6706237180439658,1.0,2941.0,2946.0,1,1,3,0,0,0,1,0,0
49488,ZA9,Limpopo,ZA3,Nothern Cape,2020-06-27,2020-06-27,2,2,2,3308878.0417738687,1514587.6125352716,12810,470.56055527446944,1028.0207468924818,106.75,106.75,1.0,20200627,20200627,0.3322212084583728,0.5982309127294063,0.06954787881222096,0.47107489302560024,5527257.0,0.2905180543789262,0.6449880916225764,0.06449385399849747,0.5008080113808923,1251220.0,-0.020299216875639643,0.3333333333333333,0.09958456723393624,0.6666666666666666,64.0,18.0,1,1,3,0,0,0,1,0,0
49489,ZA1,Western Cape,ZA5,KwaZulu-Natal,2020-06-27,2020-06-27,3,3,3,6487584.954073009,3853724.787390202,68884,798.1978552317387,1343.7327992177784,382.68888888888887,382.68888888888887,1.0,20200627,20200627,0.24146430881004144,0.6902282722160927,0.06830741897386587,0.4994387746892386,6898299.0,0.3109682093283005,0.6320226943362347,0.05700909633546477,0.4797594466393526,10418811.0,0.48495156727992644,0.8888888888888888,0.07735186107982292,0.5555555555555556,1374.0,696.0,1,1,3,0,0,0,1,0,0
49490,ZA7,Gauteng,ZA6,North West,2020-06-27,2020-06-30,2,2,2,566003.9135193488,286487.7482045155,518216,89.00761683161446,175.84926327725734,4318.466666666666,4318.466666666666,1.0,20200627,20200630,0.22703936886350948,0.7223349844212468,0.050625646715243805,0.5123439321519871,14760167.0,0.2828745421867569,0.6531826641385288,0.0639427936747143,0.5169154144355026,3885864.0,0.6706237180439658,1.0,-0.04677388157695324,0.1111111111111111,2941.0,256.0,1,1,3,0,0,0,1,0,0
49491,ZA2,Eastern Cape,ZA8,Mpumalanga,2020-06-27,2020-06-27,1,1,1,646777.4083907917,643042.2390071572,31655,399.5679227108419,401.8888493639593,527.5833333333334,527.5833333333334,1.0,20200627,20200627,0.32240858903092945,0.600977358291188,0.07661405267788246,0.47559015644122027,6510816.0,0.30219785415266165,0.6444398558234767,0.053362290023861565,0.4955341209781855,4547481.0,-0.04666754827373582,0.2222222222222222,0.0523010419666447,0.4444444444444444,1720.0,70.0,1,1,3,0,0,0,1,0,0
49492,ZA3,Nothern Cape,ZA6,North West,2020-06-27,2020-06-28,4,4,4,2666969.308787695,1238385.1372521212,264888,192.37421229583623,414.2944747654472,1103.7,1103.7,1.0,20200627,20200628,0.2905180543789262,0.6449880916225764,0.06449385399849747,0.5008080113808923,1251220.0,0.2828745421867569,0.6531826641385288,0.0639427936747143,0.5169154144355026,3885864.0,0.09958456723393624,0.6666666666666666,-0.04677388157695324,0.1111111111111111,18.0,193.0,1,1,3,0,0,0,1,0,0
49493,ZA3,Nothern Cape,ZA3,Nothern Cape,2020-06-27,2020-06-30,1,1,1,796646.650894176,338.9102226174864,268639,0.2105890490892477,495.0132792579933,4477.316666666667,4477.316666666667,1.0,20200627,20200630,0.2905180543789262,0.6449880916225764,0.06449385399849747,0.5008080113808923,1251220.0,0.2905180543789262,0.6449880916225764,0.06449385399849747,0.5008080113808923,1251220.0,0.09958456723393624,0.6666666666666666,0.09958456723393624,0.6666666666666666,18.0,61.0,1,1,3,0,0,0,1,0,0
49494,ZA5,KwaZulu-Natal,ZA7,Gauteng,2020-06-27,2020-06-28,6,6,6,4066908.687163075,2999154.601860584,478862,310.59804511036623,421.1766499438151,1330.1722222222222,1330.1722222222222,1.0,20200627,20200628,0.3109682093283005,0.6320226943362347,0.05700909633546477,0.4797594466393526,10418811.0,0.22703936886350948,0.7223349844212468,0.050625646715243805,0.5123439321519871,14760167.0,0.07735186107982292,0.5555555555555556,0.6706237180439658,1.0,696.0,2610.0,1,1,3,0,0,0,1,0,0
49495,ZA1,Western Cape,ZA7,Gauteng,2020-06-27,2020-06-29,2,2,2,2525212.779600177,2519572.1679349206,359972,782.7947809588629,784.547237756557,2999.766666666667,2999.766666666667,1.0,20200627,20200629,0.24146430881004144,0.6902282722160927,0.06830741897386587,0.4994387746892386,6898299.0,0.22703936886350948,0.7223349844212468,0.050625646715243805,0.5123439321519871,14760167.0,0.48495156727992644,0.8888888888888888,0.6706237180439658,1.0,1374.0,2946.0,1,1,3,0,0,0,1,0,0
49496,ZA8,Mpumalanga,ZA8,Mpumalanga,2020-06-27,2020-06-30,1,1,1,316216.4613370049,2618.9083483774493,260026,1.6273142027916028,196.48779958604555,4333.766666666666,4333.766666666666,1.0,20200627,20200630,0.30219785415266165,0.6444398558234767,0.053362290023861565,0.4955341209781855,4547481.0,0.30219785415266165,0.6444398558234767,0.053362290023861565,0.4955341209781855,4547481.0,0.0523010419666447,0.4444444444444444,0.0523010419666447,0.4444444444444444,70.0,101.0,1,1,3,0,0,0,1,0,0
49497,ZA6,North West,ZA9,Limpopo,2020-06-27,2020-06-29,2,2,2,1328875.7392634987,468521.6390756171,302532,145.56292473070303,412.8625512207144,2521.1,2521.1,1.0,20200627,20200629,0.2828745421867569,0.6531826641385288,0.0639427936747143,0.5169154144355026,3885864.0,0.3322212084583728,0.5982309127294063,0.06954787881222096,0.47107489302560024,5527257.0,-0.04677388157695324,0.1111111111111111,-0.020299216875639643,0.3333333333333333,236.0,76.0,1,1,3,0,0,0,1,0,0
49499,ZA6,North West,ZA3,Nothern Cape,2020-06-27,2020-06-29,2,2,2,714674.8504110649,430195.70677609206,413149,133.6556096074214,222.03918193098085,3442.9083333333333,3442.9083333333333,1.0,20200627,20200629,0.2828745421867569,0.6531826641385288,0.0639427936747143,0.5169154144355026,3885864.0,0.2905180543789262,0.6449880916225764,0.06449385399849747,0.5008080113808923,1251220.0,-0.04677388157695324,0.1111111111111111,0.09958456723393624,0.6666666666666666,236.0,19.0,1,1,3,0,0,0,1,0,0
49500,ZA7,Gauteng,ZA4,Free State,2020-06-27,2020-06-30,1,1,1,152968.89287821867,82240.21115052709,219193,51.1016980524531,95.05046334296377,3653.2166666666662,3653.2166666666662,1.0,20200627,20200630,0.22703936886350948,0.7223349844212468,0.050625646715243805,0.5123439321519871,14760167.0,0.28114593899768064,0.6555271573171474,0.06332690368517199,0.4905192097314189,2663702.0,0.6706237180439658,1.0,0.2248492570676798,0.7777777777777778,2941.0,137.0,1,1,3,0,0,0,1,0,0
49501,ZA3,Nothern Cape,ZA9,Limpopo,2020-06-27,2020-06-27,1,1,1,1275950.2977513117,634305.1056439028,966,394.13891973618,792.8387577493138,16.1,16.1,1.0,20200627,20200627,0.2905180543789262,0.6449880916225764,0.06449385399849747,0.5008080113808923,1251220.0,0.3322212084583728,0.5982309127294063,0.06954787881222096,0.47107489302560024,5527257.0,0.09958456723393624,0.6666666666666666,-0.020299216875639643,0.3333333333333333,18.0,64.0,1,1,3,0,0,0,1,0,0
49502,ZA6,North West,ZA7,Gauteng,2020-06-27,2020-06-30,1,1,1,219546.5783852259,92717.6838956213,296324,57.61209778370647,136.4199191628551,4938.733333333334,4938.733333333334,1.0,20200627,20200630,0.2828745421867569,0.6531826641385288,0.0639427936747143,0.5169154144355026,3885864.0,0.22703936886350948,0.7223349844212468,0.050625646715243805,0.5123439321519871,14760167.0,-0.04677388157695324,0.1111111111111111,0.6706237180439658,1.0,236.0,3040.0,1,1,3,0,0,0,1,0,0
49503,ZA3,Nothern Cape,ZA8,Mpumalanga,2020-06-27,2020-06-27,2,2,2,2162571.062647609,1310799.3356072204,50774,407.2464729750819,671.8796797476515,423.1166666666667,423.1166666666667,1.0,20200627,20200627,0.2905180543789262,0.6449880916225764,0.06449385399849747,0.5008080113808923,1251220.0,0.30219785415266165,0.6444398558234767,0.053362290023861565,0.4955341209781855,4547481.0,0.09958456723393624,0.6666666666666666,0.0523010419666447,0.4444444444444444,18.0,70.0,1,1,3,0,0,0,1,0,0
49504,ZA5,KwaZulu-Natal,ZA3,Nothern Cape,2020-06-27,2020-06-28,1,1,1,3430670.168062182,1198824.8190755297,45490,744.9152071126679,2131.719612501853,758.1666666666666,758.1666666666666,1.0,20200627,20200628,0.3109682093283005,0.6320226943362347,0.05700909633546477,0.4797594466393526,10418811.0,0.2905180543789262,0.6449880916225764,0.06449385399849747,0.5008080113808923,1251220.0,0.07735186107982292,0.5555555555555556,0.09958456723393624,0.6666666666666666,696.0,30.0,1,1,3,0,0,0,1,0,0
49505,ZA6,North West,ZA5,KwaZulu-Natal,2020-06-27,2020-06-27,1,1,1,583324.169302079,583170.5012717329,31203,362.3653496528603,362.4608345400853,520.05,520.05,1.0,20200627,20200627,0.2828745421867569,0.6531826641385288,0.0639427936747143,0.5169154144355026,3885864.0,0.3109682093283005,0.6320226943362347,0.05700909633546477,0.4797594466393526,10418811.0,-0.04677388157695324,0.1111111111111111,0.07735186107982292,0.5555555555555556,236.0,696.0,1,1,3,0,0,0,1,0,0
49506,ZA8,Mpumalanga,ZA1,Western Cape,2020-06-27,2020-06-29,1,1,1,1454772.9152272444,1454772.9152272444,222384,903.9539807693347,903.9539807693347,3706.4,3706.4,1.0,20200627,20200629,0.30219785415266165,0.6444398558234767,0.053362290023861565,0.4955341209781855,4547481.0,0.24146430881004144,0.6902282722160927,0.06830741897386587,0.4994387746892386,6898299.0,0.0523010419666447,0.4444444444444444,0.48495156727992644,0.8888888888888888,70.0,930.0,1,1,3,0,0,0,1,0,0
49507,ZA8,Mpumalanga,ZA3,Nothern Cape,2020-06-27,2020-06-28,1,1,1,2909229.3386582965,1117920.960591988,67308,694.6438801101492,1807.711302653936,1121.8,1121.8,1.0,20200627,20200628,0.30219785415266165,0.6444398558234767,0.053362290023861565,0.4955341209781855,4547481.0,0.2905180543789262,0.6449880916225764,0.06449385399849747,0.5008080113808923,1251220.0,0.0523010419666447,0.4444444444444444,0.09958456723393624,0.6666666666666666,70.0,30.0,1,1,3,0,0,0,1,0,0
49508,ZA3,Nothern Cape,ZA7,Gauteng,2020-06-27,2020-06-29,1,1,1,942993.5479916532,467520.8373813589,165965,290.5039801194517,585.9490251876872,2766.083333333333,2766.083333333333,1.0,20200627,20200629,0.2905180543789262,0.6449880916225764,0.06449385399849747,0.5008080113808923,1251220.0,0.22703936886350948,0.7223349844212468,0.050625646715243805,0.5123439321519871,14760167.0,0.09958456723393624,0.6666666666666666,0.6706237180439658,1.0,18.0,2946.0,1,1,3,0,0,0,1,0,0
49509,ZA2,Eastern Cape,ZA5,KwaZulu-Natal,2020-06-27,2020-06-28,4,4,4,541891.6685796196,232581.4908819487,147264,36.12985957041328,84.17896804219912,613.6,613.6,1.0,20200627,20200628,0.32240858903092945,0.600977358291188,0.07661405267788246,0.47559015644122027,6510816.0,0.3109682093283005,0.6320226943362347,0.05700909633546477,0.4797594466393526,10418811.0,-0.04666754827373582,0.2222222222222222,0.07735186107982292,0.5555555555555556,1720.0,647.0,1,1,3,0,0,0,1,0,0
49510,ZA7,Gauteng,ZA3,Nothern Cape,2020-06-27,2020-06-28,1,1,1,2887777.9972013487,837610.5073645225,39848,520.4670395916115,1794.3820570377425,664.1333333333333,664.1333333333333,1.0,20200627,20200628,0.22703936886350948,0.7223349844212468,0.050625646715243805,0.5123439321519871,14760167.0,0.2905180543789262,0.6449880916225764,0.06449385399849747,0.5008080113808923,1251220.0,0.6706237180439658,1.0,0.09958456723393624,0.6666666666666666,2941.0,30.0,1,1,3,0,0,0,1,0,0
49511,ZA1,Western Cape,ZA2,Eastern Cape,2020-06-27,2020-06-29,4,4,4,2183771.239862008,2068314.0712280828,720927,321.29769509006195,339.23313472166416,3003.8625,3003.8625,1.0,20200627,20200629,0.24146430881004144,0.6902282722160927,0.06830741897386587,0.4994387746892386,6898299.0,0.32240858903092945,0.600977358291188,0.07661405267788246,0.47559015644122027,6510816.0,0.48495156727992644,0.8888888888888888,-0.04666754827373582,0.2222222222222222,1374.0,1096.0,1,1,3,0,0,0,1,0,0
49512,ZA3,Nothern Cape,,,2020-06-27,2020-06-29,1,1,1,155434.4548111958,155432.12829869997,135870,96.58104687294946,96.58249250079275,2264.5,2264.5,1.0,20200627,20200629,0.2905180543789262,0.6449880916225764,0.06449385399849747,0.5008080113808923,1251220.0,,,,,,0.09958456723393624,0.6666666666666666,,,18.0,,1,1,3,0,0,0,1,0,0
49513,ZA3,Nothern Cape,ZA3,Nothern Cape,2020-06-27,2020-06-29,1,1,1,58011.26194241198,10256.185729417848,170186,6.372898354495899,36.04652699634881,2836.4333333333334,2836.4333333333334,1.0,20200627,20200629,0.2905180543789262,0.6449880916225764,0.06449385399849747,0.5008080113808923,1251220.0,0.2905180543789262,0.6449880916225764,0.06449385399849747,0.5008080113808923,1251220.0,0.09958456723393624,0.6666666666666666,0.09958456723393624,0.6666666666666666,18.0,19.0,1,1,3,0,0,0,1,0,0
49514,ZA1,Western Cape,ZA6,North West,2020-06-27,2020-06-27,1,1,1,1882497.3734651755,960234.2643267344,3597,596.6619096518423,1169.7296373337056,59.95,59.95,1.0,20200627,20200627,0.24146430881004144,0.6902282722160927,0.06830741897386587,0.4994387746892386,6898299.0,0.2828745421867569,0.6531826641385288,0.0639427936747143,0.5169154144355026,3885864.0,0.48495156727992644,0.8888888888888888,-0.04677388157695324,0.1111111111111111,1374.0,236.0,1,1,3,0,0,0,1,0,0
49515,ZA6,North West,ZA1,Western Cape,2020-06-27,2020-06-28,1,1,1,1114915.7163245974,1114915.7163245974,85085,692.7765078967562,692.7765078967562,1418.0833333333333,1418.0833333333333,1.0,20200627,20200628,0.2828745421867569,0.6531826641385288,0.0639427936747143,0.5169154144355026,3885864.0,0.24146430881004144,0.6902282722160927,0.06830741897386587,0.4994387746892386,6898299.0,-0.04677388157695324,0.1111111111111111,0.48495156727992644,0.8888888888888888,236.0,1130.0,1,1,3,0,0,0,1,0,0
49516,ZA4,Free State,ZA7,Gauteng,2020-06-27,2020-06-30,1,1,1,438500.41518895695,335088.0272647332,230204,208.2140470059435,272.47152578252815,3836.733333333333,3836.733333333333,1.0,20200627,20200630,0.28114593899768064,0.6555271573171474,0.06332690368517199,0.4905192097314189,2663702.0,0.22703936886350948,0.7223349844212468,0.050625646715243805,0.5123439321519871,14760167.0,0.2248492570676798,0.7777777777777778,0.6706237180439658,1.0,91.0,3040.0,1,1,3,0,0,0,1,0,0
49517,ZA6,North West,ZA4,Free State,2020-06-27,2020-06-29,1,1,1,324013.27193401475,324013.27193401475,121347,201.33251308235825,201.33251308235825,2022.45,2022.45,1.0,20200627,20200629,0.2828745421867569,0.6531826641385288,0.0639427936747143,0.5169154144355026,3885864.0,0.28114593899768064,0.6555271573171474,0.06332690368517199,0.4905192097314189,2663702.0,-0.04677388157695324,0.1111111111111111,0.2248492570676798,0.7777777777777778,236.0,98.0,1,1,3,0,0,0,1,0,0
49518,ZA5,KwaZulu-Natal,ZA8,Mpumalanga,2020-06-27,2020-06-30,1,1,1,586495.3754937105,490490.251560648,285650,304.7765123930297,364.4313307122097,4760.833333333333,4760.833333333333,1.0,20200627,20200630,0.3109682093283005,0.6320226943362347,0.05700909633546477,0.4797594466393526,10418811.0,0.30219785415266165,0.6444398558234767,0.053362290023861565,0.4955341209781855,4547481.0,0.07735186107982292,0.5555555555555556,0.0523010419666447,0.4444444444444444,696.0,101.0,1,1,3,0,0,0,1,0,0
49519,ZA5,KwaZulu-Natal,ZA1,Western Cape,2020-06-27,2020-06-29,1,1,1,1261216.6111721497,1231768.8527807293,193888,765.3856806131748,783.6836693535687,3231.4666666666667,3231.4666666666667,1.0,20200627,20200629,0.3109682093283005,0.6320226943362347,0.05700909633546477,0.4797594466393526,10418811.0,0.24146430881004144,0.6902282722160927,0.06830741897386587,0.4994387746892386,6898299.0,0.07735186107982292,0.5555555555555556,0.48495156727992644,0.8888888888888888,696.0,930.0,1,1,3,0,0,0,1,0,0
49520,ZA7,Gauteng,ZA3,Nothern Cape,2020-06-27,2020-06-29,1,1,1,1304818.3666790563,634822.5809195006,180439,394.46046396513145,810.7765441565361,3007.3166666666666,3007.3166666666666,1.0,20200627,20200629,0.22703936886350948,0.7223349844212468,0.050625646715243805,0.5123439321519871,14760167.0,0.2905180543789262,0.6449880916225764,0.06449385399849747,0.5008080113808923,1251220.0,0.6706237180439658,1.0,0.09958456723393624,0.6666666666666666,2941.0,19.0,1,1,3,0,0,0,1,0,0
49521,ZA9,Limpopo,ZA4,Free State,2020-06-27,2020-06-27,1,1,1,1239430.6956373665,619710.1711877559,371,385.0700479125382,770.1465290437385,6.183333333333334,6.183333333333334,1.0,20200627,20200627,0.3322212084583728,0.5982309127294063,0.06954787881222096,0.47107489302560024,5527257.0,0.28114593899768064,0.6555271573171474,0.06332690368517199,0.4905192097314189,2663702.0,-0.020299216875639643,0.3333333333333333,0.2248492570676798,0.7777777777777778,64.0,91.0,1,1,3,0,0,0,1,0,0
49522,ZA2,Eastern Cape,ZA1,Western Cape,2020-06-27,2020-06-29,1,1,1,790071.6942500328,790071.6942500328,101439,490.9277906091132,490.9277906091132,1690.65,1690.65,1.0,20200627,20200629,0.32240858903092945,0.600977358291188,0.07661405267788246,0.47559015644122027,6510816.0,0.24146430881004144,0.6902282722160927,0.06830741897386587,0.4994387746892386,6898299.0,-0.04666754827373582,0.2222222222222222,0.48495156727992644,0.8888888888888888,1720.0,930.0,1,1,3,0,0,0,1,0,0
49523,ZA6,North West,ZA8,Mpumalanga,2020-06-27,2020-06-28,1,1,1,438399.1102666729,175407.50017829542,91412,108.9931675131578,272.408577822189,1523.5333333333333,1523.5333333333333,1.0,20200627,20200628,0.2828745421867569,0.6531826641385288,0.0639427936747143,0.5169154144355026,3885864.0,0.30219785415266165,0.6444398558234767,0.053362290023861565,0.4955341209781855,4547481.0,-0.04677388157695324,0.1111111111111111,0.0523010419666447,0.4444444444444444,236.0,90.0,1,1,3,0,0,0,1,0,0
49524,ZA3,Nothern Cape,ZA9,Limpopo,2020-06-27,2020-06-28,1,1,1,1940506.1666144424,627102.4995541264,39593,389.6634278029597,1205.7746302931148,659.8833333333333,659.8833333333333,1.0,20200627,20200628,0.2905180543789262,0.6449880916225764,0.06449385399849747,0.5008080113808923,1251220.0,0.3322212084583728,0.5982309127294063,0.06954787881222096,0.47107489302560024,5527257.0,0.09958456723393624,0.6666666666666666,-0.020299216875639643,0.3333333333333333,18.0,73.0,1,1,3,0,0,0,1,0,0
49525,ZA4,Free State,ZA1,Western Cape,2020-06-27,2020-06-28,1,1,1,2337997.8933293256,1114278.4410455078,83054,692.380523396805,1452.764538426418,1384.2333333333331,1384.2333333333331,1.0,20200627,20200628,0.28114593899768064,0.6555271573171474,0.06332690368517199,0.4905192097314189,2663702.0,0.24146430881004144,0.6902282722160927,0.06830741897386587,0.4994387746892386,6898299.0,0.2248492570676798,0.7777777777777778,0.48495156727992644,0.8888888888888888,91.0,1130.0,1,1,3,0,0,0,1,0,0
49526,ZA9,Limpopo,ZA5,KwaZulu-Natal,2020-06-27,2020-06-28,3,3,3,3758226.157422491,2122334.43466745,213244,439.5858259985538,778.4178227117159,1184.6888888888889,1184.6888888888889,1.0,20200627,20200628,0.3322212084583728,0.5982309127294063,0.06954787881222096,0.47107489302560024,5527257.0,0.3109682093283005,0.6320226943362347,0.05700909633546477,0.4797594466393526,10418811.0,-0.020299216875639643,0.3333333333333333,0.07735186107982292,0.5555555555555556,64.0,647.0,1,1,3,0,0,0,1,0,0
49527,ZA8,Mpumalanga,ZA3,Nothern Cape,2020-06-27,2020-06-27,1,1,1,1431061.0414402613,715534.5320973741,43791,444.6125452963282,889.220105484136,729.85,729.85,1.0,20200627,20200627,0.30219785415266165,0.6444398558234767,0.053362290023861565,0.4955341209781855,4547481.0,0.2905180543789262,0.6449880916225764,0.06449385399849747,0.5008080113808923,1251220.0,0.0523010419666447,0.4444444444444444,0.09958456723393624,0.6666666666666666,70.0,18.0,1,1,3,0,0,0,1,0,0
49528,ZA8,Mpumalanga,,,2020-06-27,2020-06-28,1,1,1,373733.87644847593,373732.7170582001,59266,232.226743976552,232.22746438827,987.7666666666668,987.7666666666668,1.0,20200627,20200628,0.30219785415266165,0.6444398558234767,0.053362290023861565,0.4955341209781855,4547481.0,,,,,,0.0523010419666447,0.4444444444444444,,,70.0,,1,1,3,0,0,0,1,0,0
49529,ZA1,Western Cape,ZA3,Nothern Cape,2020-06-27,2020-06-28,1,1,1,147701.55251006002,67088.22740342646,36318,41.68669184675648,91.77748977848118,605.3,605.3,1.0,20200627,20200628,0.24146430881004144,0.6902282722160927,0.06830741897386587,0.4994387746892386,6898299.0,0.2905180543789262,0.6449880916225764,0.06449385399849747,0.5008080113808923,1251220.0,0.48495156727992644,0.8888888888888888,0.09958456723393624,0.6666666666666666,1374.0,30.0,1,1,3,0,0,0,1,0,0
49530,ZA8,Mpumalanga,ZA7,Gauteng,2020-06-27,2020-06-29,1,1,1,92616.99651842784,88551.79409765943,180086,55.02353387321755,57.54953354809651,3001.4333333333334,3001.4333333333334,1.0,20200627,20200629,0.30219785415266165,0.6444398558234767,0.053362290023861565,0.4955341209781855,4547481.0,0.22703936886350948,0.7223349844212468,0.050625646715243805,0.5123439321519871,14760167.0,0.0523010419666447,0.4444444444444444,0.6706237180439658,1.0,70.0,2946.0,1,1,3,0,0,0,1,0,0
49531,ZA9,Limpopo,ZA2,Eastern Cape,2020-06-27,2020-06-27,1,1,1,1960058.3269016177,872355.3670709514,146,542.0564944915142,1217.9237794415722,2.433333333333333,2.433333333333333,1.0,20200627,20200627,0.3322212084583728,0.5982309127294063,0.06954787881222096,0.47107489302560024,5527257.0,0.32240858903092945,0.600977358291188,0.07661405267788246,0.47559015644122027,6510816.0,-0.020299216875639643,0.3333333333333333,-0.04666754827373582,0.2222222222222222,64.0,1720.0,1,1,3,0,0,0,1,0,0
49532,ZA2,Eastern Cape,ZA4,Free State,2020-06-27,2020-06-28,1,1,1,2728994.4054525336,2083199.3701790865,73049,1294.440076316242,1695.718507325055,1217.4833333333331,1217.4833333333331,1.0,20200627,20200628,0.32240858903092945,0.600977358291188,0.07661405267788246,0.47559015644122027,6510816.0,0.28114593899768064,0.6555271573171474,0.06332690368517199,0.4905192097314189,2663702.0,-0.04666754827373582,0.2222222222222222,0.2248492570676798,0.7777777777777778,1720.0,119.0,1,1,3,0,0,0,1,0,0
49533,ZA1,Western Cape,ZA8,Mpumalanga,2020-06-27,2020-06-27,1,1,1,1623615.2550411113,1619500.857886837,26941,1006.3111788945292,1008.8677467596184,449.01666666666665,449.01666666666665,1.0,20200627,20200627,0.24146430881004144,0.6902282722160927,0.06830741897386587,0.4994387746892386,6898299.0,0.30219785415266165,0.6444398558234767,0.053362290023861565,0.4955341209781855,4547481.0,0.48495156727992644,0.8888888888888888,0.0523010419666447,0.4444444444444444,1374.0,70.0,1,1,3,0,0,0,1,0,0
