,admin1Pcod_1,admin1Name_1,admin1Pcod_2,admin1Name_2,local_date_1,local_date_2,trip_num,tour_num,id_num,tour_traj_distance,trip_traj_distance,time_range,trip_miles/person,miles/person,minutes/trip,minutes/person,trips/person,date_1,date_2,0_14_pct_1,15_64_pct_1,65p_pct_1,M_pct_1,Population_1,0_14_pct_2,15_64_pct_2,65p_pct_2,M_pct_2,Population_2,rwi_1,rwi_pctl_1,rwi_2,rwi_pctl_2,new_cases_1,new_cases_2,first_case,ban_travel,lockdown,lockdown_0,lockdown_1,lockdown_2,lockdown_3,lockdown_4,lockdown_5
96894,ZA7,Gauteng,ZA9,Limpopo,2020-11-19,2020-11-20,26,26,26,22697848.453355946,6459943.49769234,1233482,154.38549203641932,542.4534290263118,790.6935897435898,790.6935897435898,1.0,20201119,20201120,0.22703936886350948,0.7223349844212468,0.050625646715243805,0.5123439321519871,14760167.0,0.3322212084583728,0.5982309127294063,0.06954787881222096,0.47107489302560024,5527257.0,0.6706237180439658,1.0,-0.020299216875639643,0.3333333333333333,241.0,44.0,1,1,1,0,1,0,0,0,0
96895,ZA2,Eastern Cape,ZA1,Western Cape,2020-11-19,2020-11-20,5,5,5,7993267.811110433,3718648.137563013,223833,462.13216534973407,993.3572699323988,746.11,746.11,1.0,20201119,20201120,0.32240858903092945,0.600977358291188,0.07661405267788246,0.47559015644122027,6510816.0,0.24146430881004144,0.6902282722160927,0.06830741897386587,0.4994387746892386,6898299.0,-0.04666754827373582,0.2222222222222222,0.48495156727992644,0.8888888888888888,1121.0,569.0,1,1,1,0,1,0,0,0,0
96896,ZA7,Gauteng,ZA5,KwaZulu-Natal,2020-11-19,2020-11-19,98,98,98,99601898.05018188,47149164.55380669,2159207,298.9503325693175,631.528062658601,367.212074829932,367.212074829932,1.0,20201119,20201119,0.22703936886350948,0.7223349844212468,0.050625646715243805,0.5123439321519871,14760167.0,0.3109682093283005,0.6320226943362347,0.05700909633546477,0.4797594466393526,10418811.0,0.6706237180439658,1.0,0.07735186107982292,0.5555555555555556,241.0,156.0,1,1,1,0,1,0,0,0,0
96897,ZA1,Western Cape,ZA8,Mpumalanga,2020-11-19,2020-11-22,1,1,1,1615771.352227718,1398107.1291564233,236716,868.743493719443,1003.9937715166664,3945.266666666667,3945.266666666667,1.0,20201119,20201122,0.24146430881004144,0.6902282722160927,0.06830741897386587,0.4994387746892386,6898299.0,0.30219785415266165,0.6444398558234767,0.053362290023861565,0.4955341209781855,4547481.0,0.48495156727992644,0.8888888888888888,0.0523010419666447,0.4444444444444444,745.0,48.0,1,1,1,0,1,0,0,0,0
96898,ZA5,KwaZulu-Natal,ZA1,Western Cape,2020-11-19,2020-11-19,18,18,16,49250474.2232269,23364080.726181157,414413,907.3604185222812,1912.6766178962864,383.7157407407407,431.6802083333333,1.125,20201119,20201119,0.3109682093283005,0.6320226943362347,0.05700909633546477,0.4797594466393526,10418811.0,0.24146430881004144,0.6902282722160927,0.06830741897386587,0.4994387746892386,6898299.0,0.07735186107982292,0.5555555555555556,0.48495156727992644,0.8888888888888888,156.0,745.0,1,1,1,0,1,0,0,0,0
96899,ZA7,Gauteng,ZA2,Eastern Cape,2020-11-19,2020-11-19,25,25,24,43949934.31146698,20853697.775149766,596750,539.9119603792436,1137.8842950778644,397.8333333333333,414.40972222222223,1.0416666666666667,20201119,20201119,0.22703936886350948,0.7223349844212468,0.050625646715243805,0.5123439321519871,14760167.0,0.32240858903092945,0.600977358291188,0.07661405267788246,0.47559015644122027,6510816.0,0.6706237180439658,1.0,-0.04666754827373582,0.2222222222222222,241.0,1121.0,1,1,1,0,1,0,0,0,0
96900,ZA7,Gauteng,ZA5,KwaZulu-Natal,2020-11-19,2020-11-20,34,34,34,37424649.08512223,17845980.536006287,1652008,326.14641771477886,683.9587888554779,809.8078431372548,809.8078431372548,1.0,20201119,20201120,0.22703936886350948,0.7223349844212468,0.050625646715243805,0.5123439321519871,14760167.0,0.3109682093283005,0.6320226943362347,0.05700909633546477,0.4797594466393526,10418811.0,0.6706237180439658,1.0,0.07735186107982292,0.5555555555555556,241.0,283.0,1,1,1,0,1,0,0,0,0
96901,ZA8,Mpumalanga,ZA5,KwaZulu-Natal,2020-11-19,2020-11-19,31,31,31,19670335.889513787,7679142.03997455,663213,153.92250466899415,394.2767762379355,356.56612903225806,356.56612903225806,1.0,20201119,20201119,0.30219785415266165,0.6444398558234767,0.053362290023861565,0.4955341209781855,4547481.0,0.3109682093283005,0.6320226943362347,0.05700909633546477,0.4797594466393526,10418811.0,0.0523010419666447,0.4444444444444444,0.07735186107982292,0.5555555555555556,86.0,156.0,1,1,1,0,1,0,0,0,0
96902,ZA5,KwaZulu-Natal,ZA9,Limpopo,2020-11-19,2020-11-20,1,1,1,1362175.4439801706,643255.2561095239,73920,399.7002854017065,846.4165796623784,1232.0,1232.0,1.0,20201119,20201120,0.3109682093283005,0.6320226943362347,0.05700909633546477,0.4797594466393526,10418811.0,0.3322212084583728,0.5982309127294063,0.06954787881222096,0.47107489302560024,5527257.0,0.07735186107982292,0.5555555555555556,-0.020299216875639643,0.3333333333333333,156.0,44.0,1,1,1,0,1,0,0,0,0
96903,ZA7,Gauteng,ZA6,North West,2020-11-19,2020-11-19,623,619,612,131447749.0234069,50984440.02976732,6509574,51.76513445563623,133.4605302738369,174.1459069020867,177.27598039215687,1.0179738562091505,20201119,20201119,0.22703936886350948,0.7223349844212468,0.050625646715243805,0.5123439321519871,14760167.0,0.2828745421867569,0.6531826641385288,0.0639427936747143,0.5169154144355026,3885864.0,0.6706237180439658,1.0,-0.04677388157695324,0.1111111111111111,241.0,51.0,1,1,1,0,1,0,0,0,0
96904,ZA9,Limpopo,ZA8,Mpumalanga,2020-11-19,2020-11-20,22,22,22,4590364.048114113,1690301.4957105282,1044234,47.741120710463626,129.65090824454822,791.0863636363636,791.0863636363636,1.0,20201119,20201120,0.3322212084583728,0.5982309127294063,0.06954787881222096,0.47107489302560024,5527257.0,0.30219785415266165,0.6444398558234767,0.053362290023861565,0.4955341209781855,4547481.0,-0.020299216875639643,0.3333333333333333,0.0523010419666447,0.4444444444444444,27.0,86.0,1,1,1,0,1,0,0,0,0
96905,ZA3,Nothern Cape,ZA3,Nothern Cape,2020-11-19,2020-11-19,4471,2217,1555,344431354.22461814,66452841.41456735,25158327,26.55426449988952,137.63326123374307,93.78337061060164,269.649807073955,2.87524115755627,20201119,20201119,0.2905180543789262,0.6449880916225764,0.06449385399849747,0.5008080113808923,1251220.0,0.2905180543789262,0.6449880916225764,0.06449385399849747,0.5008080113808923,1251220.0,0.09958456723393624,0.6666666666666666,0.09958456723393624,0.6666666666666666,39.0,39.0,1,1,1,0,1,0,0,0,0
96906,ZA4,Free State,ZA4,Free State,2020-11-19,2020-11-20,1374,1374,1374,59919807.55815423,14962115.436828429,56274131,6.76639556577489,27.097847351558883,682.6071203299368,682.6071203299368,1.0,20201119,20201120,0.28114593899768064,0.6555271573171474,0.06332690368517199,0.4905192097314189,2663702.0,0.28114593899768064,0.6555271573171474,0.06332690368517199,0.4905192097314189,2663702.0,0.2248492570676798,0.7777777777777778,0.2248492570676798,0.7777777777777778,48.0,52.0,1,1,1,0,1,0,0,0,0
96907,ZA5,KwaZulu-Natal,ZA7,Gauteng,2020-11-19,2020-11-20,36,36,36,37119488.22667428,18885321.23402174,1958174,325.96651586025354,640.6939070735633,906.5620370370368,906.5620370370368,1.0,20201119,20201120,0.3109682093283005,0.6320226943362347,0.05700909633546477,0.4797594466393526,10418811.0,0.22703936886350948,0.7223349844212468,0.050625646715243805,0.5123439321519871,14760167.0,0.07735186107982292,0.5555555555555556,0.6706237180439658,1.0,156.0,265.0,1,1,1,0,1,0,0,0,0
96909,ZA7,Gauteng,ZA9,Limpopo,2020-11-19,2020-11-19,147,147,147,72819809.86034676,33185099.83852895,2761991,140.27391191280063,307.81042225455536,313.1509070294785,313.1509070294785,1.0,20201119,20201119,0.22703936886350948,0.7223349844212468,0.050625646715243805,0.5123439321519871,14760167.0,0.3322212084583728,0.5982309127294063,0.06954787881222096,0.47107489302560024,5527257.0,0.6706237180439658,1.0,-0.020299216875639643,0.3333333333333333,241.0,27.0,1,1,1,0,1,0,0,0,0
96910,ZA7,Gauteng,ZA5,KwaZulu-Natal,2020-11-19,2020-11-27,1,1,1,419093.1784630188,419070.26438095234,646837,260.3981898096071,260.41242796009976,10780.616666666669,10780.616666666669,1.0,20201119,20201127,0.22703936886350948,0.7223349844212468,0.050625646715243805,0.5123439321519871,14760167.0,0.3109682093283005,0.6320226943362347,0.05700909633546477,0.4797594466393526,10418811.0,0.6706237180439658,1.0,0.07735186107982292,0.5555555555555556,241.0,353.0,1,1,1,0,1,0,0,0,0
96911,ZA4,Free State,ZA3,Nothern Cape,2020-11-19,2020-11-19,46,45,44,17479857.060463633,7172382.91355838,557146,101.28891186773755,246.8518095863288,201.8644927536232,211.0401515151515,1.0454545454545454,20201119,20201119,0.28114593899768064,0.6555271573171474,0.06332690368517199,0.4905192097314189,2663702.0,0.2905180543789262,0.6449880916225764,0.06449385399849747,0.5008080113808923,1251220.0,0.2248492570676798,0.7777777777777778,0.09958456723393624,0.6666666666666666,48.0,39.0,1,1,1,0,1,0,0,0,0
96912,ZA2,Eastern Cape,ZA2,Eastern Cape,2020-11-19,2020-11-19,15195,7648,5482,778809818.920016,181942943.6925504,83465131,20.622784356331657,88.27617397089976,91.5488987605572,253.75511066520733,2.771798613644655,20201119,20201119,0.32240858903092945,0.600977358291188,0.07661405267788246,0.47559015644122027,6510816.0,0.32240858903092945,0.600977358291188,0.07661405267788246,0.47559015644122027,6510816.0,-0.04666754827373582,0.2222222222222222,-0.04666754827373582,0.2222222222222222,1121.0,1121.0,1,1,1,0,1,0,0,0,0
96914,ZA6,North West,ZA9,Limpopo,2020-11-19,2020-11-19,31,31,30,10868709.181717658,4213587.136284206,387124,87.27338874896037,225.11675941082532,208.1311827956989,215.0688888888889,1.0333333333333334,20201119,20201119,0.2828745421867569,0.6531826641385288,0.0639427936747143,0.5169154144355026,3885864.0,0.3322212084583728,0.5982309127294063,0.06954787881222096,0.47107489302560024,5527257.0,-0.04677388157695324,0.1111111111111111,-0.020299216875639643,0.3333333333333333,51.0,27.0,1,1,1,0,1,0,0,0,0
96915,ZA8,Mpumalanga,ZA8,Mpumalanga,2020-11-19,2020-11-25,2,2,2,579423.2232957019,211943.0800502016,993679,65.84766216862323,180.01844953462464,8280.658333333333,8280.658333333333,1.0,20201119,20201125,0.30219785415266165,0.6444398558234767,0.053362290023861565,0.4955341209781855,4547481.0,0.30219785415266165,0.6444398558234767,0.053362290023861565,0.4955341209781855,4547481.0,0.0523010419666447,0.4444444444444444,0.0523010419666447,0.4444444444444444,86.0,42.0,1,1,1,0,1,0,0,0,0
96916,ZA5,KwaZulu-Natal,ZA2,Eastern Cape,2020-11-19,2020-11-19,27,26,26,14527775.291532245,5723527.873365143,414096,136.7859745567889,347.19773282521044,255.6148148148148,265.44615384615383,1.0384615384615383,20201119,20201119,0.3109682093283005,0.6320226943362347,0.05700909633546477,0.4797594466393526,10418811.0,0.32240858903092945,0.600977358291188,0.07661405267788246,0.47559015644122027,6510816.0,0.07735186107982292,0.5555555555555556,-0.04666754827373582,0.2222222222222222,156.0,1121.0,1,1,1,0,1,0,0,0,0
96917,ZA7,Gauteng,ZA4,Free State,2020-11-19,2020-11-19,436,431,422,105598224.87838922,39850301.59344609,3945034,58.677320881841055,155.48742865125783,150.8040519877676,155.8070300157978,1.033175355450237,20201119,20201119,0.22703936886350948,0.7223349844212468,0.050625646715243805,0.5123439321519871,14760167.0,0.28114593899768064,0.6555271573171474,0.06332690368517199,0.4905192097314189,2663702.0,0.6706237180439658,1.0,0.2248492570676798,0.7777777777777778,241.0,48.0,1,1,1,0,1,0,0,0,0
96918,ZA4,Free State,ZA6,North West,2020-11-19,2020-11-20,11,11,11,3407472.8814531984,1425889.8772068284,421896,80.54608118174116,192.4823169877234,639.2363636363636,639.2363636363636,1.0,20201119,20201120,0.28114593899768064,0.6555271573171474,0.06332690368517199,0.4905192097314189,2663702.0,0.2828745421867569,0.6531826641385288,0.0639427936747143,0.5169154144355026,3885864.0,0.2248492570676798,0.7777777777777778,-0.04677388157695324,0.1111111111111111,48.0,45.0,1,1,1,0,1,0,0,0,0
96919,ZA8,Mpumalanga,ZA9,Limpopo,2020-11-19,2020-11-19,162,154,148,42675747.24119076,14601536.99820627,1780294,61.30388143968225,179.17216177620148,183.15781893004117,200.4835585585585,1.0945945945945943,20201119,20201119,0.30219785415266165,0.6444398558234767,0.053362290023861565,0.4955341209781855,4547481.0,0.3322212084583728,0.5982309127294063,0.06954787881222096,0.47107489302560024,5527257.0,0.0523010419666447,0.4444444444444444,-0.020299216875639643,0.3333333333333333,86.0,27.0,1,1,1,0,1,0,0,0,0
96920,ZA4,Free State,ZA7,Gauteng,2020-11-19,2020-11-20,41,41,41,11068087.008416155,4834074.848305022,1650405,73.26231345989758,167.74122976112426,670.8963414634146,670.8963414634146,1.0,20201119,20201120,0.28114593899768064,0.6555271573171474,0.06332690368517199,0.4905192097314189,2663702.0,0.22703936886350948,0.7223349844212468,0.050625646715243805,0.5123439321519871,14760167.0,0.2248492570676798,0.7777777777777778,0.6706237180439658,1.0,48.0,265.0,1,1,1,0,1,0,0,0,0
96921,ZA6,North West,ZA5,KwaZulu-Natal,2020-11-19,2020-11-20,3,3,3,4455732.763908247,2070607.92922007,185840,428.8720392118507,922.8879932668729,1032.4444444444443,1032.4444444444443,1.0,20201119,20201120,0.2828745421867569,0.6531826641385288,0.0639427936747143,0.5169154144355026,3885864.0,0.3109682093283005,0.6320226943362347,0.05700909633546477,0.4797594466393526,10418811.0,-0.04677388157695324,0.1111111111111111,0.07735186107982292,0.5555555555555556,51.0,283.0,1,1,1,0,1,0,0,0,0
96922,ZA3,Nothern Cape,ZA6,North West,2020-11-19,2020-11-19,24,24,24,17457786.35490557,4828039.613480266,316360,125.00019711655456,451.9902300488473,219.69444444444443,219.69444444444443,1.0,20201119,20201119,0.2905180543789262,0.6449880916225764,0.06449385399849747,0.5008080113808923,1251220.0,0.2828745421867569,0.6531826641385288,0.0639427936747143,0.5169154144355026,3885864.0,0.09958456723393624,0.6666666666666666,-0.04677388157695324,0.1111111111111111,39.0,51.0,1,1,1,0,1,0,0,0,0
96923,ZA5,KwaZulu-Natal,ZA5,KwaZulu-Natal,2020-11-19,2020-11-19,32504,16329,11736,1857964132.751062,392624110.67532337,172452227,20.787773666619685,98.37128393845704,88.42615626794651,244.9048895137469,2.7695978186775734,20201119,20201119,0.3109682093283005,0.6320226943362347,0.05700909633546477,0.4797594466393526,10418811.0,0.3109682093283005,0.6320226943362347,0.05700909633546477,0.4797594466393526,10418811.0,0.07735186107982292,0.5555555555555556,0.07735186107982292,0.5555555555555556,156.0,156.0,1,1,1,0,1,0,0,0,0
96924,ZA6,North West,ZA7,Gauteng,2020-11-19,2020-11-20,61,61,61,13279875.133932931,5086409.449584452,2455523,51.81226727697595,135.27429253663658,670.9079234972677,670.9079234972677,1.0,20201119,20201120,0.2828745421867569,0.6531826641385288,0.0639427936747143,0.5169154144355026,3885864.0,0.22703936886350948,0.7223349844212468,0.050625646715243805,0.5123439321519871,14760167.0,-0.04677388157695324,0.1111111111111111,0.6706237180439658,1.0,51.0,265.0,1,1,1,0,1,0,0,0,0
96925,ZA2,Eastern Cape,,,2020-11-19,2020-11-19,12,12,12,1237481.8810904834,164411.74434996542,155950,8.51339346704648,64.07796598544103,216.59722222222223,216.59722222222223,1.0,20201119,20201119,0.32240858903092945,0.600977358291188,0.07661405267788246,0.47559015644122027,6510816.0,,,,,,-0.04666754827373582,0.2222222222222222,,,1121.0,,1,1,1,0,1,0,0,0,0
96926,ZA6,North West,ZA8,Mpumalanga,2020-11-19,2020-11-28,1,1,1,242968.85373222188,242968.85373222188,741059,150.97384632012913,150.97384632012913,12350.983333333334,12350.983333333334,1.0,20201119,20201128,0.2828745421867569,0.6531826641385288,0.0639427936747143,0.5169154144355026,3885864.0,0.30219785415266165,0.6444398558234767,0.053362290023861565,0.4955341209781855,4547481.0,-0.04677388157695324,0.1111111111111111,0.0523010419666447,0.4444444444444444,51.0,49.0,1,1,1,0,1,0,0,0,0
96927,ZA4,Free State,ZA1,Western Cape,2020-11-19,2020-11-19,10,10,10,18984978.92491789,8559930.324813118,307436,531.8894111397636,1179.6718989176888,512.3933333333333,512.3933333333333,1.0,20201119,20201119,0.28114593899768064,0.6555271573171474,0.06332690368517199,0.4905192097314189,2663702.0,0.24146430881004144,0.6902282722160927,0.06830741897386587,0.4994387746892386,6898299.0,0.2248492570676798,0.7777777777777778,0.48495156727992644,0.8888888888888888,48.0,745.0,1,1,1,0,1,0,0,0,0
96928,ZA1,Western Cape,ZA8,Mpumalanga,2020-11-19,2020-11-20,3,3,3,9781699.37527424,4738095.209504292,219404,981.3719564212277,2026.0220676404465,1218.9111111111113,1218.9111111111113,1.0,20201119,20201120,0.24146430881004144,0.6902282722160927,0.06830741897386587,0.4994387746892386,6898299.0,0.30219785415266165,0.6444398558234767,0.053362290023861565,0.4955341209781855,4547481.0,0.48495156727992644,0.8888888888888888,0.0523010419666447,0.4444444444444444,745.0,86.0,1,1,1,0,1,0,0,0,0
96929,ZA1,Western Cape,ZA1,Western Cape,2020-11-19,2020-11-19,62769,32194,22497,3296568367.677822,710266191.8022944,302692503,19.61768015317876,91.05181210454062,80.37207937038984,224.2465684313464,2.7901053473796504,20201119,20201119,0.24146430881004144,0.6902282722160927,0.06830741897386587,0.4994387746892386,6898299.0,0.24146430881004144,0.6902282722160927,0.06830741897386587,0.4994387746892386,6898299.0,0.48495156727992644,0.8888888888888888,0.48495156727992644,0.8888888888888888,745.0,745.0,1,1,1,0,1,0,0,0,0
96930,ZA7,Gauteng,ZA4,Free State,2020-11-19,2020-11-24,3,3,3,2854781.2468321,757299.6863985907,1322632,156.8547363394838,591.2929423069482,7347.955555555555,7347.955555555555,1.0,20201119,20201124,0.22703936886350948,0.7223349844212468,0.050625646715243805,0.5123439321519871,14760167.0,0.28114593899768064,0.6555271573171474,0.06332690368517199,0.4905192097314189,2663702.0,0.6706237180439658,1.0,0.2248492570676798,0.7777777777777778,241.0,16.0,1,1,1,0,1,0,0,0,0
96931,ZA3,Nothern Cape,ZA3,Nothern Cape,2020-11-19,2020-11-20,560,560,560,37633210.00656883,10039634.353554431,22785379,11.139892085526808,41.75748673124935,678.1362797619047,678.1362797619047,1.0,20201119,20201120,0.2905180543789262,0.6449880916225764,0.06449385399849747,0.5008080113808923,1251220.0,0.2905180543789262,0.6449880916225764,0.06449385399849747,0.5008080113808923,1251220.0,0.09958456723393624,0.6666666666666666,0.09958456723393624,0.6666666666666666,39.0,70.0,1,1,1,0,1,0,0,0,0
96932,ZA7,Gauteng,ZA8,Mpumalanga,2020-11-19,2020-11-20,53,53,53,17004815.804667357,7065122.418744826,2119504,82.83138755921111,199.364201326838,666.5106918238994,666.5106918238994,1.0,20201119,20201120,0.22703936886350948,0.7223349844212468,0.050625646715243805,0.5123439321519871,14760167.0,0.30219785415266165,0.6444398558234767,0.053362290023861565,0.4955341209781855,4547481.0,0.6706237180439658,1.0,0.0523010419666447,0.4444444444444444,241.0,86.0,1,1,1,0,1,0,0,0,0
96933,ZA1,Western Cape,ZA4,Free State,2020-11-19,2020-11-19,4,4,4,10653665.299101196,2832034.384426107,120743,439.9361454769936,1654.9701771500058,503.09583333333336,503.09583333333336,1.0,20201119,20201119,0.24146430881004144,0.6902282722160927,0.06830741897386587,0.4994387746892386,6898299.0,0.28114593899768064,0.6555271573171474,0.06332690368517199,0.4905192097314189,2663702.0,0.48495156727992644,0.8888888888888888,0.2248492570676798,0.7777777777777778,745.0,48.0,1,1,1,0,1,0,0,0,0
96934,ZA7,Gauteng,ZA6,North West,2020-11-19,2020-11-21,3,3,3,2187298.7584176976,616460.3205602303,503431,127.68356145117312,453.0414790990816,2796.838888888889,2796.838888888889,1.0,20201119,20201121,0.22703936886350948,0.7223349844212468,0.050625646715243805,0.5123439321519871,14760167.0,0.2828745421867569,0.6531826641385288,0.0639427936747143,0.5169154144355026,3885864.0,0.6706237180439658,1.0,-0.04677388157695324,0.1111111111111111,241.0,43.0,1,1,1,0,1,0,0,0,0
96935,ZA7,Gauteng,ZA6,North West,2020-11-19,2020-11-20,76,76,76,18063403.858644288,6935914.399511914,2964452,56.70759736422119,147.68524725671395,650.0991228070176,650.0991228070176,1.0,20201119,20201120,0.22703936886350948,0.7223349844212468,0.050625646715243805,0.5123439321519871,14760167.0,0.2828745421867569,0.6531826641385288,0.0639427936747143,0.5169154144355026,3885864.0,0.6706237180439658,1.0,-0.04677388157695324,0.1111111111111111,241.0,45.0,1,1,1,0,1,0,0,0,0
96936,ZA9,Limpopo,ZA7,Gauteng,2020-11-19,2020-11-20,29,29,29,18586048.54928558,6244705.849176957,1145002,133.80276960946685,398.2356946913984,658.0471264367817,658.0471264367817,1.0,20201119,20201120,0.3322212084583728,0.5982309127294063,0.06954787881222096,0.47107489302560024,5527257.0,0.22703936886350948,0.7223349844212468,0.050625646715243805,0.5123439321519871,14760167.0,-0.020299216875639643,0.3333333333333333,0.6706237180439658,1.0,27.0,265.0,1,1,1,0,1,0,0,0,0
96937,ZA4,Free State,ZA9,Limpopo,2020-11-19,2020-11-20,3,3,3,5372290.7625930905,1533954.7782076756,173744,317.7184364576861,1112.7289053993616,965.2444444444444,965.2444444444444,1.0,20201119,20201120,0.28114593899768064,0.6555271573171474,0.06332690368517199,0.4905192097314189,2663702.0,0.3322212084583728,0.5982309127294063,0.06954787881222096,0.47107489302560024,5527257.0,0.2248492570676798,0.7777777777777778,-0.020299216875639643,0.3333333333333333,48.0,44.0,1,1,1,0,1,0,0,0,0
96938,ZA5,KwaZulu-Natal,ZA8,Mpumalanga,2020-11-19,2020-11-19,20,20,20,8363974.956693436,4091657.583867711,334120,127.12190755574044,259.8566545341902,278.43333333333334,278.43333333333334,1.0,20201119,20201119,0.3109682093283005,0.6320226943362347,0.05700909633546477,0.4797594466393526,10418811.0,0.30219785415266165,0.6444398558234767,0.053362290023861565,0.4955341209781855,4547481.0,0.07735186107982292,0.5555555555555556,0.0523010419666447,0.4444444444444444,156.0,86.0,1,1,1,0,1,0,0,0,0
96939,ZA1,Western Cape,ZA1,Western Cape,2020-11-19,2020-11-20,5600,5599,5598,269696106.77862114,72667917.27040519,230207936,8.066050445108186,29.935939873311742,685.1426666666666,685.3874478980589,1.0003572704537336,20201119,20201120,0.24146430881004144,0.6902282722160927,0.06830741897386587,0.4994387746892386,6898299.0,0.24146430881004144,0.6902282722160927,0.06830741897386587,0.4994387746892386,6898299.0,0.48495156727992644,0.8888888888888888,0.48495156727992644,0.8888888888888888,745.0,569.0,1,1,1,0,1,0,0,0,0
96940,ZA1,Western Cape,ZA7,Gauteng,2020-11-19,2020-11-19,79,79,79,203120853.4984744,98573125.16246197,1797217,775.3227886678345,1597.6385684381248,379.1597046413502,379.1597046413502,1.0,20201119,20201119,0.24146430881004144,0.6902282722160927,0.06830741897386587,0.4994387746892386,6898299.0,0.22703936886350948,0.7223349844212468,0.050625646715243805,0.5123439321519871,14760167.0,0.48495156727992644,0.8888888888888888,0.6706237180439658,1.0,745.0,241.0,1,1,1,0,1,0,0,0,0
96941,ZA4,Free State,ZA4,Free State,2020-11-19,2020-11-19,13471,6671,4568,773700816.0168977,159579026.18487242,64023349,21.70705117262848,105.24417655066064,79.21132927523323,233.5936551371862,2.94899299474606,20201119,20201119,0.28114593899768064,0.6555271573171474,0.06332690368517199,0.4905192097314189,2663702.0,0.28114593899768064,0.6555271573171474,0.06332690368517199,0.4905192097314189,2663702.0,0.2248492570676798,0.7777777777777778,0.2248492570676798,0.7777777777777778,48.0,48.0,1,1,1,0,1,0,0,0,0
96942,ZA9,Limpopo,ZA5,KwaZulu-Natal,2020-11-19,2020-11-20,2,2,2,2846934.485483677,1268981.5886490524,127722,394.2543013330439,884.5015377332867,1064.35,1064.35,1.0,20201119,20201120,0.3322212084583728,0.5982309127294063,0.06954787881222096,0.47107489302560024,5527257.0,0.3109682093283005,0.6320226943362347,0.05700909633546477,0.4797594466393526,10418811.0,-0.020299216875639643,0.3333333333333333,0.07735186107982292,0.5555555555555556,27.0,283.0,1,1,1,0,1,0,0,0,0
96943,ZA1,Western Cape,ZA2,Eastern Cape,2020-11-19,2020-11-19,39,39,39,39656505.6983261,15875416.506418146,737143,252.9365764578793,631.8310314291159,315.018376068376,315.018376068376,1.0,20201119,20201119,0.24146430881004144,0.6902282722160927,0.06830741897386587,0.4994387746892386,6898299.0,0.32240858903092945,0.600977358291188,0.07661405267788246,0.47559015644122027,6510816.0,0.48495156727992644,0.8888888888888888,-0.04666754827373582,0.2222222222222222,745.0,1121.0,1,1,1,0,1,0,0,0,0
96944,ZA8,Mpumalanga,ZA6,North West,2020-11-19,2020-11-19,8,8,8,6232142.357157871,2291893.3081559567,163293,178.01455967120427,484.0592158324969,340.19375,340.19375,1.0,20201119,20201119,0.30219785415266165,0.6444398558234767,0.053362290023861565,0.4955341209781855,4547481.0,0.2828745421867569,0.6531826641385288,0.0639427936747143,0.5169154144355026,3885864.0,0.0523010419666447,0.4444444444444444,-0.04677388157695324,0.1111111111111111,86.0,51.0,1,1,1,0,1,0,0,0,0
96946,ZA3,Nothern Cape,ZA3,Nothern Cape,2020-11-19,2020-11-27,1,1,1,367477.2717214678,202180.10438068432,653626,125.62889250569444,228.33979044969115,10893.766666666666,10893.766666666666,1.0,20201119,20201127,0.2905180543789262,0.6449880916225764,0.06449385399849747,0.5008080113808923,1251220.0,0.2905180543789262,0.6449880916225764,0.06449385399849747,0.5008080113808923,1251220.0,0.09958456723393624,0.6666666666666666,0.09958456723393624,0.6666666666666666,39.0,23.0,1,1,1,0,1,0,0,0,0
96947,ZA7,Gauteng,ZA7,Gauteng,2020-11-19,2020-11-19,136562,69738,49375,6052578462.319331,1609668117.5155962,637660283,20.257243489358803,76.17008395425565,77.82305021406638,215.24397738396627,2.765812658227848,20201119,20201119,0.22703936886350948,0.7223349844212468,0.050625646715243805,0.5123439321519871,14760167.0,0.22703936886350948,0.7223349844212468,0.050625646715243805,0.5123439321519871,14760167.0,0.6706237180439658,1.0,0.6706237180439658,1.0,241.0,241.0,1,1,1,0,1,0,0,0,0
96948,ZA1,Western Cape,ZA3,Nothern Cape,2020-11-19,2020-11-19,13,13,13,11692703.64453604,4026854.739719018,206790,192.47473312198196,558.8853233910138,265.1153846153846,265.1153846153846,1.0,20201119,20201119,0.24146430881004144,0.6902282722160927,0.06830741897386587,0.4994387746892386,6898299.0,0.2905180543789262,0.6449880916225764,0.06449385399849747,0.5008080113808923,1251220.0,0.48495156727992644,0.8888888888888888,0.09958456723393624,0.6666666666666666,745.0,39.0,1,1,1,0,1,0,0,0,0
96949,ZA1,Western Cape,ZA3,Nothern Cape,2020-11-19,2020-11-20,3,3,3,5331602.767793978,2067171.52862436,130455,428.1602791001303,1104.3014561200043,724.75,724.75,1.0,20201119,20201120,0.24146430881004144,0.6902282722160927,0.06830741897386587,0.4994387746892386,6898299.0,0.2905180543789262,0.6449880916225764,0.06449385399849747,0.5008080113808923,1251220.0,0.48495156727992644,0.8888888888888888,0.09958456723393624,0.6666666666666666,745.0,70.0,1,1,1,0,1,0,0,0,0
96950,ZA8,Mpumalanga,ZA9,Limpopo,2020-11-19,2020-11-20,17,17,17,5498640.813003855,1179211.6623262097,704406,43.10165626587089,200.982176333004,690.5941176470589,690.5941176470589,1.0,20201119,20201120,0.30219785415266165,0.6444398558234767,0.053362290023861565,0.4955341209781855,4547481.0,0.3322212084583728,0.5982309127294063,0.06954787881222096,0.47107489302560024,5527257.0,0.0523010419666447,0.4444444444444444,-0.020299216875639643,0.3333333333333333,86.0,44.0,1,1,1,0,1,0,0,0,0
96951,ZA7,Gauteng,ZA1,Western Cape,2020-11-19,2020-11-19,104,104,104,263761544.54608297,131872932.8079334,2668065,787.9042450259559,1575.9021673169254,427.5745192307692,427.5745192307692,1.0,20201119,20201119,0.22703936886350948,0.7223349844212468,0.050625646715243805,0.5123439321519871,14760167.0,0.24146430881004144,0.6902282722160927,0.06830741897386587,0.4994387746892386,6898299.0,0.6706237180439658,1.0,0.48495156727992644,0.8888888888888888,241.0,745.0,1,1,1,0,1,0,0,0,0
96952,ZA9,Limpopo,ZA9,Limpopo,2020-11-19,2020-11-19,11990,5776,4045,770285053.9021488,154942733.24303237,62899686,23.80147117026804,118.32705619425892,87.43353628023353,259.16640296662547,2.964153275648949,20201119,20201119,0.3322212084583728,0.5982309127294063,0.06954787881222096,0.47107489302560024,5527257.0,0.3322212084583728,0.5982309127294063,0.06954787881222096,0.47107489302560024,5527257.0,-0.020299216875639643,0.3333333333333333,-0.020299216875639643,0.3333333333333333,27.0,27.0,1,1,1,0,1,0,0,0,0
96953,ZA3,Nothern Cape,ZA7,Gauteng,2020-11-19,2020-11-19,10,10,10,21008971.17649849,6250095.326956444,300189,388.3629184907915,1305.4369467620654,500.315,500.315,1.0,20201119,20201119,0.2905180543789262,0.6449880916225764,0.06449385399849747,0.5008080113808923,1251220.0,0.22703936886350948,0.7223349844212468,0.050625646715243805,0.5123439321519871,14760167.0,0.09958456723393624,0.6666666666666666,0.6706237180439658,1.0,39.0,241.0,1,1,1,0,1,0,0,0,0
96954,ZA9,Limpopo,ZA6,North West,2020-11-19,2020-11-19,34,34,33,10978715.633965528,4738076.569292504,438773,89.21528141736546,206.72295826399449,215.0848039215686,221.60252525252525,1.0303030303030305,20201119,20201119,0.3322212084583728,0.5982309127294063,0.06954787881222096,0.47107489302560024,5527257.0,0.2828745421867569,0.6531826641385288,0.0639427936747143,0.5169154144355026,3885864.0,-0.020299216875639643,0.3333333333333333,-0.04677388157695324,0.1111111111111111,27.0,51.0,1,1,1,0,1,0,0,0,0
96955,ZA8,Mpumalanga,ZA7,Gauteng,2020-11-19,2020-11-20,64,64,64,21683878.98193075,9452595.080372993,2733523,91.77453554418943,210.5271521145684,711.8549479166667,711.8549479166667,1.0,20201119,20201120,0.30219785415266165,0.6444398558234767,0.053362290023861565,0.4955341209781855,4547481.0,0.22703936886350948,0.7223349844212468,0.050625646715243805,0.5123439321519871,14760167.0,0.0523010419666447,0.4444444444444444,0.6706237180439658,1.0,86.0,265.0,1,1,1,0,1,0,0,0,0
96956,ZA9,Limpopo,ZA7,Gauteng,2020-11-19,2020-11-22,3,3,3,1292675.2598611936,802876.9383681495,767922,166.29486680455918,267.74372246521847,4266.233333333334,4266.233333333334,1.0,20201119,20201122,0.3322212084583728,0.5982309127294063,0.06954787881222096,0.47107489302560024,5527257.0,0.22703936886350948,0.7223349844212468,0.050625646715243805,0.5123439321519871,14760167.0,-0.020299216875639643,0.3333333333333333,0.6706237180439658,1.0,27.0,180.0,1,1,1,0,1,0,0,0,0
96957,ZA5,KwaZulu-Natal,ZA7,Gauteng,2020-11-19,2020-11-19,79,79,79,75602595.48622766,38593598.84311755,1983041,303.5563357705993,594.6490492849894,418.3630801687763,418.3630801687763,1.0,20201119,20201119,0.3109682093283005,0.6320226943362347,0.05700909633546477,0.4797594466393526,10418811.0,0.22703936886350948,0.7223349844212468,0.050625646715243805,0.5123439321519871,14760167.0,0.07735186107982292,0.5555555555555556,0.6706237180439658,1.0,156.0,241.0,1,1,1,0,1,0,0,0,0
96958,ZA2,Eastern Cape,ZA7,Gauteng,2020-11-19,2020-11-19,10,10,10,16321092.25367386,8215514.659866233,197523,510.48841390443766,1014.145655228084,329.205,329.205,1.0,20201119,20201119,0.32240858903092945,0.600977358291188,0.07661405267788246,0.47559015644122027,6510816.0,0.22703936886350948,0.7223349844212468,0.050625646715243805,0.5123439321519871,14760167.0,-0.04666754827373582,0.2222222222222222,0.6706237180439658,1.0,1121.0,241.0,1,1,1,0,1,0,0,0,0
96959,ZA6,North West,ZA4,Free State,2020-11-19,2020-11-19,117,116,112,30964999.8160566,12681346.70056874,1354134,70.35556712953019,171.7924897618921,192.8965811965812,201.5080357142857,1.0446428571428572,20201119,20201119,0.2828745421867569,0.6531826641385288,0.0639427936747143,0.5169154144355026,3885864.0,0.28114593899768064,0.6555271573171474,0.06332690368517199,0.4905192097314189,2663702.0,-0.04677388157695324,0.1111111111111111,0.2248492570676798,0.7777777777777778,51.0,48.0,1,1,1,0,1,0,0,0,0
96960,ZA4,Free State,ZA6,North West,2020-11-19,2020-11-19,112,108,101,26735123.70674135,9529150.79337623,1096789,58.62514643058935,164.47956130960875,163.2126488095238,180.98828382838283,1.108910891089109,20201119,20201119,0.28114593899768064,0.6555271573171474,0.06332690368517199,0.4905192097314189,2663702.0,0.2828745421867569,0.6531826641385288,0.0639427936747143,0.5169154144355026,3885864.0,0.2248492570676798,0.7777777777777778,-0.04677388157695324,0.1111111111111111,48.0,51.0,1,1,1,0,1,0,0,0,0
96961,ZA4,Free State,ZA7,Gauteng,2020-11-19,2020-11-19,389,384,373,76712629.72257364,29298337.17414198,3176311,48.80735308436462,127.79361445141213,136.08873179091688,141.9263181411975,1.0428954423592494,20201119,20201119,0.28114593899768064,0.6555271573171474,0.06332690368517199,0.4905192097314189,2663702.0,0.22703936886350948,0.7223349844212468,0.050625646715243805,0.5123439321519871,14760167.0,0.2248492570676798,0.7777777777777778,0.6706237180439658,1.0,48.0,241.0,1,1,1,0,1,0,0,0,0
96962,ZA2,Eastern Cape,ZA1,Western Cape,2020-11-19,2020-11-19,40,40,40,45898742.44603245,16084388.343063492,1013720,249.85938902844097,713.0039078971377,422.3833333333333,422.3833333333333,1.0,20201119,20201119,0.32240858903092945,0.600977358291188,0.07661405267788246,0.47559015644122027,6510816.0,0.24146430881004144,0.6902282722160927,0.06830741897386587,0.4994387746892386,6898299.0,-0.04666754827373582,0.2222222222222222,0.48495156727992644,0.8888888888888888,1121.0,745.0,1,1,1,0,1,0,0,0,0
96963,ZA7,Gauteng,ZA4,Free State,2020-11-19,2020-11-23,2,2,2,1665676.0068567838,492074.89233088377,705716,152.8805812588495,517.5015431308607,5880.966666666666,5880.966666666666,1.0,20201119,20201123,0.22703936886350948,0.7223349844212468,0.050625646715243805,0.5123439321519871,14760167.0,0.28114593899768064,0.6555271573171474,0.06332690368517199,0.4905192097314189,2663702.0,0.6706237180439658,1.0,0.2248492570676798,0.7777777777777778,241.0,30.0,1,1,1,0,1,0,0,0,0
96964,ZA7,Gauteng,ZA8,Mpumalanga,2020-11-19,2020-11-19,446,446,438,155306930.61702597,61802841.58899031,5589943,87.6769528808356,220.3270608224254,208.8917414050822,212.7071156773212,1.0182648401826484,20201119,20201119,0.22703936886350948,0.7223349844212468,0.050625646715243805,0.5123439321519871,14760167.0,0.30219785415266165,0.6444398558234767,0.053362290023861565,0.4955341209781855,4547481.0,0.6706237180439658,1.0,0.0523010419666447,0.4444444444444444,241.0,86.0,1,1,1,0,1,0,0,0,0
96965,ZA7,Gauteng,ZA2,Eastern Cape,2020-11-19,2020-11-20,11,11,11,18533133.14580012,9301143.8469878,555735,525.4057128521592,1046.9050035180974,842.0227272727274,842.0227272727274,1.0,20201119,20201120,0.22703936886350948,0.7223349844212468,0.050625646715243805,0.5123439321519871,14760167.0,0.32240858903092945,0.600977358291188,0.07661405267788246,0.47559015644122027,6510816.0,0.6706237180439658,1.0,-0.04666754827373582,0.2222222222222222,241.0,1691.0,1,1,1,0,1,0,0,0,0
96966,ZA5,KwaZulu-Natal,ZA8,Mpumalanga,2020-11-19,2020-11-20,7,7,7,3550774.3446079446,1686544.9286529485,363935,149.71006186841598,315.1926982678252,866.5119047619047,866.5119047619047,1.0,20201119,20201120,0.3109682093283005,0.6320226943362347,0.05700909633546477,0.4797594466393526,10418811.0,0.30219785415266165,0.6444398558234767,0.053362290023861565,0.4955341209781855,4547481.0,0.07735186107982292,0.5555555555555556,0.0523010419666447,0.4444444444444444,156.0,86.0,1,1,1,0,1,0,0,0,0
96967,ZA9,Limpopo,ZA8,Mpumalanga,2020-11-19,2020-11-19,147,137,135,35706437.569703154,10995130.7838908,1482592,50.60783351104917,164.3477902461806,168.09433106575963,183.03604938271604,1.0888888888888888,20201119,20201119,0.3322212084583728,0.5982309127294063,0.06954787881222096,0.47107489302560024,5527257.0,0.30219785415266165,0.6444398558234767,0.053362290023861565,0.4955341209781855,4547481.0,-0.020299216875639643,0.3333333333333333,0.0523010419666447,0.4444444444444444,27.0,86.0,1,1,1,0,1,0,0,0,0
96968,ZA6,North West,ZA7,Gauteng,2020-11-19,2020-11-19,597,591,578,119147429.192939,46415127.53549285,6338491,49.89796390065242,128.0878548955533,176.9539642657733,182.77079008073815,1.032871972318339,20201119,20201119,0.2828745421867569,0.6531826641385288,0.0639427936747143,0.5169154144355026,3885864.0,0.22703936886350948,0.7223349844212468,0.050625646715243805,0.5123439321519871,14760167.0,-0.04677388157695324,0.1111111111111111,0.6706237180439658,1.0,51.0,241.0,1,1,1,0,1,0,0,0,0
96969,ZA2,Eastern Cape,ZA9,Limpopo,2020-11-19,2020-11-20,1,1,1,1380906.5895205406,1380707.478269064,63862,857.9318519030511,858.055573898769,1064.3666666666666,1064.3666666666666,1.0,20201119,20201120,0.32240858903092945,0.600977358291188,0.07661405267788246,0.47559015644122027,6510816.0,0.3322212084583728,0.5982309127294063,0.06954787881222096,0.47107489302560024,5527257.0,-0.04666754827373582,0.2222222222222222,-0.020299216875639643,0.3333333333333333,1121.0,44.0,1,1,1,0,1,0,0,0,0
96970,ZA2,Eastern Cape,ZA5,KwaZulu-Natal,2020-11-19,2020-11-20,3,3,3,1001643.155679298,836311.0127937316,190416,173.21985703361776,207.46406728027023,1057.8666666666666,1057.8666666666666,1.0,20201119,20201120,0.32240858903092945,0.600977358291188,0.07661405267788246,0.47559015644122027,6510816.0,0.3109682093283005,0.6320226943362347,0.05700909633546477,0.4797594466393526,10418811.0,-0.04666754827373582,0.2222222222222222,0.07735186107982292,0.5555555555555556,1121.0,283.0,1,1,1,0,1,0,0,0,0
96971,ZA8,Mpumalanga,ZA7,Gauteng,2020-11-19,2020-11-19,423,421,411,136450596.79486093,53849735.15269605,5335265,81.41283244159469,206.29311438422985,210.2153270291568,216.35300081103003,1.0291970802919708,20201119,20201119,0.30219785415266165,0.6444398558234767,0.053362290023861565,0.4955341209781855,4547481.0,0.22703936886350948,0.7223349844212468,0.050625646715243805,0.5123439321519871,14760167.0,0.0523010419666447,0.4444444444444444,0.6706237180439658,1.0,86.0,241.0,1,1,1,0,1,0,0,0,0
96972,ZA1,Western Cape,ZA6,North West,2020-11-19,2020-11-19,5,5,5,13757045.37343726,6039828.791031762,161362,750.5951233585562,1709.646337071162,537.8733333333333,537.8733333333333,1.0,20201119,20201119,0.24146430881004144,0.6902282722160927,0.06830741897386587,0.4994387746892386,6898299.0,0.2828745421867569,0.6531826641385288,0.0639427936747143,0.5169154144355026,3885864.0,0.48495156727992644,0.8888888888888888,-0.04677388157695324,0.1111111111111111,745.0,51.0,1,1,1,0,1,0,0,0,0
96973,ZA8,Mpumalanga,ZA8,Mpumalanga,2020-11-19,2020-11-20,1512,1511,1511,62965233.995325305,17719377.422694884,64558572,7.286770797381348,25.89330411461151,711.6244708994709,712.0954334877565,1.00066181336863,20201119,20201120,0.30219785415266165,0.6444398558234767,0.053362290023861565,0.4955341209781855,4547481.0,0.30219785415266165,0.6444398558234767,0.053362290023861565,0.4955341209781855,4547481.0,0.0523010419666447,0.4444444444444444,0.0523010419666447,0.4444444444444444,86.0,86.0,1,1,1,0,1,0,0,0,0
96974,ZA3,Nothern Cape,ZA6,North West,2020-11-19,2020-11-20,7,7,7,4418861.431976765,1795973.786941799,252894,159.42376760271793,392.2504566169965,602.1285714285714,602.1285714285714,1.0,20201119,20201120,0.2905180543789262,0.6449880916225764,0.06449385399849747,0.5008080113808923,1251220.0,0.2828745421867569,0.6531826641385288,0.0639427936747143,0.5169154144355026,3885864.0,0.09958456723393624,0.6666666666666666,-0.04677388157695324,0.1111111111111111,39.0,45.0,1,1,1,0,1,0,0,0,0
96975,ZA3,Nothern Cape,ZA1,Western Cape,2020-11-19,2020-11-20,5,5,5,6118895.988165933,2817949.802558336,324332,350.1985656961266,760.421139068581,1081.1066666666668,1081.1066666666668,1.0,20201119,20201120,0.2905180543789262,0.6449880916225764,0.06449385399849747,0.5008080113808923,1251220.0,0.24146430881004144,0.6902282722160927,0.06830741897386587,0.4994387746892386,6898299.0,0.09958456723393624,0.6666666666666666,0.48495156727992644,0.8888888888888888,39.0,569.0,1,1,1,0,1,0,0,0,0
96976,ZA9,Limpopo,ZA7,Gauteng,2020-11-19,2020-11-19,149,149,149,87523647.82041499,33972135.27196786,2831514,141.67319595161513,364.9978080210188,316.7241610738255,316.7241610738255,1.0,20201119,20201119,0.3322212084583728,0.5982309127294063,0.06954787881222096,0.47107489302560024,5527257.0,0.22703936886350948,0.7223349844212468,0.050625646715243805,0.5123439321519871,14760167.0,-0.020299216875639643,0.3333333333333333,0.6706237180439658,1.0,27.0,241.0,1,1,1,0,1,0,0,0,0
96977,ZA6,North West,ZA6,North West,2020-11-19,2020-11-19,11597,5943,4149,621676662.7405927,142518513.98756588,57193400,21.344154965617488,93.1048370964688,82.19568279152654,229.7477303767976,2.795131356953483,20201119,20201119,0.2828745421867569,0.6531826641385288,0.0639427936747143,0.5169154144355026,3885864.0,0.2828745421867569,0.6531826641385288,0.0639427936747143,0.5169154144355026,3885864.0,-0.04677388157695324,0.1111111111111111,-0.04677388157695324,0.1111111111111111,51.0,51.0,1,1,1,0,1,0,0,0,0
96978,ZA8,Mpumalanga,ZA8,Mpumalanga,2020-11-19,2020-11-19,15535,7597,5339,968062985.0786848,200992684.75503385,75978122,23.392220295414496,112.66650144206308,81.51284411543826,237.1796278953612,2.909720921520884,20201119,20201119,0.30219785415266165,0.6444398558234767,0.053362290023861565,0.4955341209781855,4547481.0,0.30219785415266165,0.6444398558234767,0.053362290023861565,0.4955341209781855,4547481.0,0.0523010419666447,0.4444444444444444,0.0523010419666447,0.4444444444444444,86.0,86.0,1,1,1,0,1,0,0,0,0
96979,ZA9,Limpopo,ZA8,Mpumalanga,2020-11-19,2020-11-25,1,1,1,527539.0258933154,263748.4670260383,595897,163.8856994067386,327.7975534710512,9931.616666666669,9931.616666666669,1.0,20201119,20201125,0.3322212084583728,0.5982309127294063,0.06954787881222096,0.47107489302560024,5527257.0,0.30219785415266165,0.6444398558234767,0.053362290023861565,0.4955341209781855,4547481.0,-0.020299216875639643,0.3333333333333333,0.0523010419666447,0.4444444444444444,27.0,42.0,1,1,1,0,1,0,0,0,0
96980,ZA6,North West,ZA6,North West,2020-11-19,2020-11-20,1196,1195,1194,47603238.07747803,12154460.677662505,49193308,6.325319700402801,24.77326700046916,685.5254738015608,686.6737576772753,1.001675041876047,20201119,20201120,0.2828745421867569,0.6531826641385288,0.0639427936747143,0.5169154144355026,3885864.0,0.2828745421867569,0.6531826641385288,0.0639427936747143,0.5169154144355026,3885864.0,-0.04677388157695324,0.1111111111111111,-0.04677388157695324,0.1111111111111111,51.0,45.0,1,1,1,0,1,0,0,0,0
96981,ZA4,Free State,ZA5,KwaZulu-Natal,2020-11-19,2020-11-19,33,33,33,27951100.71818474,10570957.593441395,713055,199.04510675536295,526.303296291038,360.1287878787879,360.1287878787879,1.0,20201119,20201119,0.28114593899768064,0.6555271573171474,0.06332690368517199,0.4905192097314189,2663702.0,0.3109682093283005,0.6320226943362347,0.05700909633546477,0.4797594466393526,10418811.0,0.2248492570676798,0.7777777777777778,0.07735186107982292,0.5555555555555556,48.0,156.0,1,1,1,0,1,0,0,0,0
96982,ZA2,Eastern Cape,ZA7,Gauteng,2020-11-19,2020-11-20,6,6,6,14381148.45804516,4882092.49614244,181364,505.5986058234949,1489.3385605196029,503.7888888888889,503.7888888888889,1.0,20201119,20201120,0.32240858903092945,0.600977358291188,0.07661405267788246,0.47559015644122027,6510816.0,0.22703936886350948,0.7223349844212468,0.050625646715243805,0.5123439321519871,14760167.0,-0.04666754827373582,0.2222222222222222,0.6706237180439658,1.0,1121.0,265.0,1,1,1,0,1,0,0,0,0
96983,ZA1,Western Cape,ZA7,Gauteng,2020-11-19,2020-11-20,29,29,29,70308746.05546424,35920786.88807878,1280881,769.6600749913347,1506.4768745239917,736.1385057471265,736.1385057471265,1.0,20201119,20201120,0.24146430881004144,0.6902282722160927,0.06830741897386587,0.4994387746892386,6898299.0,0.22703936886350948,0.7223349844212468,0.050625646715243805,0.5123439321519871,14760167.0,0.48495156727992644,0.8888888888888888,0.6706237180439658,1.0,745.0,265.0,1,1,1,0,1,0,0,0,0
96984,ZA2,Eastern Cape,ZA2,Eastern Cape,2020-11-19,2020-11-20,1766,1766,1766,64992255.49845387,19152979.77813121,74059172,6.7390203168940745,22.867675699472088,698.9351830879576,698.9351830879576,1.0,20201119,20201120,0.32240858903092945,0.600977358291188,0.07661405267788246,0.47559015644122027,6510816.0,0.32240858903092945,0.600977358291188,0.07661405267788246,0.47559015644122027,6510816.0,-0.04666754827373582,0.2222222222222222,-0.04666754827373582,0.2222222222222222,1121.0,1691.0,1,1,1,0,1,0,0,0,0
96985,ZA9,Limpopo,ZA9,Limpopo,2020-11-19,2020-11-20,1316,1316,1316,54685012.489175454,16400585.57527386,56193268,7.7438080640564895,25.82043420054137,711.6675278622087,711.6675278622087,1.0,20201119,20201120,0.3322212084583728,0.5982309127294063,0.06954787881222096,0.47107489302560024,5527257.0,0.3322212084583728,0.5982309127294063,0.06954787881222096,0.47107489302560024,5527257.0,-0.020299216875639643,0.3333333333333333,-0.020299216875639643,0.3333333333333333,27.0,44.0,1,1,1,0,1,0,0,0,0
96986,ZA7,Gauteng,ZA8,Mpumalanga,2020-11-19,2020-11-28,1,1,1,215394.3163949693,106958.4025064128,818063,66.46087008521036,133.8398231794876,13634.383333333331,13634.383333333331,1.0,20201119,20201128,0.22703936886350948,0.7223349844212468,0.050625646715243805,0.5123439321519871,14760167.0,0.30219785415266165,0.6444398558234767,0.053362290023861565,0.4955341209781855,4547481.0,0.6706237180439658,1.0,0.0523010419666447,0.4444444444444444,241.0,49.0,1,1,1,0,1,0,0,0,0
96987,ZA8,Mpumalanga,ZA4,Free State,2020-11-19,2020-11-19,17,17,17,13856272.266129203,5291133.728984235,383180,193.39753373330024,506.4640245864594,375.6666666666667,375.6666666666667,1.0,20201119,20201119,0.30219785415266165,0.6444398558234767,0.053362290023861565,0.4955341209781855,4547481.0,0.28114593899768064,0.6555271573171474,0.06332690368517199,0.4905192097314189,2663702.0,0.0523010419666447,0.4444444444444444,0.2248492570676798,0.7777777777777778,86.0,48.0,1,1,1,0,1,0,0,0,0
96988,ZA1,Western Cape,ZA9,Limpopo,2020-11-19,2020-11-19,1,1,1,1626700.2685199154,1626700.2685199154,752,1010.784685263011,1010.784685263011,12.533333333333331,12.533333333333331,1.0,20201119,20201119,0.24146430881004144,0.6902282722160927,0.06830741897386587,0.4994387746892386,6898299.0,0.3322212084583728,0.5982309127294063,0.06954787881222096,0.47107489302560024,5527257.0,0.48495156727992644,0.8888888888888888,-0.020299216875639643,0.3333333333333333,745.0,27.0,1,1,1,0,1,0,0,0,0
96989,ZA3,Nothern Cape,ZA4,Free State,2020-11-19,2020-11-19,43,42,42,15782292.57801038,6733979.103393242,630884,99.6262053327798,233.4919513199223,244.52868217054265,250.35079365079363,1.0238095238095235,20201119,20201119,0.2905180543789262,0.6449880916225764,0.06449385399849747,0.5008080113808923,1251220.0,0.28114593899768064,0.6555271573171474,0.06332690368517199,0.4905192097314189,2663702.0,0.09958456723393624,0.6666666666666666,0.2248492570676798,0.7777777777777778,39.0,48.0,1,1,1,0,1,0,0,0,0
96990,ZA7,Gauteng,ZA7,Gauteng,2020-11-19,2020-11-20,12251,12251,12251,360849269.0255261,116114279.77894674,497754433,5.8893207462267165,18.302288834573638,677.161637145267,677.161637145267,1.0,20201119,20201120,0.22703936886350948,0.7223349844212468,0.050625646715243805,0.5123439321519871,14760167.0,0.22703936886350948,0.7223349844212468,0.050625646715243805,0.5123439321519871,14760167.0,0.6706237180439658,1.0,0.6706237180439658,1.0,241.0,265.0,1,1,1,0,1,0,0,0,0
96991,ZA5,KwaZulu-Natal,ZA5,KwaZulu-Natal,2020-11-19,2020-11-20,3396,3396,3396,138210051.6282172,39001878.57646071,143388752,7.136231976016233,25.288499575797644,703.7139379662348,703.7139379662348,1.0,20201119,20201120,0.3109682093283005,0.6320226943362347,0.05700909633546477,0.4797594466393526,10418811.0,0.3109682093283005,0.6320226943362347,0.05700909633546477,0.4797594466393526,10418811.0,0.07735186107982292,0.5555555555555556,0.07735186107982292,0.5555555555555556,156.0,283.0,1,1,1,0,1,0,0,0,0
96992,ZA4,Free State,ZA2,Eastern Cape,2020-11-19,2020-11-19,32,32,32,16799621.143195454,6730763.583172982,509796,130.69695601074454,326.21251934009007,265.51875,265.51875,1.0,20201119,20201119,0.28114593899768064,0.6555271573171474,0.06332690368517199,0.4905192097314189,2663702.0,0.32240858903092945,0.600977358291188,0.07661405267788246,0.47559015644122027,6510816.0,0.2248492570676798,0.7777777777777778,-0.04666754827373582,0.2222222222222222,48.0,1121.0,1,1,1,0,1,0,0,0,0
96993,ZA5,KwaZulu-Natal,ZA5,KwaZulu-Natal,2020-11-19,2020-11-28,2,2,2,597762.3719002255,435309.7244380508,1478762,135.24446123328846,185.71615885112988,12323.016666666666,12323.016666666666,1.0,20201119,20201128,0.3109682093283005,0.6320226943362347,0.05700909633546477,0.4797594466393526,10418811.0,0.3109682093283005,0.6320226943362347,0.05700909633546477,0.4797594466393526,10418811.0,0.07735186107982292,0.5555555555555556,0.07735186107982292,0.5555555555555556,156.0,287.0,1,1,1,0,1,0,0,0,0
96994,ZA6,North West,ZA8,Mpumalanga,2020-11-19,2020-11-19,13,13,13,9079413.626914874,2899817.3696653703,224292,138.60484432765392,433.9758515516917,287.55384615384617,287.55384615384617,1.0,20201119,20201119,0.2828745421867569,0.6531826641385288,0.0639427936747143,0.5169154144355026,3885864.0,0.30219785415266165,0.6444398558234767,0.053362290023861565,0.4955341209781855,4547481.0,-0.04677388157695324,0.1111111111111111,0.0523010419666447,0.4444444444444444,51.0,86.0,1,1,1,0,1,0,0,0,0
96995,ZA9,Limpopo,ZA7,Gauteng,2020-11-19,2020-11-25,1,1,1,238720.34051965812,235869.7101806013,582000,146.56264302759467,148.33394260000233,9700.0,9700.0,1.0,20201119,20201125,0.3322212084583728,0.5982309127294063,0.06954787881222096,0.47107489302560024,5527257.0,0.22703936886350948,0.7223349844212468,0.050625646715243805,0.5123439321519871,14760167.0,-0.020299216875639643,0.3333333333333333,0.6706237180439658,1.0,27.0,367.0,1,1,1,0,1,0,0,0,0
96996,ZA2,Eastern Cape,ZA4,Free State,2020-11-19,2020-11-19,29,29,28,8472262.335402777,3839782.846901289,391085,85.21180162541138,188.01499101059585,224.76149425287355,232.78869047619048,1.0357142857142858,20201119,20201119,0.32240858903092945,0.600977358291188,0.07661405267788246,0.47559015644122027,6510816.0,0.28114593899768064,0.6555271573171474,0.06332690368517199,0.4905192097314189,2663702.0,-0.04666754827373582,0.2222222222222222,0.2248492570676798,0.7777777777777778,1121.0,48.0,1,1,1,0,1,0,0,0,0
96997,ZA1,Western Cape,ZA1,Western Cape,2020-11-19,2020-11-21,8,8,8,6715455.581395722,492911.1639408675,1295662,38.28509970062861,521.5988301285898,2699.295833333333,2699.295833333333,1.0,20201119,20201121,0.24146430881004144,0.6902282722160927,0.06830741897386587,0.4994387746892386,6898299.0,0.24146430881004144,0.6902282722160927,0.06830741897386587,0.4994387746892386,6898299.0,0.48495156727992644,0.8888888888888888,0.48495156727992644,0.8888888888888888,745.0,710.0,1,1,1,0,1,0,0,0,0
96998,ZA1,Western Cape,ZA2,Eastern Cape,2020-11-19,2020-11-20,9,9,9,7618523.00216816,4945654.529021076,525618,341.4541390101996,525.992302327198,973.3666666666668,973.3666666666668,1.0,20201119,20201120,0.24146430881004144,0.6902282722160927,0.06830741897386587,0.4994387746892386,6898299.0,0.32240858903092945,0.600977358291188,0.07661405267788246,0.47559015644122027,6510816.0,0.48495156727992644,0.8888888888888888,-0.04666754827373582,0.2222222222222222,745.0,1691.0,1,1,1,0,1,0,0,0,0
96999,ZA8,Mpumalanga,ZA7,Gauteng,2020-11-19,2020-11-24,2,2,2,487544.6450859567,228321.37766859413,817662,70.93616332760246,151.4730986929944,6813.85,6813.85,1.0,20201119,20201124,0.30219785415266165,0.6444398558234767,0.053362290023861565,0.4955341209781855,4547481.0,0.22703936886350948,0.7223349844212468,0.050625646715243805,0.5123439321519871,14760167.0,0.0523010419666447,0.4444444444444444,0.6706237180439658,1.0,86.0,179.0,1,1,1,0,1,0,0,0,0
97000,ZA6,North West,ZA6,North West,2020-11-19,2020-11-21,4,4,4,1618582.1487318864,838766.41152999,569709,130.29632128525506,251.4350798728995,2373.7875,2373.7875,1.0,20201119,20201121,0.2828745421867569,0.6531826641385288,0.0639427936747143,0.5169154144355026,3885864.0,0.2828745421867569,0.6531826641385288,0.0639427936747143,0.5169154144355026,3885864.0,-0.04677388157695324,0.1111111111111111,-0.04677388157695324,0.1111111111111111,51.0,43.0,1,1,1,0,1,0,0,0,0
97001,ZA2,Eastern Cape,ZA6,North West,2020-11-19,2020-11-20,1,1,1,1312732.6937180075,653889.2003581243,76892,406.30791201764464,815.6942789844853,1281.5333333333333,1281.5333333333333,1.0,20201119,20201120,0.32240858903092945,0.600977358291188,0.07661405267788246,0.47559015644122027,6510816.0,0.2828745421867569,0.6531826641385288,0.0639427936747143,0.5169154144355026,3885864.0,-0.04666754827373582,0.2222222222222222,-0.04677388157695324,0.1111111111111111,1121.0,45.0,1,1,1,0,1,0,0,0,0
97002,ZA1,Western Cape,ZA1,Western Cape,2020-11-19,2020-11-22,2,2,2,65415.20023309318,9371.656415833995,465659,2.911638660172715,20.32356047964052,3880.491666666667,3880.491666666667,1.0,20201119,20201122,0.24146430881004144,0.6902282722160927,0.06830741897386587,0.4994387746892386,6898299.0,0.24146430881004144,0.6902282722160927,0.06830741897386587,0.4994387746892386,6898299.0,0.48495156727992644,0.8888888888888888,0.48495156727992644,0.8888888888888888,745.0,597.0,1,1,1,0,1,0,0,0,0
97003,ZA4,Free State,ZA2,Eastern Cape,2020-11-19,2020-11-20,11,11,11,10549558.245852403,4213979.919532227,537491,238.0405206058113,595.9265077093188,814.380303030303,814.380303030303,1.0,20201119,20201120,0.28114593899768064,0.6555271573171474,0.06332690368517199,0.4905192097314189,2663702.0,0.32240858903092945,0.600977358291188,0.07661405267788246,0.47559015644122027,6510816.0,0.2248492570676798,0.7777777777777778,-0.04666754827373582,0.2222222222222222,48.0,1691.0,1,1,1,0,1,0,0,0,0
97004,ZA8,Mpumalanga,ZA2,Eastern Cape,2020-11-19,2020-11-23,1,1,1,2330414.805591282,1151162.2735091916,322161,715.2990743490462,1448.0526261577895,5369.35,5369.35,1.0,20201119,20201123,0.30219785415266165,0.6444398558234767,0.053362290023861565,0.4955341209781855,4547481.0,0.32240858903092945,0.600977358291188,0.07661405267788246,0.47559015644122027,6510816.0,0.0523010419666447,0.4444444444444444,-0.04666754827373582,0.2222222222222222,86.0,1314.0,1,1,1,0,1,0,0,0,0
97005,ZA9,Limpopo,ZA7,Gauteng,2020-11-19,2020-11-28,1,1,1,148641.36474868996,148637.15885644616,761458,92.35884860939994,92.3614620296779,12690.966666666667,12690.966666666667,1.0,20201119,20201128,0.3322212084583728,0.5982309127294063,0.06954787881222096,0.47107489302560024,5527257.0,0.22703936886350948,0.7223349844212468,0.050625646715243805,0.5123439321519871,14760167.0,-0.020299216875639643,0.3333333333333333,0.6706237180439658,1.0,27.0,267.0,1,1,1,0,1,0,0,0,0
97006,ZA7,Gauteng,ZA6,North West,2020-11-19,2020-11-30,1,1,1,343517.7369605541,169942.21329849825,917362,105.59719568873916,213.4520257698504,15289.366666666669,15289.366666666669,1.0,20201119,20201130,0.22703936886350948,0.7223349844212468,0.050625646715243805,0.5123439321519871,14760167.0,0.2828745421867569,0.6531826641385288,0.0639427936747143,0.5169154144355026,3885864.0,0.6706237180439658,1.0,-0.04677388157695324,0.1111111111111111,241.0,12.0,1,1,1,0,1,0,0,0,0
97007,ZA1,Western Cape,ZA5,KwaZulu-Natal,2020-11-19,2020-11-20,9,9,9,21981085.78327678,11364686.58769737,424618,784.6320949334615,1517.601497758423,786.3296296296297,786.3296296296297,1.0,20201119,20201120,0.24146430881004144,0.6902282722160927,0.06830741897386587,0.4994387746892386,6898299.0,0.3109682093283005,0.6320226943362347,0.05700909633546477,0.4797594466393526,10418811.0,0.48495156727992644,0.8888888888888888,0.07735186107982292,0.5555555555555556,745.0,283.0,1,1,1,0,1,0,0,0,0
97008,ZA3,Nothern Cape,ZA2,Eastern Cape,2020-11-19,2020-11-19,6,6,6,4930328.036232857,807903.9588003993,49703,83.66804101551101,510.59396833252725,138.0638888888889,138.0638888888889,1.0,20201119,20201119,0.2905180543789262,0.6449880916225764,0.06449385399849747,0.5008080113808923,1251220.0,0.32240858903092945,0.600977358291188,0.07661405267788246,0.47559015644122027,6510816.0,0.09958456723393624,0.6666666666666666,-0.04666754827373582,0.2222222222222222,39.0,1121.0,1,1,1,0,1,0,0,0,0
97009,ZA7,Gauteng,ZA1,Western Cape,2020-11-19,2020-11-22,1,1,1,2645016.263651652,1286498.5538315591,206282,799.3931402059219,1643.5369092323654,3438.0333333333333,3438.0333333333333,1.0,20201119,20201122,0.22703936886350948,0.7223349844212468,0.050625646715243805,0.5123439321519871,14760167.0,0.24146430881004144,0.6902282722160927,0.06830741897386587,0.4994387746892386,6898299.0,0.6706237180439658,1.0,0.48495156727992644,0.8888888888888888,241.0,597.0,1,1,1,0,1,0,0,0,0
97010,ZA2,Eastern Cape,ZA5,KwaZulu-Natal,2020-11-19,2020-11-19,33,32,32,14634787.16067313,5972121.593644562,553254,115.96575983841402,284.1760983177216,279.42121212121214,288.153125,1.03125,20201119,20201119,0.32240858903092945,0.600977358291188,0.07661405267788246,0.47559015644122027,6510816.0,0.3109682093283005,0.6320226943362347,0.05700909633546477,0.4797594466393526,10418811.0,-0.04666754827373582,0.2222222222222222,0.07735186107982292,0.5555555555555556,1121.0,156.0,1,1,1,0,1,0,0,0,0
97011,ZA5,KwaZulu-Natal,,,2020-11-19,2020-11-19,9,9,8,1163759.931435926,241487.50062038423,90547,18.75667202136276,90.3908620092974,167.67962962962963,188.6395833333333,1.125,20201119,20201119,0.3109682093283005,0.6320226943362347,0.05700909633546477,0.4797594466393526,10418811.0,,,,,,0.07735186107982292,0.5555555555555556,,,156.0,,1,1,1,0,1,0,0,0,0
97012,ZA4,Free State,ZA1,Western Cape,2020-11-19,2020-11-20,6,6,6,13063817.349050429,5141725.846768866,403707,532.486719927381,1352.913293558372,1121.4083333333333,1121.4083333333333,1.0,20201119,20201120,0.28114593899768064,0.6555271573171474,0.06332690368517199,0.4905192097314189,2663702.0,0.24146430881004144,0.6902282722160927,0.06830741897386587,0.4994387746892386,6898299.0,0.2248492570676798,0.7777777777777778,0.48495156727992644,0.8888888888888888,48.0,569.0,1,1,1,0,1,0,0,0,0
97013,ZA2,Eastern Cape,ZA2,Eastern Cape,2020-11-19,2020-11-23,3,3,3,437544.67969395086,289624.03361959435,1010318,59.98801035693101,90.62588642617754,5612.877777777778,5612.877777777778,1.0,20201119,20201123,0.32240858903092945,0.600977358291188,0.07661405267788246,0.47559015644122027,6510816.0,0.32240858903092945,0.600977358291188,0.07661405267788246,0.47559015644122027,6510816.0,-0.04666754827373582,0.2222222222222222,-0.04666754827373582,0.2222222222222222,1121.0,1314.0,1,1,1,0,1,0,0,0,0
97014,ZA5,KwaZulu-Natal,ZA4,Free State,2020-11-19,2020-11-20,5,5,5,4301523.886791175,1858191.0393939377,403749,230.9252763105884,534.5686051945606,1345.8300000000002,1345.8300000000002,1.0,20201119,20201120,0.3109682093283005,0.6320226943362347,0.05700909633546477,0.4797594466393526,10418811.0,0.28114593899768064,0.6555271573171474,0.06332690368517199,0.4905192097314189,2663702.0,0.07735186107982292,0.5555555555555556,0.2248492570676798,0.7777777777777778,156.0,52.0,1,1,1,0,1,0,0,0,0
97015,ZA7,Gauteng,ZA1,Western Cape,2020-11-19,2020-11-20,35,35,35,77537936.19431537,43138278.699572325,1485241,765.8538190462755,1376.5668530481164,707.2576190476191,707.2576190476191,1.0,20201119,20201120,0.22703936886350948,0.7223349844212468,0.050625646715243805,0.5123439321519871,14760167.0,0.24146430881004144,0.6902282722160927,0.06830741897386587,0.4994387746892386,6898299.0,0.6706237180439658,1.0,0.48495156727992644,0.8888888888888888,241.0,569.0,1,1,1,0,1,0,0,0,0
97016,ZA9,Limpopo,ZA5,KwaZulu-Natal,2020-11-19,2020-11-19,7,7,7,8876781.815701839,4891711.481714129,232215,434.22408506768056,787.968071436191,552.8928571428571,552.8928571428571,1.0,20201119,20201119,0.3322212084583728,0.5982309127294063,0.06954787881222096,0.47107489302560024,5527257.0,0.3109682093283005,0.6320226943362347,0.05700909633546477,0.4797594466393526,10418811.0,-0.020299216875639643,0.3333333333333333,0.07735186107982292,0.5555555555555556,27.0,156.0,1,1,1,0,1,0,0,0,0
97017,ZA3,Nothern Cape,ZA3,Nothern Cape,2020-11-19,2020-11-23,2,2,2,2520991.886221364,243700.8119734137,663522,75.71433204256323,783.2358669810072,5529.35,5529.35,1.0,20201119,20201123,0.2905180543789262,0.6449880916225764,0.06449385399849747,0.5008080113808923,1251220.0,0.2905180543789262,0.6449880916225764,0.06449385399849747,0.5008080113808923,1251220.0,0.09958456723393624,0.6666666666666666,0.09958456723393624,0.6666666666666666,39.0,16.0,1,1,1,0,1,0,0,0,0
97018,ZA2,Eastern Cape,ZA2,Eastern Cape,2020-11-19,2020-11-22,5,5,5,3410134.744536587,1887528.8699828156,1282371,234.57121286472196,423.7918983805311,4274.570000000001,4274.570000000001,1.0,20201119,20201122,0.32240858903092945,0.600977358291188,0.07661405267788246,0.47559015644122027,6510816.0,0.32240858903092945,0.600977358291188,0.07661405267788246,0.47559015644122027,6510816.0,-0.04666754827373582,0.2222222222222222,-0.04666754827373582,0.2222222222222222,1121.0,1199.0,1,1,1,0,1,0,0,0,0
97019,ZA3,Nothern Cape,ZA5,KwaZulu-Natal,2020-11-19,2020-11-28,1,1,1,2917270.343878437,729584.0566990726,715804,453.3425151484534,1812.7077516543616,11930.066666666668,11930.066666666668,1.0,20201119,20201128,0.2905180543789262,0.6449880916225764,0.06449385399849747,0.5008080113808923,1251220.0,0.3109682093283005,0.6320226943362347,0.05700909633546477,0.4797594466393526,10418811.0,0.09958456723393624,0.6666666666666666,0.07735186107982292,0.5555555555555556,39.0,287.0,1,1,1,0,1,0,0,0,0
97020,ZA5,KwaZulu-Natal,ZA4,Free State,2020-11-19,2020-11-19,17,16,16,17750225.587999087,5116417.973429457,342230,198.69967100839912,689.3424272560391,335.51960784313724,356.4895833333333,1.0625,20201119,20201119,0.3109682093283005,0.6320226943362347,0.05700909633546477,0.4797594466393526,10418811.0,0.28114593899768064,0.6555271573171474,0.06332690368517199,0.4905192097314189,2663702.0,0.07735186107982292,0.5555555555555556,0.2248492570676798,0.7777777777777778,156.0,48.0,1,1,1,0,1,0,0,0,0
97021,ZA7,Gauteng,ZA7,Gauteng,2020-11-19,2020-11-28,1,1,1,84856.0232081135,84725.6752965576,774691,52.64609387213523,52.72708830934437,12911.516666666666,12911.516666666666,1.0,20201119,20201128,0.22703936886350948,0.7223349844212468,0.050625646715243805,0.5123439321519871,14760167.0,0.22703936886350948,0.7223349844212468,0.050625646715243805,0.5123439321519871,14760167.0,0.6706237180439658,1.0,0.6706237180439658,1.0,241.0,267.0,1,1,1,0,1,0,0,0,0
97022,ZA9,Limpopo,ZA9,Limpopo,2020-11-19,2020-11-22,6,6,6,2308502.8932166724,1160184.4717669396,1356941,120.15086807284412,239.07286584022972,3769.280555555556,3769.280555555556,1.0,20201119,20201122,0.3322212084583728,0.5982309127294063,0.06954787881222096,0.47107489302560024,5527257.0,0.3322212084583728,0.5982309127294063,0.06954787881222096,0.47107489302560024,5527257.0,-0.020299216875639643,0.3333333333333333,-0.020299216875639643,0.3333333333333333,27.0,27.0,1,1,1,0,1,0,0,0,0
97023,ZA4,Free State,ZA8,Mpumalanga,2020-11-19,2020-11-19,7,7,7,5025744.249947032,1153458.3131896197,70854,102.3893953232426,446.121813781359,168.7,168.7,1.0,20201119,20201119,0.28114593899768064,0.6555271573171474,0.06332690368517199,0.4905192097314189,2663702.0,0.30219785415266165,0.6444398558234767,0.053362290023861565,0.4955341209781855,4547481.0,0.2248492570676798,0.7777777777777778,0.0523010419666447,0.4444444444444444,48.0,86.0,1,1,1,0,1,0,0,0,0
97024,ZA5,KwaZulu-Natal,ZA5,KwaZulu-Natal,2020-11-19,2020-11-21,8,8,8,4480681.92763391,1215428.5850010589,1310108,94.40403861768048,348.0208339262698,2729.391666666667,2729.391666666667,1.0,20201119,20201121,0.3109682093283005,0.6320226943362347,0.05700909633546477,0.4797594466393526,10418811.0,0.3109682093283005,0.6320226943362347,0.05700909633546477,0.4797594466393526,10418811.0,0.07735186107982292,0.5555555555555556,0.07735186107982292,0.5555555555555556,156.0,180.0,1,1,1,0,1,0,0,0,0
97025,ZA2,Eastern Cape,ZA2,Eastern Cape,2020-11-19,2020-11-28,1,1,1,582812.6036439579,95640.284994438,772043,59.42811791291233,362.1429623771909,12867.383333333331,12867.383333333331,1.0,20201119,20201128,0.32240858903092945,0.600977358291188,0.07661405267788246,0.47559015644122027,6510816.0,0.32240858903092945,0.600977358291188,0.07661405267788246,0.47559015644122027,6510816.0,-0.04666754827373582,0.2222222222222222,-0.04666754827373582,0.2222222222222222,1121.0,1413.0,1,1,1,0,1,0,0,0,0
97026,ZA3,Nothern Cape,ZA8,Mpumalanga,2020-11-19,2020-11-19,2,2,2,2702382.727523616,1265394.411000545,28806,393.1398169069338,839.5913886414637,240.05,240.05,1.0,20201119,20201119,0.2905180543789262,0.6449880916225764,0.06449385399849747,0.5008080113808923,1251220.0,0.30219785415266165,0.6444398558234767,0.053362290023861565,0.4955341209781855,4547481.0,0.09958456723393624,0.6666666666666666,0.0523010419666447,0.4444444444444444,39.0,86.0,1,1,1,0,1,0,0,0,0
97027,ZA4,Free State,ZA9,Limpopo,2020-11-19,2020-11-19,3,3,3,2885817.393402615,1521015.1267525535,65687,315.03832757375125,597.7212647726061,364.9277777777778,364.9277777777778,1.0,20201119,20201119,0.28114593899768064,0.6555271573171474,0.06332690368517199,0.4905192097314189,2663702.0,0.3322212084583728,0.5982309127294063,0.06954787881222096,0.47107489302560024,5527257.0,0.2248492570676798,0.7777777777777778,-0.020299216875639643,0.3333333333333333,48.0,27.0,1,1,1,0,1,0,0,0,0
97028,ZA7,Gauteng,ZA3,Nothern Cape,2020-11-19,2020-11-19,6,6,6,8943750.704481542,3644615.278770079,178982,377.4431568359612,926.2315063861986,497.1722222222222,497.1722222222222,1.0,20201119,20201119,0.22703936886350948,0.7223349844212468,0.050625646715243805,0.5123439321519871,14760167.0,0.2905180543789262,0.6449880916225764,0.06449385399849747,0.5008080113808923,1251220.0,0.6706237180439658,1.0,0.09958456723393624,0.6666666666666666,241.0,39.0,1,1,1,0,1,0,0,0,0
97029,ZA4,Free State,ZA3,Nothern Cape,2020-11-19,2020-11-21,1,1,1,1709263.486460375,574973.6216593963,198640,357.2720447955169,1062.087090429625,3310.6666666666665,3310.6666666666665,1.0,20201119,20201121,0.28114593899768064,0.6555271573171474,0.06332690368517199,0.4905192097314189,2663702.0,0.2905180543789262,0.6449880916225764,0.06449385399849747,0.5008080113808923,1251220.0,0.2248492570676798,0.7777777777777778,0.09958456723393624,0.6666666666666666,48.0,24.0,1,1,1,0,1,0,0,0,0
97030,ZA8,Mpumalanga,ZA6,North West,2020-11-19,2020-11-20,2,2,2,734961.1293359394,284145.23278924794,73881,88.27983103340489,228.34183659178504,615.675,615.675,1.0,20201119,20201120,0.30219785415266165,0.6444398558234767,0.053362290023861565,0.4955341209781855,4547481.0,0.2828745421867569,0.6531826641385288,0.0639427936747143,0.5169154144355026,3885864.0,0.0523010419666447,0.4444444444444444,-0.04677388157695324,0.1111111111111111,86.0,45.0,1,1,1,0,1,0,0,0,0
97031,ZA4,Free State,ZA4,Free State,2020-11-19,2020-11-23,2,2,2,333711.4042849409,132750.4649667868,636318,41.24365734323637,103.67932657186437,5302.65,5302.65,1.0,20201119,20201123,0.28114593899768064,0.6555271573171474,0.06332690368517199,0.4905192097314189,2663702.0,0.28114593899768064,0.6555271573171474,0.06332690368517199,0.4905192097314189,2663702.0,0.2248492570676798,0.7777777777777778,0.2248492570676798,0.7777777777777778,48.0,30.0,1,1,1,0,1,0,0,0,0
97033,ZA1,Western Cape,,,2020-11-19,2020-11-19,15,15,15,1856280.782860407,311030.8303880621,128594,12.884373193386544,76.89596021154817,142.8822222222222,142.8822222222222,1.0,20201119,20201119,0.24146430881004144,0.6902282722160927,0.06830741897386587,0.4994387746892386,6898299.0,,,,,,0.48495156727992644,0.8888888888888888,,,745.0,,1,1,1,0,1,0,0,0,0
97034,ZA9,Limpopo,ZA6,North West,2020-11-19,2020-11-20,10,10,10,2666715.36215374,1366325.200693973,472763,84.89951189391289,165.7020103939083,787.9383333333334,787.9383333333334,1.0,20201119,20201120,0.3322212084583728,0.5982309127294063,0.06954787881222096,0.47107489302560024,5527257.0,0.2828745421867569,0.6531826641385288,0.0639427936747143,0.5169154144355026,3885864.0,-0.020299216875639643,0.3333333333333333,-0.04677388157695324,0.1111111111111111,27.0,45.0,1,1,1,0,1,0,0,0,0
97035,ZA8,Mpumalanga,ZA3,Nothern Cape,2020-11-19,2020-11-19,1,1,1,1655534.6317060078,772669.9415605466,45921,480.114842793428,1028.7015278933577,765.35,765.35,1.0,20201119,20201119,0.30219785415266165,0.6444398558234767,0.053362290023861565,0.4955341209781855,4547481.0,0.2905180543789262,0.6449880916225764,0.06449385399849747,0.5008080113808923,1251220.0,0.0523010419666447,0.4444444444444444,0.09958456723393624,0.6666666666666666,86.0,39.0,1,1,1,0,1,0,0,0,0
97036,ZA6,North West,ZA4,Free State,2020-11-19,2020-11-20,17,17,17,4628394.462964286,1760405.7028683545,653935,64.3450229654536,169.17358738804666,641.1127450980391,641.1127450980391,1.0,20201119,20201120,0.2828745421867569,0.6531826641385288,0.0639427936747143,0.5169154144355026,3885864.0,0.28114593899768064,0.6555271573171474,0.06332690368517199,0.4905192097314189,2663702.0,-0.04677388157695324,0.1111111111111111,0.2248492570676798,0.7777777777777778,51.0,52.0,1,1,1,0,1,0,0,0,0
97037,ZA8,Mpumalanga,ZA5,KwaZulu-Natal,2020-11-19,2020-11-20,8,8,8,4413375.852802945,2328107.503018304,531629,180.8273668508957,342.7930769309533,1107.5604166666667,1107.5604166666667,1.0,20201119,20201120,0.30219785415266165,0.6444398558234767,0.053362290023861565,0.4955341209781855,4547481.0,0.3109682093283005,0.6320226943362347,0.05700909633546477,0.4797594466393526,10418811.0,0.0523010419666447,0.4444444444444444,0.07735186107982292,0.5555555555555556,86.0,283.0,1,1,1,0,1,0,0,0,0
97038,ZA3,Nothern Cape,ZA1,Western Cape,2020-11-19,2020-11-19,16,16,16,15129297.615693323,6812965.113752669,418885,264.5862659627412,587.5568560735509,436.3385416666667,436.3385416666667,1.0,20201119,20201119,0.2905180543789262,0.6449880916225764,0.06449385399849747,0.5008080113808923,1251220.0,0.24146430881004144,0.6902282722160927,0.06830741897386587,0.4994387746892386,6898299.0,0.09958456723393624,0.6666666666666666,0.48495156727992644,0.8888888888888888,39.0,745.0,1,1,1,0,1,0,0,0,0
97039,ZA8,Mpumalanga,ZA4,Free State,2020-11-19,2020-11-20,4,4,4,1879973.7396528905,951890.7594768256,187849,147.8693740239541,292.04038099574893,782.7041666666667,782.7041666666667,1.0,20201119,20201120,0.30219785415266165,0.6444398558234767,0.053362290023861565,0.4955341209781855,4547481.0,0.28114593899768064,0.6555271573171474,0.06332690368517199,0.4905192097314189,2663702.0,0.0523010419666447,0.4444444444444444,0.2248492570676798,0.7777777777777778,86.0,52.0,1,1,1,0,1,0,0,0,0
97040,ZA7,Gauteng,ZA8,Mpumalanga,2020-11-19,2020-11-24,1,1,1,126232.70524402118,126196.26188385354,377978,78.41472170266489,78.4373665568214,6299.633333333333,6299.633333333333,1.0,20201119,20201124,0.22703936886350948,0.7223349844212468,0.050625646715243805,0.5123439321519871,14760167.0,0.30219785415266165,0.6444398558234767,0.053362290023861565,0.4955341209781855,4547481.0,0.6706237180439658,1.0,0.0523010419666447,0.4444444444444444,241.0,35.0,1,1,1,0,1,0,0,0,0
97041,ZA9,Limpopo,ZA1,Western Cape,2020-11-19,2020-11-19,2,2,2,6905919.091466932,3252290.248764321,59390,1010.4397346882708,2145.5695896796865,494.9166666666667,494.9166666666667,1.0,20201119,20201119,0.3322212084583728,0.5982309127294063,0.06954787881222096,0.47107489302560024,5527257.0,0.24146430881004144,0.6902282722160927,0.06830741897386587,0.4994387746892386,6898299.0,-0.020299216875639643,0.3333333333333333,0.48495156727992644,0.8888888888888888,27.0,745.0,1,1,1,0,1,0,0,0,0
97042,ZA7,Gauteng,ZA6,North West,2020-11-19,2020-11-29,1,1,1,319791.1379049127,127029.40295244416,878857,78.93241156175695,198.70900062690927,14647.616666666669,14647.616666666669,1.0,20201119,20201129,0.22703936886350948,0.7223349844212468,0.050625646715243805,0.5123439321519871,14760167.0,0.2828745421867569,0.6531826641385288,0.0639427936747143,0.5169154144355026,3885864.0,0.6706237180439658,1.0,-0.04677388157695324,0.1111111111111111,241.0,26.0,1,1,1,0,1,0,0,0,0
97043,ZA1,Western Cape,ZA1,Western Cape,2020-11-19,2020-11-24,3,3,3,3903922.7162092337,3529234.011813741,1160459,730.9881152017512,808.5950375244475,6446.9944444444445,6446.9944444444445,1.0,20201119,20201124,0.24146430881004144,0.6902282722160927,0.06830741897386587,0.4994387746892386,6898299.0,0.24146430881004144,0.6902282722160927,0.06830741897386587,0.4994387746892386,6898299.0,0.48495156727992644,0.8888888888888888,0.48495156727992644,0.8888888888888888,745.0,652.0,1,1,1,0,1,0,0,0,0
97044,ZA7,Gauteng,ZA9,Limpopo,2020-11-19,2020-11-29,1,1,1,588365.648404329,317616.18168608035,873273,197.3575454881494,365.5934644204899,14554.55,14554.55,1.0,20201119,20201129,0.22703936886350948,0.7223349844212468,0.050625646715243805,0.5123439321519871,14760167.0,0.3322212084583728,0.5982309127294063,0.06954787881222096,0.47107489302560024,5527257.0,0.6706237180439658,1.0,-0.020299216875639643,0.3333333333333333,241.0,23.0,1,1,1,0,1,0,0,0,0
97045,ZA1,Western Cape,ZA1,Western Cape,2020-11-19,2020-11-26,3,3,3,536584.6077253278,392433.6679984049,1851395,81.28232538607963,111.1394058128297,10285.527777777776,10285.527777777776,1.0,20201119,20201126,0.24146430881004144,0.6902282722160927,0.06830741897386587,0.4994387746892386,6898299.0,0.24146430881004144,0.6902282722160927,0.06830741897386587,0.4994387746892386,6898299.0,0.48495156727992644,0.8888888888888888,0.48495156727992644,0.8888888888888888,745.0,1057.0,1,1,1,0,1,0,0,0,0
97046,ZA9,Limpopo,ZA9,Limpopo,2020-11-19,2020-11-25,2,2,2,481562.5172844352,240922.0150872732,1006759,74.85099987549995,149.61453775092062,8389.658333333333,8389.658333333333,1.0,20201119,20201125,0.3322212084583728,0.5982309127294063,0.06954787881222096,0.47107489302560024,5527257.0,0.3322212084583728,0.5982309127294063,0.06954787881222096,0.47107489302560024,5527257.0,-0.020299216875639643,0.3333333333333333,-0.020299216875639643,0.3333333333333333,27.0,19.0,1,1,1,0,1,0,0,0,0
97048,ZA6,North West,ZA1,Western Cape,2020-11-19,2020-11-19,6,6,6,14117774.678987935,7396905.37038674,181470,766.0373181439911,1462.0630806701297,504.0833333333333,504.0833333333333,1.0,20201119,20201119,0.2828745421867569,0.6531826641385288,0.0639427936747143,0.5169154144355026,3885864.0,0.24146430881004144,0.6902282722160927,0.06830741897386587,0.4994387746892386,6898299.0,-0.04677388157695324,0.1111111111111111,0.48495156727992644,0.8888888888888888,51.0,745.0,1,1,1,0,1,0,0,0,0
97049,ZA2,Eastern Cape,ZA5,KwaZulu-Natal,2020-11-19,2020-11-24,1,1,1,3155714.1335303346,846772.97610966,460932,526.160333719615,1960.8698535119493,7682.2,7682.2,1.0,20201119,20201124,0.32240858903092945,0.600977358291188,0.07661405267788246,0.47559015644122027,6510816.0,0.3109682093283005,0.6320226943362347,0.05700909633546477,0.4797594466393526,10418811.0,-0.04666754827373582,0.2222222222222222,0.07735186107982292,0.5555555555555556,1121.0,160.0,1,1,1,0,1,0,0,0,0
97050,ZA1,Western Cape,ZA5,KwaZulu-Natal,2020-11-19,2020-11-19,12,12,10,29234156.236531984,15525818.698879795,214637,964.7296475383632,1816.526251474637,298.1069444444445,357.7283333333333,1.2,20201119,20201119,0.24146430881004144,0.6902282722160927,0.06830741897386587,0.4994387746892386,6898299.0,0.3109682093283005,0.6320226943362347,0.05700909633546477,0.4797594466393526,10418811.0,0.48495156727992644,0.8888888888888888,0.07735186107982292,0.5555555555555556,745.0,156.0,1,1,1,0,1,0,0,0,0
97051,ZA7,Gauteng,ZA4,Free State,2020-11-19,2020-11-20,32,32,32,15346404.61306698,7214100.154487421,1343586,140.08231293479324,297.994179093061,699.784375,699.784375,1.0,20201119,20201120,0.22703936886350948,0.7223349844212468,0.050625646715243805,0.5123439321519871,14760167.0,0.28114593899768064,0.6555271573171474,0.06332690368517199,0.4905192097314189,2663702.0,0.6706237180439658,1.0,0.2248492570676798,0.7777777777777778,241.0,52.0,1,1,1,0,1,0,0,0,0
97052,ZA4,Free State,ZA6,North West,2020-11-19,2020-11-29,1,1,1,194382.100931224,192422.7127056036,899959,119.56593040742288,120.78343780523244,14999.316666666668,14999.316666666668,1.0,20201119,20201129,0.28114593899768064,0.6555271573171474,0.06332690368517199,0.4905192097314189,2663702.0,0.2828745421867569,0.6531826641385288,0.0639427936747143,0.5169154144355026,3885864.0,0.2248492570676798,0.7777777777777778,-0.04677388157695324,0.1111111111111111,48.0,26.0,1,1,1,0,1,0,0,0,0
97053,ZA6,North West,ZA3,Nothern Cape,2020-11-19,2020-11-19,23,23,23,14499317.411762936,5368698.794543721,404296,145.04151177081607,391.7155715988987,292.968115942029,292.968115942029,1.0,20201119,20201119,0.2828745421867569,0.6531826641385288,0.0639427936747143,0.5169154144355026,3885864.0,0.2905180543789262,0.6449880916225764,0.06449385399849747,0.5008080113808923,1251220.0,-0.04677388157695324,0.1111111111111111,0.09958456723393624,0.6666666666666666,51.0,39.0,1,1,1,0,1,0,0,0,0
97054,ZA9,Limpopo,ZA9,Limpopo,2020-11-19,2020-11-23,2,2,2,551021.9610380076,150792.203086335,632234,46.84896550592509,171.1945864395703,5268.616666666667,5268.616666666667,1.0,20201119,20201123,0.3322212084583728,0.5982309127294063,0.06954787881222096,0.47107489302560024,5527257.0,0.3322212084583728,0.5982309127294063,0.06954787881222096,0.47107489302560024,5527257.0,-0.020299216875639643,0.3333333333333333,-0.020299216875639643,0.3333333333333333,27.0,9.0,1,1,1,0,1,0,0,0,0
97055,ZA3,Nothern Cape,ZA1,Western Cape,2020-11-19,2020-11-21,1,1,1,423131.38399527554,315034.7640577328,154209,195.7535269387606,262.92165254617754,2570.15,2570.15,1.0,20201119,20201121,0.2905180543789262,0.6449880916225764,0.06449385399849747,0.5008080113808923,1251220.0,0.24146430881004144,0.6902282722160927,0.06830741897386587,0.4994387746892386,6898299.0,0.09958456723393624,0.6666666666666666,0.48495156727992644,0.8888888888888888,39.0,710.0,1,1,1,0,1,0,0,0,0
97056,ZA3,Nothern Cape,ZA7,Gauteng,2020-11-19,2020-11-21,2,2,2,3982899.905059577,1966897.391454092,262464,611.0866885681658,1237.4296312844167,2187.2,2187.2,1.0,20201119,20201121,0.2905180543789262,0.6449880916225764,0.06449385399849747,0.5008080113808923,1251220.0,0.22703936886350948,0.7223349844212468,0.050625646715243805,0.5123439321519871,14760167.0,0.09958456723393624,0.6666666666666666,0.6706237180439658,1.0,39.0,203.0,1,1,1,0,1,0,0,0,0
97057,ZA8,Mpumalanga,ZA5,KwaZulu-Natal,2020-11-19,2020-11-21,3,3,3,1816573.4136626648,1125535.091615494,428673,233.1250272606921,376.2554626114045,2381.516666666667,2381.516666666667,1.0,20201119,20201121,0.30219785415266165,0.6444398558234767,0.053362290023861565,0.4955341209781855,4547481.0,0.3109682093283005,0.6320226943362347,0.05700909633546477,0.4797594466393526,10418811.0,0.0523010419666447,0.4444444444444444,0.07735186107982292,0.5555555555555556,86.0,180.0,1,1,1,0,1,0,0,0,0
97059,ZA4,Free State,ZA3,Nothern Cape,2020-11-19,2020-11-20,9,9,9,9172426.823167255,4024532.4013776807,459840,277.85872182687,633.2757545356822,851.5555555555555,851.5555555555555,1.0,20201119,20201120,0.28114593899768064,0.6555271573171474,0.06332690368517199,0.4905192097314189,2663702.0,0.2905180543789262,0.6449880916225764,0.06449385399849747,0.5008080113808923,1251220.0,0.2248492570676798,0.7777777777777778,0.09958456723393624,0.6666666666666666,48.0,70.0,1,1,1,0,1,0,0,0,0
97060,ZA7,Gauteng,ZA8,Mpumalanga,2020-11-19,2020-11-26,2,2,2,916615.6961509702,462268.2614329112,1184338,143.6200903700238,284.7792939703911,9869.483333333334,9869.483333333334,1.0,20201119,20201126,0.22703936886350948,0.7223349844212468,0.050625646715243805,0.5123439321519871,14760167.0,0.30219785415266165,0.6444398558234767,0.053362290023861565,0.4955341209781855,4547481.0,0.6706237180439658,1.0,0.0523010419666447,0.4444444444444444,241.0,52.0,1,1,1,0,1,0,0,0,0
97061,ZA1,Western Cape,ZA6,North West,2020-11-19,2020-11-29,1,1,1,1197215.80151542,1197155.2556700874,893621,743.8777885089125,743.9154099530118,14893.683333333332,14893.683333333332,1.0,20201119,20201129,0.24146430881004144,0.6902282722160927,0.06830741897386587,0.4994387746892386,6898299.0,0.2828745421867569,0.6531826641385288,0.0639427936747143,0.5169154144355026,3885864.0,0.48495156727992644,0.8888888888888888,-0.04677388157695324,0.1111111111111111,745.0,26.0,1,1,1,0,1,0,0,0,0
97062,ZA4,Free State,ZA4,Free State,2020-11-19,2020-11-21,4,4,4,2031418.0463017956,826923.2988063851,599938,128.45657901703817,315.5661633407456,2499.741666666667,2499.741666666667,1.0,20201119,20201121,0.28114593899768064,0.6555271573171474,0.06332690368517199,0.4905192097314189,2663702.0,0.28114593899768064,0.6555271573171474,0.06332690368517199,0.4905192097314189,2663702.0,0.2248492570676798,0.7777777777777778,0.2248492570676798,0.7777777777777778,48.0,63.0,1,1,1,0,1,0,0,0,0
97063,ZA5,KwaZulu-Natal,ZA3,Nothern Cape,2020-11-19,2020-11-19,2,2,2,3234334.6153204115,1750591.8313602167,37086,543.8836666866179,1004.8611780080616,309.05,309.05,1.0,20201119,20201119,0.3109682093283005,0.6320226943362347,0.05700909633546477,0.4797594466393526,10418811.0,0.2905180543789262,0.6449880916225764,0.06449385399849747,0.5008080113808923,1251220.0,0.07735186107982292,0.5555555555555556,0.09958456723393624,0.6666666666666666,156.0,39.0,1,1,1,0,1,0,0,0,0
97064,ZA8,Mpumalanga,ZA2,Eastern Cape,2020-11-19,2020-11-21,1,1,1,1124544.4171691977,514548.489881876,121885,319.7256086218211,698.7595052202622,2031.4166666666667,2031.4166666666667,1.0,20201119,20201121,0.30219785415266165,0.6444398558234767,0.053362290023861565,0.4955341209781855,4547481.0,0.32240858903092945,0.600977358291188,0.07661405267788246,0.47559015644122027,6510816.0,0.0523010419666447,0.4444444444444444,-0.04666754827373582,0.2222222222222222,86.0,1345.0,1,1,1,0,1,0,0,0,0
97065,ZA5,KwaZulu-Natal,ZA9,Limpopo,2020-11-19,2020-11-19,2,2,2,3071850.707079936,1556422.038172023,73845,483.5579087417056,954.3797681166784,615.375,615.375,1.0,20201119,20201119,0.3109682093283005,0.6320226943362347,0.05700909633546477,0.4797594466393526,10418811.0,0.3322212084583728,0.5982309127294063,0.06954787881222096,0.47107489302560024,5527257.0,0.07735186107982292,0.5555555555555556,-0.020299216875639643,0.3333333333333333,156.0,27.0,1,1,1,0,1,0,0,0,0
97066,ZA6,North West,ZA6,North West,2020-11-19,2020-11-28,2,2,2,1155675.4395527488,187707.53786535535,1570023,58.31802829766519,359.05171285714823,13083.525,13083.525,1.0,20201119,20201128,0.2828745421867569,0.6531826641385288,0.0639427936747143,0.5169154144355026,3885864.0,0.2828745421867569,0.6531826641385288,0.0639427936747143,0.5169154144355026,3885864.0,-0.04677388157695324,0.1111111111111111,-0.04677388157695324,0.1111111111111111,51.0,21.0,1,1,1,0,1,0,0,0,0
97067,ZA8,Mpumalanga,ZA8,Mpumalanga,2020-11-19,2020-11-21,4,4,4,1383462.8120665397,10543.1560448061,587117,1.637803360376355,214.9109842374501,2446.320833333333,2446.320833333333,1.0,20201119,20201121,0.30219785415266165,0.6444398558234767,0.053362290023861565,0.4955341209781855,4547481.0,0.30219785415266165,0.6444398558234767,0.053362290023861565,0.4955341209781855,4547481.0,0.0523010419666447,0.4444444444444444,0.0523010419666447,0.4444444444444444,86.0,53.0,1,1,1,0,1,0,0,0,0
97068,ZA6,North West,ZA3,Nothern Cape,2020-11-19,2020-11-20,3,3,3,1679194.9137575077,621672.4284033236,141415,128.76311267268397,347.80111518678984,785.6388888888889,785.6388888888889,1.0,20201119,20201120,0.2828745421867569,0.6531826641385288,0.0639427936747143,0.5169154144355026,3885864.0,0.2905180543789262,0.6449880916225764,0.06449385399849747,0.5008080113808923,1251220.0,-0.04677388157695324,0.1111111111111111,0.09958456723393624,0.6666666666666666,51.0,70.0,1,1,1,0,1,0,0,0,0
97069,ZA1,Western Cape,ZA8,Mpumalanga,2020-11-19,2020-11-19,3,3,3,7145034.348087672,4278501.634889475,53445,886.1792206202185,1479.9061704826463,296.9166666666667,296.9166666666667,1.0,20201119,20201119,0.24146430881004144,0.6902282722160927,0.06830741897386587,0.4994387746892386,6898299.0,0.30219785415266165,0.6444398558234767,0.053362290023861565,0.4955341209781855,4547481.0,0.48495156727992644,0.8888888888888888,0.0523010419666447,0.4444444444444444,745.0,86.0,1,1,1,0,1,0,0,0,0
97070,ZA7,Gauteng,ZA9,Limpopo,2020-11-19,2020-11-27,1,1,1,365685.31996333686,213956.98576090988,692775,132.94670732976286,227.2263232493096,11546.25,11546.25,1.0,20201119,20201127,0.22703936886350948,0.7223349844212468,0.050625646715243805,0.5123439321519871,14760167.0,0.3322212084583728,0.5982309127294063,0.06954787881222096,0.47107489302560024,5527257.0,0.6706237180439658,1.0,-0.020299216875639643,0.3333333333333333,241.0,43.0,1,1,1,0,1,0,0,0,0
97071,ZA7,Gauteng,ZA4,Free State,2020-11-19,2020-11-22,1,1,1,150406.27634395295,150406.27634395295,278360,93.45812725181996,93.45812725181996,4639.333333333333,4639.333333333333,1.0,20201119,20201122,0.22703936886350948,0.7223349844212468,0.050625646715243805,0.5123439321519871,14760167.0,0.28114593899768064,0.6555271573171474,0.06332690368517199,0.4905192097314189,2663702.0,0.6706237180439658,1.0,0.2248492570676798,0.7777777777777778,241.0,36.0,1,1,1,0,1,0,0,0,0
97072,ZA8,Mpumalanga,ZA1,Western Cape,2020-11-19,2020-11-19,5,5,4,14279316.463178948,6619756.872435068,103719,1028.3315550365658,2218.1889737649235,345.73,432.1625,1.25,20201119,20201119,0.30219785415266165,0.6444398558234767,0.053362290023861565,0.4955341209781855,4547481.0,0.24146430881004144,0.6902282722160927,0.06830741897386587,0.4994387746892386,6898299.0,0.0523010419666447,0.4444444444444444,0.48495156727992644,0.8888888888888888,86.0,745.0,1,1,1,0,1,0,0,0,0
97073,ZA9,Limpopo,ZA8,Mpumalanga,2020-11-19,2020-11-21,1,1,1,1026322.0453977756,612593.3788613472,155665,380.64787817977214,637.7269529682751,2594.4166666666665,2594.4166666666665,1.0,20201119,20201121,0.3322212084583728,0.5982309127294063,0.06954787881222096,0.47107489302560024,5527257.0,0.30219785415266165,0.6444398558234767,0.053362290023861565,0.4955341209781855,4547481.0,-0.020299216875639643,0.3333333333333333,0.0523010419666447,0.4444444444444444,27.0,53.0,1,1,1,0,1,0,0,0,0
97074,ZA2,Eastern Cape,ZA4,Free State,2020-11-19,2020-11-20,1,1,1,1682832.1465720576,708259.3798525098,30542,440.0919752722288,1045.663417250791,509.03333333333336,509.03333333333336,1.0,20201119,20201120,0.32240858903092945,0.600977358291188,0.07661405267788246,0.47559015644122027,6510816.0,0.28114593899768064,0.6555271573171474,0.06332690368517199,0.4905192097314189,2663702.0,-0.04666754827373582,0.2222222222222222,0.2248492570676798,0.7777777777777778,1121.0,52.0,1,1,1,0,1,0,0,0,0
97075,ZA2,Eastern Cape,ZA3,Nothern Cape,2020-11-19,2020-11-19,5,5,5,2432976.299416298,1232262.484115903,103128,153.1384817808875,302.35627677069635,343.76,343.76,1.0,20201119,20201119,0.32240858903092945,0.600977358291188,0.07661405267788246,0.47559015644122027,6510816.0,0.2905180543789262,0.6449880916225764,0.06449385399849747,0.5008080113808923,1251220.0,-0.04666754827373582,0.2222222222222222,0.09958456723393624,0.6666666666666666,1121.0,39.0,1,1,1,0,1,0,0,0,0
97076,ZA7,Gauteng,ZA9,Limpopo,2020-11-19,2020-11-30,2,2,2,496285.60797257273,412240.6360503946,1839548,128.0772277556553,154.1887899580738,15329.566666666668,15329.566666666668,1.0,20201119,20201130,0.22703936886350948,0.7223349844212468,0.050625646715243805,0.5123439321519871,14760167.0,0.3322212084583728,0.5982309127294063,0.06954787881222096,0.47107489302560024,5527257.0,0.6706237180439658,1.0,-0.020299216875639643,0.3333333333333333,241.0,11.0,1,1,1,0,1,0,0,0,0
97077,ZA8,Mpumalanga,ZA8,Mpumalanga,2020-11-19,2020-11-29,1,1,1,402598.4920233563,171137.4437718728,833154,106.33987747297832,250.1631049815057,13885.9,13885.9,1.0,20201119,20201129,0.30219785415266165,0.6444398558234767,0.053362290023861565,0.4955341209781855,4547481.0,0.30219785415266165,0.6444398558234767,0.053362290023861565,0.4955341209781855,4547481.0,0.0523010419666447,0.4444444444444444,0.0523010419666447,0.4444444444444444,86.0,43.0,1,1,1,0,1,0,0,0,0
97078,ZA8,Mpumalanga,ZA5,KwaZulu-Natal,2020-11-19,2020-11-22,1,1,1,653492.5736807331,551037.1006611425,272546,342.3985802048179,406.06145962624095,4542.433333333333,4542.433333333333,1.0,20201119,20201122,0.30219785415266165,0.6444398558234767,0.053362290023861565,0.4955341209781855,4547481.0,0.3109682093283005,0.6320226943362347,0.05700909633546477,0.4797594466393526,10418811.0,0.0523010419666447,0.4444444444444444,0.07735186107982292,0.5555555555555556,86.0,133.0,1,1,1,0,1,0,0,0,0
97079,ZA6,North West,ZA7,Gauteng,2020-11-19,2020-11-28,1,1,1,369447.37451191794,184258.6168676228,802253,114.49299644303692,229.56395556942329,13370.883333333331,13370.883333333331,1.0,20201119,20201128,0.2828745421867569,0.6531826641385288,0.0639427936747143,0.5169154144355026,3885864.0,0.22703936886350948,0.7223349844212468,0.050625646715243805,0.5123439321519871,14760167.0,-0.04677388157695324,0.1111111111111111,0.6706237180439658,1.0,51.0,267.0,1,1,1,0,1,0,0,0,0
97080,ZA1,Western Cape,ZA1,Western Cape,2020-11-19,2020-11-27,1,1,1,287511.40965333773,85595.67143806686,641778,53.18668441182672,178.651307398131,10696.3,10696.3,1.0,20201119,20201127,0.24146430881004144,0.6902282722160927,0.06830741897386587,0.4994387746892386,6898299.0,0.24146430881004144,0.6902282722160927,0.06830741897386587,0.4994387746892386,6898299.0,0.48495156727992644,0.8888888888888888,0.48495156727992644,0.8888888888888888,745.0,1023.0,1,1,1,0,1,0,0,0,0
97081,ZA9,Limpopo,ZA9,Limpopo,2020-11-19,2020-11-21,2,2,2,1161442.3105334118,868642.6449574856,368186,269.874757962712,360.84339660551495,3068.2166666666667,3068.2166666666667,1.0,20201119,20201121,0.3322212084583728,0.5982309127294063,0.06954787881222096,0.47107489302560024,5527257.0,0.3322212084583728,0.5982309127294063,0.06954787881222096,0.47107489302560024,5527257.0,-0.020299216875639643,0.3333333333333333,-0.020299216875639643,0.3333333333333333,27.0,25.0,1,1,1,0,1,0,0,0,0
97082,ZA7,Gauteng,ZA7,Gauteng,2020-11-19,2020-11-21,3,3,3,1691532.4944185282,97037.95639297173,551262,20.098863552058425,350.35652092167743,3062.5666666666666,3062.5666666666666,1.0,20201119,20201121,0.22703936886350948,0.7223349844212468,0.050625646715243805,0.5123439321519871,14760167.0,0.22703936886350948,0.7223349844212468,0.050625646715243805,0.5123439321519871,14760167.0,0.6706237180439658,1.0,0.6706237180439658,1.0,241.0,203.0,1,1,1,0,1,0,0,0,0
97083,ZA4,Free State,ZA5,KwaZulu-Natal,2020-11-19,2020-11-20,9,9,9,6167148.025014259,3281256.5172460205,521502,226.54203046196463,425.7875690008033,965.7444444444444,965.7444444444444,1.0,20201119,20201120,0.28114593899768064,0.6555271573171474,0.06332690368517199,0.4905192097314189,2663702.0,0.3109682093283005,0.6320226943362347,0.05700909633546477,0.4797594466393526,10418811.0,0.2248492570676798,0.7777777777777778,0.07735186107982292,0.5555555555555556,48.0,283.0,1,1,1,0,1,0,0,0,0
97084,ZA7,Gauteng,ZA7,Gauteng,2020-11-19,2020-11-22,1,1,1,1263656.1606384388,1263656.1606384388,259200,785.1995351139586,785.1995351139586,4320.0,4320.0,1.0,20201119,20201122,0.22703936886350948,0.7223349844212468,0.050625646715243805,0.5123439321519871,14760167.0,0.22703936886350948,0.7223349844212468,0.050625646715243805,0.5123439321519871,14760167.0,0.6706237180439658,1.0,0.6706237180439658,1.0,241.0,180.0,1,1,1,0,1,0,0,0,0
97085,ZA8,Mpumalanga,ZA7,Gauteng,2020-11-19,2020-11-30,1,1,1,196497.93436330665,98056.17085455096,908143,60.92927979012005,122.09815574750122,15135.716666666667,15135.716666666667,1.0,20201119,20201130,0.30219785415266165,0.6444398558234767,0.053362290023861565,0.4955341209781855,4547481.0,0.22703936886350948,0.7223349844212468,0.050625646715243805,0.5123439321519871,14760167.0,0.0523010419666447,0.4444444444444444,0.6706237180439658,1.0,86.0,126.0,1,1,1,0,1,0,0,0,0
97086,ZA4,Free State,ZA1,Western Cape,2020-11-19,2020-11-22,1,1,1,2279405.5591904847,878435.9982133535,205287,545.834823514024,1416.3569499065984,3421.45,3421.45,1.0,20201119,20201122,0.28114593899768064,0.6555271573171474,0.06332690368517199,0.4905192097314189,2663702.0,0.24146430881004144,0.6902282722160927,0.06830741897386587,0.4994387746892386,6898299.0,0.2248492570676798,0.7777777777777778,0.48495156727992644,0.8888888888888888,48.0,597.0,1,1,1,0,1,0,0,0,0
97087,ZA5,KwaZulu-Natal,ZA2,Eastern Cape,2020-11-19,2020-11-20,5,5,5,2836330.6129424376,1201299.9991902527,371077,149.29064254631112,352.4828269086582,1236.9233333333332,1236.9233333333332,1.0,20201119,20201120,0.3109682093283005,0.6320226943362347,0.05700909633546477,0.4797594466393526,10418811.0,0.32240858903092945,0.600977358291188,0.07661405267788246,0.47559015644122027,6510816.0,0.07735186107982292,0.5555555555555556,-0.04666754827373582,0.2222222222222222,156.0,1691.0,1,1,1,0,1,0,0,0,0
97088,ZA7,Gauteng,ZA9,Limpopo,2020-11-19,2020-11-23,2,2,2,1178672.8132765745,524865.9077624776,753756,163.06827743555064,366.1966656216988,6281.3,6281.3,1.0,20201119,20201123,0.22703936886350948,0.7223349844212468,0.050625646715243805,0.5123439321519871,14760167.0,0.3322212084583728,0.5982309127294063,0.06954787881222096,0.47107489302560024,5527257.0,0.6706237180439658,1.0,-0.020299216875639643,0.3333333333333333,241.0,9.0,1,1,1,0,1,0,0,0,0
97089,ZA4,Free State,ZA6,North West,2020-11-19,2020-11-21,1,1,1,147236.33266028637,131108.18054448962,200010,81.46684645699715,91.48841556577486,3333.5,3333.5,1.0,20201119,20201121,0.28114593899768064,0.6555271573171474,0.06332690368517199,0.4905192097314189,2663702.0,0.2828745421867569,0.6531826641385288,0.0639427936747143,0.5169154144355026,3885864.0,0.2248492570676798,0.7777777777777778,-0.04677388157695324,0.1111111111111111,48.0,43.0,1,1,1,0,1,0,0,0,0
97090,ZA9,Limpopo,ZA2,Eastern Cape,2020-11-19,2020-11-24,1,1,1,1848897.2464584531,1375377.738269562,418419,854.6201050052455,1148.851486356213,6973.65,6973.65,1.0,20201119,20201124,0.3322212084583728,0.5982309127294063,0.06954787881222096,0.47107489302560024,5527257.0,0.32240858903092945,0.600977358291188,0.07661405267788246,0.47559015644122027,6510816.0,-0.020299216875639643,0.3333333333333333,-0.04666754827373582,0.2222222222222222,27.0,1364.0,1,1,1,0,1,0,0,0,0
97091,ZA7,Gauteng,ZA4,Free State,2020-11-19,2020-11-26,1,1,1,370937.8408879222,197555.66303279236,559768,122.75539787192318,230.4900884384707,9329.466666666667,9329.466666666667,1.0,20201119,20201126,0.22703936886350948,0.7223349844212468,0.050625646715243805,0.5123439321519871,14760167.0,0.28114593899768064,0.6555271573171474,0.06332690368517199,0.4905192097314189,2663702.0,0.6706237180439658,1.0,0.2248492570676798,0.7777777777777778,241.0,66.0,1,1,1,0,1,0,0,0,0
97092,ZA6,North West,ZA9,Limpopo,2020-11-19,2020-11-20,3,3,3,175369.9254369111,86628.38855797097,122317,17.942795026621816,36.323273217101935,679.5388888888889,679.5388888888889,1.0,20201119,20201120,0.2828745421867569,0.6531826641385288,0.0639427936747143,0.5169154144355026,3885864.0,0.3322212084583728,0.5982309127294063,0.06954787881222096,0.47107489302560024,5527257.0,-0.04677388157695324,0.1111111111111111,-0.020299216875639643,0.3333333333333333,51.0,44.0,1,1,1,0,1,0,0,0,0
97093,ZA4,Free State,ZA1,Western Cape,2020-11-19,2020-11-21,1,1,1,696249.0603396002,690427.6431335956,190682,429.0118477675349,432.6291087173408,3178.0333333333333,3178.0333333333333,1.0,20201119,20201121,0.28114593899768064,0.6555271573171474,0.06332690368517199,0.4905192097314189,2663702.0,0.24146430881004144,0.6902282722160927,0.06830741897386587,0.4994387746892386,6898299.0,0.2248492570676798,0.7777777777777778,0.48495156727992644,0.8888888888888888,48.0,710.0,1,1,1,0,1,0,0,0,0
97094,ZA6,North West,ZA7,Gauteng,2020-11-19,2020-11-23,1,1,1,390417.10843573447,194635.25007708004,302466,120.94073739180686,242.5939441385648,5041.1,5041.1,1.0,20201119,20201123,0.2828745421867569,0.6531826641385288,0.0639427936747143,0.5169154144355026,3885864.0,0.22703936886350948,0.7223349844212468,0.050625646715243805,0.5123439321519871,14760167.0,-0.04677388157695324,0.1111111111111111,0.6706237180439658,1.0,51.0,128.0,1,1,1,0,1,0,0,0,0
97095,ZA5,KwaZulu-Natal,ZA2,Eastern Cape,2020-11-19,2020-11-30,1,1,1,206003.59762754448,206003.59762754448,991565,128.00470106300733,128.00470106300733,16526.083333333332,16526.083333333332,1.0,20201119,20201130,0.3109682093283005,0.6320226943362347,0.05700909633546477,0.4797594466393526,10418811.0,0.32240858903092945,0.600977358291188,0.07661405267788246,0.47559015644122027,6510816.0,0.07735186107982292,0.5555555555555556,-0.04666754827373582,0.2222222222222222,156.0,1217.0,1,1,1,0,1,0,0,0,0
97096,ZA5,KwaZulu-Natal,ZA1,Western Cape,2020-11-19,2020-11-20,3,3,3,7789871.733496349,3813997.5958232298,126133,789.9694111023351,1613.4672954728446,700.7388888888889,700.7388888888889,1.0,20201119,20201120,0.3109682093283005,0.6320226943362347,0.05700909633546477,0.4797594466393526,10418811.0,0.24146430881004144,0.6902282722160927,0.06830741897386587,0.4994387746892386,6898299.0,0.07735186107982292,0.5555555555555556,0.48495156727992644,0.8888888888888888,156.0,569.0,1,1,1,0,1,0,0,0,0
97097,ZA3,Nothern Cape,ZA5,KwaZulu-Natal,2020-11-19,2020-11-19,3,3,3,5758432.70512765,2433535.869138315,73902,504.0430281195971,1192.7080651345414,410.56666666666666,410.56666666666666,1.0,20201119,20201119,0.2905180543789262,0.6449880916225764,0.06449385399849747,0.5008080113808923,1251220.0,0.3109682093283005,0.6320226943362347,0.05700909633546477,0.4797594466393526,10418811.0,0.09958456723393624,0.6666666666666666,0.07735186107982292,0.5555555555555556,39.0,156.0,1,1,1,0,1,0,0,0,0
97098,ZA3,Nothern Cape,ZA8,Mpumalanga,2020-11-19,2020-11-20,1,1,1,1378107.6205824057,677906.0142742145,62774,421.2312683144278,856.3163752326448,1046.2333333333331,1046.2333333333331,1.0,20201119,20201120,0.2905180543789262,0.6449880916225764,0.06449385399849747,0.5008080113808923,1251220.0,0.30219785415266165,0.6444398558234767,0.053362290023861565,0.4955341209781855,4547481.0,0.09958456723393624,0.6666666666666666,0.0523010419666447,0.4444444444444444,39.0,86.0,1,1,1,0,1,0,0,0,0
97099,ZA3,Nothern Cape,ZA3,Nothern Cape,2020-11-19,2020-11-26,1,1,1,183323.53704517332,137237.49111453426,546431,85.27542347349868,113.9119647789244,9107.183333333332,9107.183333333332,1.0,20201119,20201126,0.2905180543789262,0.6449880916225764,0.06449385399849747,0.5008080113808923,1251220.0,0.2905180543789262,0.6449880916225764,0.06449385399849747,0.5008080113808923,1251220.0,0.09958456723393624,0.6666666666666666,0.09958456723393624,0.6666666666666666,39.0,51.0,1,1,1,0,1,0,0,0,0
97100,ZA9,Limpopo,ZA2,Eastern Cape,2020-11-19,2020-11-20,1,1,1,2503899.86999364,931525.0825109464,88701,578.8228511188076,1555.8512474608533,1478.35,1478.35,1.0,20201119,20201120,0.3322212084583728,0.5982309127294063,0.06954787881222096,0.47107489302560024,5527257.0,0.32240858903092945,0.600977358291188,0.07661405267788246,0.47559015644122027,6510816.0,-0.020299216875639643,0.3333333333333333,-0.04666754827373582,0.2222222222222222,27.0,1691.0,1,1,1,0,1,0,0,0,0
97101,ZA8,Mpumalanga,ZA7,Gauteng,2020-11-19,2020-11-23,2,2,2,646583.593740326,289608.10603197577,673157,89.9770670633425,200.8842092617632,5609.641666666666,5609.641666666666,1.0,20201119,20201123,0.30219785415266165,0.6444398558234767,0.053362290023861565,0.4955341209781855,4547481.0,0.22703936886350948,0.7223349844212468,0.050625646715243805,0.5123439321519871,14760167.0,0.0523010419666447,0.4444444444444444,0.6706237180439658,1.0,86.0,128.0,1,1,1,0,1,0,0,0,0
97102,ZA2,Eastern Cape,ZA7,Gauteng,2020-11-19,2020-11-23,1,1,1,2139835.472051149,1208857.0520621908,368024,751.1489476843924,1329.6321184601609,6133.733333333334,6133.733333333334,1.0,20201119,20201123,0.32240858903092945,0.600977358291188,0.07661405267788246,0.47559015644122027,6510816.0,0.22703936886350948,0.7223349844212468,0.050625646715243805,0.5123439321519871,14760167.0,-0.04666754827373582,0.2222222222222222,0.6706237180439658,1.0,1121.0,128.0,1,1,1,0,1,0,0,0,0
97103,ZA8,Mpumalanga,ZA2,Eastern Cape,2020-11-19,2020-11-20,1,1,1,605136.5804512728,605136.5804512728,85203,376.0144384614307,376.0144384614307,1420.05,1420.05,1.0,20201119,20201120,0.30219785415266165,0.6444398558234767,0.053362290023861565,0.4955341209781855,4547481.0,0.32240858903092945,0.600977358291188,0.07661405267788246,0.47559015644122027,6510816.0,0.0523010419666447,0.4444444444444444,-0.04666754827373582,0.2222222222222222,86.0,1691.0,1,1,1,0,1,0,0,0,0
97104,ZA5,KwaZulu-Natal,ZA6,North West,2020-11-19,2020-11-19,5,5,5,5497016.828572266,2950943.109767792,147805,366.7262076681917,683.1375801037275,492.6833333333333,492.6833333333333,1.0,20201119,20201119,0.3109682093283005,0.6320226943362347,0.05700909633546477,0.4797594466393526,10418811.0,0.2828745421867569,0.6531826641385288,0.0639427936747143,0.5169154144355026,3885864.0,0.07735186107982292,0.5555555555555556,-0.04677388157695324,0.1111111111111111,156.0,51.0,1,1,1,0,1,0,0,0,0
97105,ZA7,Gauteng,ZA7,Gauteng,2020-11-19,2020-11-29,1,1,1,59052.408688734526,16447.835298103426,879765,10.220211028905831,36.69346559140527,14662.75,14662.75,1.0,20201119,20201129,0.22703936886350948,0.7223349844212468,0.050625646715243805,0.5123439321519871,14760167.0,0.22703936886350948,0.7223349844212468,0.050625646715243805,0.5123439321519871,14760167.0,0.6706237180439658,1.0,0.6706237180439658,1.0,241.0,259.0,1,1,1,0,1,0,0,0,0
97106,ZA4,Free State,ZA8,Mpumalanga,2020-11-19,2020-11-20,2,2,2,1387982.2500234242,310282.5400423697,91839,96.40031591827778,431.2260927506562,765.325,765.325,1.0,20201119,20201120,0.28114593899768064,0.6555271573171474,0.06332690368517199,0.4905192097314189,2663702.0,0.30219785415266165,0.6444398558234767,0.053362290023861565,0.4955341209781855,4547481.0,0.2248492570676798,0.7777777777777778,0.0523010419666447,0.4444444444444444,48.0,86.0,1,1,1,0,1,0,0,0,0
97107,ZA5,KwaZulu-Natal,ZA5,KwaZulu-Natal,2020-11-19,2020-11-22,4,4,4,1488219.7752555332,494117.891384843,1007786,76.75765581889934,231.18422401542696,4199.108333333334,4199.108333333334,1.0,20201119,20201122,0.3109682093283005,0.6320226943362347,0.05700909633546477,0.4797594466393526,10418811.0,0.3109682093283005,0.6320226943362347,0.05700909633546477,0.4797594466393526,10418811.0,0.07735186107982292,0.5555555555555556,0.07735186107982292,0.5555555555555556,156.0,133.0,1,1,1,0,1,0,0,0,0
97108,ZA5,KwaZulu-Natal,ZA7,Gauteng,2020-11-19,2020-11-26,1,1,1,946486.2486947438,448807.8172681123,587295,278.8762485013225,588.1192887876947,9788.25,9788.25,1.0,20201119,20201126,0.3109682093283005,0.6320226943362347,0.05700909633546477,0.4797594466393526,10418811.0,0.22703936886350948,0.7223349844212468,0.050625646715243805,0.5123439321519871,14760167.0,0.07735186107982292,0.5555555555555556,0.6706237180439658,1.0,156.0,285.0,1,1,1,0,1,0,0,0,0
97109,ZA7,Gauteng,ZA7,Gauteng,2020-11-19,2020-11-23,4,4,4,909729.8846175,339357.6302078166,1287060,52.71676381926682,141.31998575467705,5362.75,5362.75,1.0,20201119,20201123,0.22703936886350948,0.7223349844212468,0.050625646715243805,0.5123439321519871,14760167.0,0.22703936886350948,0.7223349844212468,0.050625646715243805,0.5123439321519871,14760167.0,0.6706237180439658,1.0,0.6706237180439658,1.0,241.0,128.0,1,1,1,0,1,0,0,0,0
97110,ZA9,Limpopo,ZA4,Free State,2020-11-19,2020-11-20,2,2,2,5828513.19091722,1380031.445450198,118720,428.7558922922004,1810.8350952056303,989.3333333333334,989.3333333333334,1.0,20201119,20201120,0.3322212084583728,0.5982309127294063,0.06954787881222096,0.47107489302560024,5527257.0,0.28114593899768064,0.6555271573171474,0.06332690368517199,0.4905192097314189,2663702.0,-0.020299216875639643,0.3333333333333333,0.2248492570676798,0.7777777777777778,27.0,52.0,1,1,1,0,1,0,0,0,0
97111,ZA5,KwaZulu-Natal,ZA7,Gauteng,2020-11-19,2020-11-21,4,4,4,7308369.587595659,3583783.659951643,604977,556.7149813762072,1135.3025809888468,2520.7375,2520.7375,1.0,20201119,20201121,0.3109682093283005,0.6320226943362347,0.05700909633546477,0.4797594466393526,10418811.0,0.22703936886350948,0.7223349844212468,0.050625646715243805,0.5123439321519871,14760167.0,0.07735186107982292,0.5555555555555556,0.6706237180439658,1.0,156.0,203.0,1,1,1,0,1,0,0,0,0
97112,ZA7,Gauteng,ZA9,Limpopo,2020-11-19,2020-11-24,3,3,3,1234405.0342813963,600050.0069992113,1219328,124.28459608370684,255.6745759517328,6774.044444444445,6774.044444444445,1.0,20201119,20201124,0.22703936886350948,0.7223349844212468,0.050625646715243805,0.5123439321519871,14760167.0,0.3322212084583728,0.5982309127294063,0.06954787881222096,0.47107489302560024,5527257.0,0.6706237180439658,1.0,-0.020299216875639643,0.3333333333333333,241.0,12.0,1,1,1,0,1,0,0,0,0
97113,ZA7,Gauteng,ZA7,Gauteng,2020-11-19,2020-11-24,1,1,1,46500.50943479509,46500.50943479509,432000,28.894076987142014,28.894076987142014,7200.0,7200.0,1.0,20201119,20201124,0.22703936886350948,0.7223349844212468,0.050625646715243805,0.5123439321519871,14760167.0,0.22703936886350948,0.7223349844212468,0.050625646715243805,0.5123439321519871,14760167.0,0.6706237180439658,1.0,0.6706237180439658,1.0,241.0,179.0,1,1,1,0,1,0,0,0,0
97114,ZA3,Nothern Cape,ZA7,Gauteng,2020-11-19,2020-11-20,6,6,6,6944375.802856972,3470877.703381173,329012,359.4505694433231,719.1725119942217,913.9222222222222,913.9222222222222,1.0,20201119,20201120,0.2905180543789262,0.6449880916225764,0.06449385399849747,0.5008080113808923,1251220.0,0.22703936886350948,0.7223349844212468,0.050625646715243805,0.5123439321519871,14760167.0,0.09958456723393624,0.6666666666666666,0.6706237180439658,1.0,39.0,265.0,1,1,1,0,1,0,0,0,0
97115,ZA6,North West,ZA1,Western Cape,2020-11-19,2020-11-20,3,3,3,6960064.306430602,3302412.8001409983,209725,684.0080596278148,1441.5944853784322,1165.138888888889,1165.138888888889,1.0,20201119,20201120,0.2828745421867569,0.6531826641385288,0.0639427936747143,0.5169154144355026,3885864.0,0.24146430881004144,0.6902282722160927,0.06830741897386587,0.4994387746892386,6898299.0,-0.04677388157695324,0.1111111111111111,0.48495156727992644,0.8888888888888888,51.0,569.0,1,1,1,0,1,0,0,0,0
97116,ZA1,Western Cape,ZA4,Free State,2020-11-19,2020-11-28,1,1,1,3866320.414260949,836228.2761210602,756999,519.6081609159137,2402.4201253808687,12616.65,12616.65,1.0,20201119,20201128,0.24146430881004144,0.6902282722160927,0.06830741897386587,0.4994387746892386,6898299.0,0.28114593899768064,0.6555271573171474,0.06332690368517199,0.4905192097314189,2663702.0,0.48495156727992644,0.8888888888888888,0.2248492570676798,0.7777777777777778,745.0,37.0,1,1,1,0,1,0,0,0,0
97117,ZA7,Gauteng,ZA3,Nothern Cape,2020-11-19,2020-11-20,4,4,4,4522695.082282324,2044071.547644029,209366,317.5317936444957,702.5681088509237,872.3583333333333,872.3583333333333,1.0,20201119,20201120,0.22703936886350948,0.7223349844212468,0.050625646715243805,0.5123439321519871,14760167.0,0.2905180543789262,0.6449880916225764,0.06449385399849747,0.5008080113808923,1251220.0,0.6706237180439658,1.0,0.09958456723393624,0.6666666666666666,241.0,70.0,1,1,1,0,1,0,0,0,0
97118,ZA3,Nothern Cape,ZA4,Free State,2020-11-19,2020-11-20,12,12,12,5661936.393461729,2562759.162457175,477403,132.70205968276386,293.18034726477214,663.0597222222223,663.0597222222223,1.0,20201119,20201120,0.2905180543789262,0.6449880916225764,0.06449385399849747,0.5008080113808923,1251220.0,0.28114593899768064,0.6555271573171474,0.06332690368517199,0.4905192097314189,2663702.0,0.09958456723393624,0.6666666666666666,0.2248492570676798,0.7777777777777778,39.0,52.0,1,1,1,0,1,0,0,0,0
97119,ZA7,Gauteng,ZA8,Mpumalanga,2020-11-19,2020-11-27,1,1,1,169222.73363990357,168542.21587586886,672945,104.72727762111074,105.15013175548768,11215.75,11215.75,1.0,20201119,20201127,0.22703936886350948,0.7223349844212468,0.050625646715243805,0.5123439321519871,14760167.0,0.30219785415266165,0.6444398558234767,0.053362290023861565,0.4955341209781855,4547481.0,0.6706237180439658,1.0,0.0523010419666447,0.4444444444444444,241.0,53.0,1,1,1,0,1,0,0,0,0
97120,ZA6,North West,ZA6,North West,2020-11-19,2020-11-26,2,2,2,1313674.7135760009,345168.04630896554,1164749,107.2387402286166,408.1398114933789,9706.241666666669,9706.241666666669,1.0,20201119,20201126,0.2828745421867569,0.6531826641385288,0.0639427936747143,0.5169154144355026,3885864.0,0.2828745421867569,0.6531826641385288,0.0639427936747143,0.5169154144355026,3885864.0,-0.04677388157695324,0.1111111111111111,-0.04677388157695324,0.1111111111111111,51.0,31.0,1,1,1,0,1,0,0,0,0
97121,ZA5,KwaZulu-Natal,ZA1,Western Cape,2020-11-19,2020-11-21,1,1,1,2872048.5901186755,1531841.8668084254,174993,951.8424070978148,1784.6082566055954,2916.55,2916.55,1.0,20201119,20201121,0.3109682093283005,0.6320226943362347,0.05700909633546477,0.4797594466393526,10418811.0,0.24146430881004144,0.6902282722160927,0.06830741897386587,0.4994387746892386,6898299.0,0.07735186107982292,0.5555555555555556,0.48495156727992644,0.8888888888888888,156.0,710.0,1,1,1,0,1,0,0,0,0
97122,ZA7,Gauteng,ZA7,Gauteng,2020-11-19,2020-11-25,2,2,2,619217.2564120397,168642.54491457154,979746,52.394809597752726,192.38188243534003,8164.55,8164.55,1.0,20201119,20201125,0.22703936886350948,0.7223349844212468,0.050625646715243805,0.5123439321519871,14760167.0,0.22703936886350948,0.7223349844212468,0.050625646715243805,0.5123439321519871,14760167.0,0.6706237180439658,1.0,0.6706237180439658,1.0,241.0,367.0,1,1,1,0,1,0,0,0,0
97123,ZA1,Western Cape,ZA1,Western Cape,2020-11-19,2020-11-23,2,2,2,473306.2774438269,236679.3880742524,687011,73.53287677285043,147.04944295434254,5725.091666666666,5725.091666666666,1.0,20201119,20201123,0.24146430881004144,0.6902282722160927,0.06830741897386587,0.4994387746892386,6898299.0,0.24146430881004144,0.6902282722160927,0.06830741897386587,0.4994387746892386,6898299.0,0.48495156727992644,0.8888888888888888,0.48495156727992644,0.8888888888888888,745.0,470.0,1,1,1,0,1,0,0,0,0
97124,ZA1,Western Cape,ZA7,Gauteng,2020-11-19,2020-11-23,1,1,1,4486748.462709868,1271578.963677172,337206,790.122536683998,2787.936241543056,5620.1,5620.1,1.0,20201119,20201123,0.24146430881004144,0.6902282722160927,0.06830741897386587,0.4994387746892386,6898299.0,0.22703936886350948,0.7223349844212468,0.050625646715243805,0.5123439321519871,14760167.0,0.48495156727992644,0.8888888888888888,0.6706237180439658,1.0,745.0,128.0,1,1,1,0,1,0,0,0,0
97125,ZA2,Eastern Cape,ZA2,Eastern Cape,2020-11-19,2020-11-30,1,1,1,248480.23714636447,164730.63220633136,967149,102.35886933205788,154.39846120305197,16119.15,16119.15,1.0,20201119,20201130,0.32240858903092945,0.600977358291188,0.07661405267788246,0.47559015644122027,6510816.0,0.32240858903092945,0.600977358291188,0.07661405267788246,0.47559015644122027,6510816.0,-0.04666754827373582,0.2222222222222222,-0.04666754827373582,0.2222222222222222,1121.0,1217.0,1,1,1,0,1,0,0,0,0
97126,ZA5,KwaZulu-Natal,ZA6,North West,2020-11-19,2020-11-20,4,4,4,5818956.014679914,2551936.7958092606,291920,396.4250023315805,903.932909104566,1216.3333333333333,1216.3333333333333,1.0,20201119,20201120,0.3109682093283005,0.6320226943362347,0.05700909633546477,0.4797594466393526,10418811.0,0.2828745421867569,0.6531826641385288,0.0639427936747143,0.5169154144355026,3885864.0,0.07735186107982292,0.5555555555555556,-0.04677388157695324,0.1111111111111111,156.0,45.0,1,1,1,0,1,0,0,0,0
97127,ZA8,Mpumalanga,ZA7,Gauteng,2020-11-19,2020-11-21,1,1,1,313885.2188060401,121007.09328330324,206608,75.19032182262042,195.0392326351856,3443.4666666666667,3443.4666666666667,1.0,20201119,20201121,0.30219785415266165,0.6444398558234767,0.053362290023861565,0.4955341209781855,4547481.0,0.22703936886350948,0.7223349844212468,0.050625646715243805,0.5123439321519871,14760167.0,0.0523010419666447,0.4444444444444444,0.6706237180439658,1.0,86.0,203.0,1,1,1,0,1,0,0,0,0
97128,ZA7,Gauteng,ZA4,Free State,2020-11-19,2020-11-21,2,2,2,1151418.5617915709,556739.2975156673,315578,172.97088053134297,357.7291622523124,2629.8166666666666,2629.8166666666666,1.0,20201119,20201121,0.22703936886350948,0.7223349844212468,0.050625646715243805,0.5123439321519871,14760167.0,0.28114593899768064,0.6555271573171474,0.06332690368517199,0.4905192097314189,2663702.0,0.6706237180439658,1.0,0.2248492570676798,0.7777777777777778,241.0,63.0,1,1,1,0,1,0,0,0,0
97129,ZA8,Mpumalanga,ZA9,Limpopo,2020-11-19,2020-11-28,1,1,1,413306.9188381317,146307.67177149188,748521,90.91137244212044,256.8170129183889,12475.35,12475.35,1.0,20201119,20201128,0.30219785415266165,0.6444398558234767,0.053362290023861565,0.4955341209781855,4547481.0,0.3322212084583728,0.5982309127294063,0.06954787881222096,0.47107489302560024,5527257.0,0.0523010419666447,0.4444444444444444,-0.020299216875639643,0.3333333333333333,86.0,30.0,1,1,1,0,1,0,0,0,0
97130,ZA1,Western Cape,ZA1,Western Cape,2020-11-19,2020-11-25,2,2,2,3431090.2749711294,2726490.054842268,965633,847.0811880002869,1065.9903274163664,8046.941666666667,8046.941666666667,1.0,20201119,20201125,0.24146430881004144,0.6902282722160927,0.06830741897386587,0.4994387746892386,6898299.0,0.24146430881004144,0.6902282722160927,0.06830741897386587,0.4994387746892386,6898299.0,0.48495156727992644,0.8888888888888888,0.48495156727992644,0.8888888888888888,745.0,1075.0,1,1,1,0,1,0,0,0,0
97131,ZA9,Limpopo,ZA8,Mpumalanga,2020-11-19,2020-11-29,1,1,1,417515.9973741649,218214.77797992283,891314,135.59237675718978,259.4324130665444,14855.233333333334,14855.233333333334,1.0,20201119,20201129,0.3322212084583728,0.5982309127294063,0.06954787881222096,0.47107489302560024,5527257.0,0.30219785415266165,0.6444398558234767,0.053362290023861565,0.4955341209781855,4547481.0,-0.020299216875639643,0.3333333333333333,0.0523010419666447,0.4444444444444444,27.0,43.0,1,1,1,0,1,0,0,0,0
97132,ZA9,Limpopo,ZA5,KwaZulu-Natal,2020-11-19,2020-11-27,1,1,1,622987.1908261132,622882.722865012,705383,387.0413801306694,387.1062935122095,11756.383333333331,11756.383333333331,1.0,20201119,20201127,0.3322212084583728,0.5982309127294063,0.06954787881222096,0.47107489302560024,5527257.0,0.3109682093283005,0.6320226943362347,0.05700909633546477,0.4797594466393526,10418811.0,-0.020299216875639643,0.3333333333333333,0.07735186107982292,0.5555555555555556,27.0,353.0,1,1,1,0,1,0,0,0,0
97133,ZA1,Western Cape,ZA3,Nothern Cape,2020-11-19,2020-11-29,1,1,1,288626.83677373617,288615.0244455253,862170,179.33706183732335,179.34440167778683,14369.5,14369.5,1.0,20201119,20201129,0.24146430881004144,0.6902282722160927,0.06830741897386587,0.4994387746892386,6898299.0,0.2905180543789262,0.6449880916225764,0.06449385399849747,0.5008080113808923,1251220.0,0.48495156727992644,0.8888888888888888,0.09958456723393624,0.6666666666666666,745.0,29.0,1,1,1,0,1,0,0,0,0
97134,ZA6,North West,ZA4,Free State,2020-11-19,2020-11-26,1,1,1,381203.2771486846,219451.56620412928,600918,136.36088133061003,236.868734806657,10015.3,10015.3,1.0,20201119,20201126,0.2828745421867569,0.6531826641385288,0.0639427936747143,0.5169154144355026,3885864.0,0.28114593899768064,0.6555271573171474,0.06332690368517199,0.4905192097314189,2663702.0,-0.04677388157695324,0.1111111111111111,0.2248492570676798,0.7777777777777778,51.0,66.0,1,1,1,0,1,0,0,0,0
97135,ZA6,North West,ZA5,KwaZulu-Natal,2020-11-19,2020-11-19,3,3,3,3739953.350854388,1813606.1895767115,75457,375.6408800887632,774.6330908441344,419.2055555555555,419.2055555555555,1.0,20201119,20201119,0.2828745421867569,0.6531826641385288,0.0639427936747143,0.5169154144355026,3885864.0,0.3109682093283005,0.6320226943362347,0.05700909633546477,0.4797594466393526,10418811.0,-0.04677388157695324,0.1111111111111111,0.07735186107982292,0.5555555555555556,51.0,156.0,1,1,1,0,1,0,0,0,0
97136,ZA1,Western Cape,ZA7,Gauteng,2020-11-19,2020-11-21,2,2,2,4764455.052529332,2297523.83419699,291800,713.8075620243372,1480.2475581756703,2431.6666666666665,2431.6666666666665,1.0,20201119,20201121,0.24146430881004144,0.6902282722160927,0.06830741897386587,0.4994387746892386,6898299.0,0.22703936886350948,0.7223349844212468,0.050625646715243805,0.5123439321519871,14760167.0,0.48495156727992644,0.8888888888888888,0.6706237180439658,1.0,745.0,203.0,1,1,1,0,1,0,0,0,0
97137,ZA5,KwaZulu-Natal,ZA5,KwaZulu-Natal,2020-11-19,2020-11-25,3,3,3,550004.7554229303,198126.5485749489,1433968,41.03670990062802,113.91903687111648,7966.488888888888,7966.488888888888,1.0,20201119,20201125,0.3109682093283005,0.6320226943362347,0.05700909633546477,0.4797594466393526,10418811.0,0.3109682093283005,0.6320226943362347,0.05700909633546477,0.4797594466393526,10418811.0,0.07735186107982292,0.5555555555555556,0.07735186107982292,0.5555555555555556,156.0,345.0,1,1,1,0,1,0,0,0,0
97138,ZA7,Gauteng,ZA2,Eastern Cape,2020-11-19,2020-11-30,1,1,1,764947.6306386412,763438.4690509398,951898,474.3786717140274,475.31642124905625,15864.966666666667,15864.966666666667,1.0,20201119,20201130,0.22703936886350948,0.7223349844212468,0.050625646715243805,0.5123439321519871,14760167.0,0.32240858903092945,0.600977358291188,0.07661405267788246,0.47559015644122027,6510816.0,0.6706237180439658,1.0,-0.04666754827373582,0.2222222222222222,241.0,1217.0,1,1,1,0,1,0,0,0,0
97139,ZA7,Gauteng,ZA3,Nothern Cape,2020-11-19,2020-11-28,1,1,1,866124.2726803327,426020.5008714568,779336,264.7168665440433,538.184671941072,12988.933333333332,12988.933333333332,1.0,20201119,20201128,0.22703936886350948,0.7223349844212468,0.050625646715243805,0.5123439321519871,14760167.0,0.2905180543789262,0.6449880916225764,0.06449385399849747,0.5008080113808923,1251220.0,0.6706237180439658,1.0,0.09958456723393624,0.6666666666666666,241.0,38.0,1,1,1,0,1,0,0,0,0
97140,ZA3,Nothern Cape,ZA3,Nothern Cape,2020-11-19,2020-11-24,2,2,2,817438.4475141536,228666.87956386904,872500,71.04350578989609,253.9663513562525,7270.833333333333,7270.833333333333,1.0,20201119,20201124,0.2905180543789262,0.6449880916225764,0.06449385399849747,0.5008080113808923,1251220.0,0.2905180543789262,0.6449880916225764,0.06449385399849747,0.5008080113808923,1251220.0,0.09958456723393624,0.6666666666666666,0.09958456723393624,0.6666666666666666,39.0,35.0,1,1,1,0,1,0,0,0,0
97141,ZA6,North West,ZA8,Mpumalanga,2020-11-19,2020-11-24,1,1,1,848622.6734551438,410001.5494460136,437953,254.7631515984237,527.3096823644564,7299.216666666666,7299.216666666666,1.0,20201119,20201124,0.2828745421867569,0.6531826641385288,0.0639427936747143,0.5169154144355026,3885864.0,0.30219785415266165,0.6444398558234767,0.053362290023861565,0.4955341209781855,4547481.0,-0.04677388157695324,0.1111111111111111,0.0523010419666447,0.4444444444444444,51.0,35.0,1,1,1,0,1,0,0,0,0
97142,ZA2,Eastern Cape,ZA1,Western Cape,2020-11-19,2020-11-21,1,1,1,1560668.599370149,510869.2959115164,179847,317.4394634779863,969.7545082779995,2997.45,2997.45,1.0,20201119,20201121,0.32240858903092945,0.600977358291188,0.07661405267788246,0.47559015644122027,6510816.0,0.24146430881004144,0.6902282722160927,0.06830741897386587,0.4994387746892386,6898299.0,-0.04666754827373582,0.2222222222222222,0.48495156727992644,0.8888888888888888,1121.0,710.0,1,1,1,0,1,0,0,0,0
97143,ZA7,Gauteng,ZA2,Eastern Cape,2020-11-19,2020-11-23,1,1,1,1604539.0206302917,789205.9044289395,311717,490.3898137557536,997.0143242403684,5195.283333333334,5195.283333333334,1.0,20201119,20201123,0.22703936886350948,0.7223349844212468,0.050625646715243805,0.5123439321519871,14760167.0,0.32240858903092945,0.600977358291188,0.07661405267788246,0.47559015644122027,6510816.0,0.6706237180439658,1.0,-0.04666754827373582,0.2222222222222222,241.0,1314.0,1,1,1,0,1,0,0,0,0
97144,ZA5,KwaZulu-Natal,ZA5,KwaZulu-Natal,2020-11-19,2020-11-23,1,1,1,121844.53140697026,4340.295054518984,391744,2.6969343126882657,75.71068174794839,6529.066666666667,6529.066666666667,1.0,20201119,20201123,0.3109682093283005,0.6320226943362347,0.05700909633546477,0.4797594466393526,10418811.0,0.3109682093283005,0.6320226943362347,0.05700909633546477,0.4797594466393526,10418811.0,0.07735186107982292,0.5555555555555556,0.07735186107982292,0.5555555555555556,156.0,96.0,1,1,1,0,1,0,0,0,0
97145,ZA4,Free State,ZA4,Free State,2020-11-19,2020-11-26,2,2,2,376525.1428670549,376096.1849451655,1181615,116.84766741764516,116.9809384653172,9846.791666666666,9846.791666666666,1.0,20201119,20201126,0.28114593899768064,0.6555271573171474,0.06332690368517199,0.4905192097314189,2663702.0,0.28114593899768064,0.6555271573171474,0.06332690368517199,0.4905192097314189,2663702.0,0.2248492570676798,0.7777777777777778,0.2248492570676798,0.7777777777777778,48.0,66.0,1,1,1,0,1,0,0,0,0
97146,ZA8,Mpumalanga,ZA8,Mpumalanga,2020-11-19,2020-11-26,1,1,1,356034.8540803521,115952.63449031745,549527,72.04962673630835,221.2298017579536,9158.783333333333,9158.783333333333,1.0,20201119,20201126,0.30219785415266165,0.6444398558234767,0.053362290023861565,0.4955341209781855,4547481.0,0.30219785415266165,0.6444398558234767,0.053362290023861565,0.4955341209781855,4547481.0,0.0523010419666447,0.4444444444444444,0.0523010419666447,0.4444444444444444,86.0,52.0,1,1,1,0,1,0,0,0,0
97147,ZA8,Mpumalanga,ZA8,Mpumalanga,2020-11-19,2020-11-28,3,3,3,1017041.8668376688,523735.2391389879,2265672,108.47799665349936,210.6535057840687,12587.066666666668,12587.066666666668,1.0,20201119,20201128,0.30219785415266165,0.6444398558234767,0.053362290023861565,0.4955341209781855,4547481.0,0.30219785415266165,0.6444398558234767,0.053362290023861565,0.4955341209781855,4547481.0,0.0523010419666447,0.4444444444444444,0.0523010419666447,0.4444444444444444,86.0,49.0,1,1,1,0,1,0,0,0,0
97148,ZA8,Mpumalanga,ZA2,Eastern Cape,2020-11-19,2020-11-19,1,1,1,1967168.763156561,890830.9257747104,33197,553.5366744305197,1222.3419996946338,553.2833333333333,553.2833333333333,1.0,20201119,20201119,0.30219785415266165,0.6444398558234767,0.053362290023861565,0.4955341209781855,4547481.0,0.32240858903092945,0.600977358291188,0.07661405267788246,0.47559015644122027,6510816.0,0.0523010419666447,0.4444444444444444,-0.04666754827373582,0.2222222222222222,86.0,1121.0,1,1,1,0,1,0,0,0,0
97149,ZA4,Free State,ZA6,North West,2020-11-19,2020-11-30,1,1,1,327256.8729246341,50990.27172765659,937165,31.6838859359196,203.3479932970416,15619.416666666666,15619.416666666666,1.0,20201119,20201130,0.28114593899768064,0.6555271573171474,0.06332690368517199,0.4905192097314189,2663702.0,0.2828745421867569,0.6531826641385288,0.0639427936747143,0.5169154144355026,3885864.0,0.2248492570676798,0.7777777777777778,-0.04677388157695324,0.1111111111111111,48.0,12.0,1,1,1,0,1,0,0,0,0
97150,ZA5,KwaZulu-Natal,ZA5,KwaZulu-Natal,2020-11-19,2020-11-27,1,1,1,69256.50087916107,8885.817628393672,669071,5.521391093758495,43.03399452147029,11151.183333333332,11151.183333333332,1.0,20201119,20201127,0.3109682093283005,0.6320226943362347,0.05700909633546477,0.4797594466393526,10418811.0,0.3109682093283005,0.6320226943362347,0.05700909633546477,0.4797594466393526,10418811.0,0.07735186107982292,0.5555555555555556,0.07735186107982292,0.5555555555555556,156.0,353.0,1,1,1,0,1,0,0,0,0
97151,ZA1,Western Cape,ZA6,North West,2020-11-19,2020-11-20,1,1,1,2656810.728725128,1279980.50066104,35505,795.34300973629,1650.8656500568727,591.75,591.75,1.0,20201119,20201120,0.24146430881004144,0.6902282722160927,0.06830741897386587,0.4994387746892386,6898299.0,0.2828745421867569,0.6531826641385288,0.0639427936747143,0.5169154144355026,3885864.0,0.48495156727992644,0.8888888888888888,-0.04677388157695324,0.1111111111111111,745.0,45.0,1,1,1,0,1,0,0,0,0
97152,ZA7,Gauteng,ZA7,Gauteng,2020-11-19,2020-11-26,1,1,1,328879.21481482306,3257.2115820641043,600216,2.023937444116425,204.35606981156488,10003.6,10003.6,1.0,20201119,20201126,0.22703936886350948,0.7223349844212468,0.050625646715243805,0.5123439321519871,14760167.0,0.22703936886350948,0.7223349844212468,0.050625646715243805,0.5123439321519871,14760167.0,0.6706237180439658,1.0,0.6706237180439658,1.0,241.0,285.0,1,1,1,0,1,0,0,0,0
97153,ZA8,Mpumalanga,ZA7,Gauteng,2020-11-19,2020-11-26,1,1,1,619702.6633106887,309317.7494679257,607783,192.20113876705395,385.0653827340138,10129.716666666667,10129.716666666667,1.0,20201119,20201126,0.30219785415266165,0.6444398558234767,0.053362290023861565,0.4955341209781855,4547481.0,0.22703936886350948,0.7223349844212468,0.050625646715243805,0.5123439321519871,14760167.0,0.0523010419666447,0.4444444444444444,0.6706237180439658,1.0,86.0,285.0,1,1,1,0,1,0,0,0,0
97154,ZA2,Eastern Cape,ZA2,Eastern Cape,2020-11-19,2020-11-25,1,1,1,1835475.3378507723,212230.55450200092,527259,131.8739526800988,1140.511499002558,8787.65,8787.65,1.0,20201119,20201125,0.32240858903092945,0.600977358291188,0.07661405267788246,0.47559015644122027,6510816.0,0.32240858903092945,0.600977358291188,0.07661405267788246,0.47559015644122027,6510816.0,-0.04666754827373582,0.2222222222222222,-0.04666754827373582,0.2222222222222222,1121.0,1277.0,1,1,1,0,1,0,0,0,0
97155,ZA6,North West,ZA8,Mpumalanga,2020-11-19,2020-11-20,3,3,3,1603042.7767989172,717125.3187346288,100560,148.53367142857147,332.0282004756632,558.6666666666666,558.6666666666666,1.0,20201119,20201120,0.2828745421867569,0.6531826641385288,0.0639427936747143,0.5169154144355026,3885864.0,0.30219785415266165,0.6444398558234767,0.053362290023861565,0.4955341209781855,4547481.0,-0.04677388157695324,0.1111111111111111,0.0523010419666447,0.4444444444444444,51.0,86.0,1,1,1,0,1,0,0,0,0
97156,ZA4,Free State,ZA4,Free State,2020-11-19,2020-11-22,1,1,1,384667.265900575,22364.633161595037,250018,13.896738771570922,239.02115762731583,4166.966666666666,4166.966666666666,1.0,20201119,20201122,0.28114593899768064,0.6555271573171474,0.06332690368517199,0.4905192097314189,2663702.0,0.28114593899768064,0.6555271573171474,0.06332690368517199,0.4905192097314189,2663702.0,0.2248492570676798,0.7777777777777778,0.2248492570676798,0.7777777777777778,48.0,36.0,1,1,1,0,1,0,0,0,0
97157,ZA7,Gauteng,ZA4,Free State,2020-11-19,2020-11-28,1,1,1,872729.2276600379,380253.490565782,756850,236.27856478526772,542.2888006914854,12614.166666666666,12614.166666666666,1.0,20201119,20201128,0.22703936886350948,0.7223349844212468,0.050625646715243805,0.5123439321519871,14760167.0,0.28114593899768064,0.6555271573171474,0.06332690368517199,0.4905192097314189,2663702.0,0.6706237180439658,1.0,0.2248492570676798,0.7777777777777778,241.0,37.0,1,1,1,0,1,0,0,0,0
97158,ZA4,Free State,ZA4,Free State,2020-11-19,2020-11-24,1,1,1,469788.8127447495,144848.16108703922,384905,90.00447454803896,291.9132346749666,6415.083333333333,6415.083333333333,1.0,20201119,20201124,0.28114593899768064,0.6555271573171474,0.06332690368517199,0.4905192097314189,2663702.0,0.28114593899768064,0.6555271573171474,0.06332690368517199,0.4905192097314189,2663702.0,0.2248492570676798,0.7777777777777778,0.2248492570676798,0.7777777777777778,48.0,16.0,1,1,1,0,1,0,0,0,0
97159,ZA4,Free State,ZA4,Free State,2020-11-19,2020-11-27,1,1,1,375437.25077903306,180705.1025171237,665491,112.28494499443482,233.2858921268747,11091.516666666666,11091.516666666666,1.0,20201119,20201127,0.28114593899768064,0.6555271573171474,0.06332690368517199,0.4905192097314189,2663702.0,0.28114593899768064,0.6555271573171474,0.06332690368517199,0.4905192097314189,2663702.0,0.2248492570676798,0.7777777777777778,0.2248492570676798,0.7777777777777778,48.0,34.0,1,1,1,0,1,0,0,0,0
97160,ZA5,KwaZulu-Natal,ZA5,KwaZulu-Natal,2020-11-19,2020-11-24,2,2,2,729387.4681238995,192489.2072011013,860406,59.80362408568375,226.6101803355589,7170.05,7170.05,1.0,20201119,20201124,0.3109682093283005,0.6320226943362347,0.05700909633546477,0.4797594466393526,10418811.0,0.3109682093283005,0.6320226943362347,0.05700909633546477,0.4797594466393526,10418811.0,0.07735186107982292,0.5555555555555556,0.07735186107982292,0.5555555555555556,156.0,160.0,1,1,1,0,1,0,0,0,0
97161,ZA5,KwaZulu-Natal,ZA7,Gauteng,2020-11-19,2020-11-27,1,1,1,1333956.6534262444,542093.8019892856,679506,336.84147204655164,828.8822361323896,11325.1,11325.1,1.0,20201119,20201127,0.3109682093283005,0.6320226943362347,0.05700909633546477,0.4797594466393526,10418811.0,0.22703936886350948,0.7223349844212468,0.050625646715243805,0.5123439321519871,14760167.0,0.07735186107982292,0.5555555555555556,0.6706237180439658,1.0,156.0,310.0,1,1,1,0,1,0,0,0,0
97162,ZA7,Gauteng,ZA9,Limpopo,2020-11-19,2020-11-25,1,1,1,622789.4928678798,257244.18619650172,528622,159.844126673043,386.9834496961991,8810.366666666667,8810.366666666667,1.0,20201119,20201125,0.22703936886350948,0.7223349844212468,0.050625646715243805,0.5123439321519871,14760167.0,0.3322212084583728,0.5982309127294063,0.06954787881222096,0.47107489302560024,5527257.0,0.6706237180439658,1.0,-0.020299216875639643,0.3333333333333333,241.0,19.0,1,1,1,0,1,0,0,0,0
97163,ZA7,Gauteng,ZA2,Eastern Cape,2020-11-19,2020-11-22,1,1,1,1885810.5685964967,953301.880818387,215347,592.354326246214,1171.7883613425702,3589.116666666667,3589.116666666667,1.0,20201119,20201122,0.22703936886350948,0.7223349844212468,0.050625646715243805,0.5123439321519871,14760167.0,0.32240858903092945,0.600977358291188,0.07661405267788246,0.47559015644122027,6510816.0,0.6706237180439658,1.0,-0.04666754827373582,0.2222222222222222,241.0,1199.0,1,1,1,0,1,0,0,0,0
97164,ZA2,Eastern Cape,ZA5,KwaZulu-Natal,2020-11-19,2020-11-22,2,2,2,2060112.554508184,1170516.503706962,472052,363.6626177209353,640.0472970689249,3933.766666666667,3933.766666666667,1.0,20201119,20201122,0.32240858903092945,0.600977358291188,0.07661405267788246,0.47559015644122027,6510816.0,0.3109682093283005,0.6320226943362347,0.05700909633546477,0.4797594466393526,10418811.0,-0.04666754827373582,0.2222222222222222,0.07735186107982292,0.5555555555555556,1121.0,133.0,1,1,1,0,1,0,0,0,0
97165,ZA6,North West,ZA9,Limpopo,2020-11-19,2020-11-21,1,1,1,420694.8108707356,420397.8213896259,158318,261.22309549084963,261.4076361988087,2638.633333333333,2638.633333333333,1.0,20201119,20201121,0.2828745421867569,0.6531826641385288,0.0639427936747143,0.5169154144355026,3885864.0,0.3322212084583728,0.5982309127294063,0.06954787881222096,0.47107489302560024,5527257.0,-0.04677388157695324,0.1111111111111111,-0.020299216875639643,0.3333333333333333,51.0,25.0,1,1,1,0,1,0,0,0,0
97166,ZA9,Limpopo,ZA7,Gauteng,2020-11-19,2020-11-23,1,1,1,616816.1587736893,302365.60904521274,304657,187.88127898399145,383.27179196846,5077.616666666667,5077.616666666667,1.0,20201119,20201123,0.3322212084583728,0.5982309127294063,0.06954787881222096,0.47107489302560024,5527257.0,0.22703936886350948,0.7223349844212468,0.050625646715243805,0.5123439321519871,14760167.0,-0.020299216875639643,0.3333333333333333,0.6706237180439658,1.0,27.0,128.0,1,1,1,0,1,0,0,0,0
97167,ZA7,Gauteng,,,2020-11-19,2020-11-19,1,1,1,2005120.8117451728,949747.8067835062,30522,590.1459270258604,1245.924309373989,508.7,508.7,1.0,20201119,20201119,0.22703936886350948,0.7223349844212468,0.050625646715243805,0.5123439321519871,14760167.0,,,,,,0.6706237180439658,1.0,,,241.0,,1,1,1,0,1,0,0,0,0
97170,ZA8,Mpumalanga,ZA4,Free State,2020-11-19,2020-11-21,1,1,1,912432.14615397,442319.3017473118,150440,274.8444718763122,566.9590504913616,2507.333333333333,2507.333333333333,1.0,20201119,20201121,0.30219785415266165,0.6444398558234767,0.053362290023861565,0.4955341209781855,4547481.0,0.28114593899768064,0.6555271573171474,0.06332690368517199,0.4905192097314189,2663702.0,0.0523010419666447,0.4444444444444444,0.2248492570676798,0.7777777777777778,86.0,63.0,1,1,1,0,1,0,0,0,0
97171,ZA7,Gauteng,ZA6,North West,2020-11-19,2020-11-22,1,1,1,214582.39071592363,107274.57202404016,261202,66.65732871532758,133.33531595229087,4353.366666666667,4353.366666666667,1.0,20201119,20201122,0.22703936886350948,0.7223349844212468,0.050625646715243805,0.5123439321519871,14760167.0,0.2828745421867569,0.6531826641385288,0.0639427936747143,0.5169154144355026,3885864.0,0.6706237180439658,1.0,-0.04677388157695324,0.1111111111111111,241.0,27.0,1,1,1,0,1,0,0,0,0
97172,ZA6,North West,ZA8,Mpumalanga,2020-11-19,2020-11-23,1,1,1,320847.8111944721,103903.6254980648,320265,64.56271965351397,199.36558696864813,5337.75,5337.75,1.0,20201119,20201123,0.2828745421867569,0.6531826641385288,0.0639427936747143,0.5169154144355026,3885864.0,0.30219785415266165,0.6444398558234767,0.053362290023861565,0.4955341209781855,4547481.0,-0.04677388157695324,0.1111111111111111,0.0523010419666447,0.4444444444444444,51.0,14.0,1,1,1,0,1,0,0,0,0
97173,ZA9,Limpopo,ZA9,Limpopo,2020-11-19,2020-11-28,1,1,1,252509.77806505188,765.461122701931,798451,0.475635490424627,156.90230184786589,13307.516666666666,13307.516666666666,1.0,20201119,20201128,0.3322212084583728,0.5982309127294063,0.06954787881222096,0.47107489302560024,5527257.0,0.3322212084583728,0.5982309127294063,0.06954787881222096,0.47107489302560024,5527257.0,-0.020299216875639643,0.3333333333333333,-0.020299216875639643,0.3333333333333333,27.0,30.0,1,1,1,0,1,0,0,0,0
97174,ZA6,North West,ZA6,North West,2020-11-19,2020-11-24,1,1,1,170967.40199772126,170967.40199772126,391798,106.2342184130436,106.2342184130436,6529.966666666666,6529.966666666666,1.0,20201119,20201124,0.2828745421867569,0.6531826641385288,0.0639427936747143,0.5169154144355026,3885864.0,0.2828745421867569,0.6531826641385288,0.0639427936747143,0.5169154144355026,3885864.0,-0.04677388157695324,0.1111111111111111,-0.04677388157695324,0.1111111111111111,51.0,40.0,1,1,1,0,1,0,0,0,0
97175,ZA2,Eastern Cape,ZA2,Eastern Cape,2020-11-19,2020-11-21,1,1,1,598843.6898551314,598843.6898551314,173788,372.1042175290873,372.1042175290873,2896.4666666666667,2896.4666666666667,1.0,20201119,20201121,0.32240858903092945,0.600977358291188,0.07661405267788246,0.47559015644122027,6510816.0,0.32240858903092945,0.600977358291188,0.07661405267788246,0.47559015644122027,6510816.0,-0.04666754827373582,0.2222222222222222,-0.04666754827373582,0.2222222222222222,1121.0,1345.0,1,1,1,0,1,0,0,0,0
97176,ZA4,Free State,ZA7,Gauteng,2020-11-19,2020-11-21,1,1,1,809563.5186157536,452937.5476367254,172890,281.44234398408634,503.0394487541219,2881.5,2881.5,1.0,20201119,20201121,0.28114593899768064,0.6555271573171474,0.06332690368517199,0.4905192097314189,2663702.0,0.22703936886350948,0.7223349844212468,0.050625646715243805,0.5123439321519871,14760167.0,0.2248492570676798,0.7777777777777778,0.6706237180439658,1.0,48.0,203.0,1,1,1,0,1,0,0,0,0
97177,ZA2,Eastern Cape,ZA8,Mpumalanga,2020-11-19,2020-11-19,1,1,1,2329019.6012051348,998634.51855621,33276,620.5227214046281,1447.1856863449543,554.6,554.6,1.0,20201119,20201119,0.32240858903092945,0.600977358291188,0.07661405267788246,0.47559015644122027,6510816.0,0.30219785415266165,0.6444398558234767,0.053362290023861565,0.4955341209781855,4547481.0,-0.04666754827373582,0.2222222222222222,0.0523010419666447,0.4444444444444444,1121.0,86.0,1,1,1,0,1,0,0,0,0
97178,ZA8,Mpumalanga,ZA8,Mpumalanga,2020-11-19,2020-11-23,1,1,1,94373.56084371883,94373.56084371883,393352,58.64101201714416,58.64101201714416,6555.866666666667,6555.866666666667,1.0,20201119,20201123,0.30219785415266165,0.6444398558234767,0.053362290023861565,0.4955341209781855,4547481.0,0.30219785415266165,0.6444398558234767,0.053362290023861565,0.4955341209781855,4547481.0,0.0523010419666447,0.4444444444444444,0.0523010419666447,0.4444444444444444,86.0,14.0,1,1,1,0,1,0,0,0,0
97179,ZA9,Limpopo,ZA9,Limpopo,2020-11-19,2020-11-26,1,1,1,390305.864331216,149063.7147761447,590313,92.62389816977894,242.52482025671085,9838.55,9838.55,1.0,20201119,20201126,0.3322212084583728,0.5982309127294063,0.06954787881222096,0.47107489302560024,5527257.0,0.3322212084583728,0.5982309127294063,0.06954787881222096,0.47107489302560024,5527257.0,-0.020299216875639643,0.3333333333333333,-0.020299216875639643,0.3333333333333333,27.0,38.0,1,1,1,0,1,0,0,0,0
97180,ZA2,Eastern Cape,ZA5,KwaZulu-Natal,2020-11-19,2020-11-25,1,1,1,591660.3185763255,296076.24788040406,468793,183.97325113860308,367.6406775532922,7813.216666666666,7813.216666666666,1.0,20201119,20201125,0.32240858903092945,0.600977358291188,0.07661405267788246,0.47559015644122027,6510816.0,0.3109682093283005,0.6320226943362347,0.05700909633546477,0.4797594466393526,10418811.0,-0.04666754827373582,0.2222222222222222,0.07735186107982292,0.5555555555555556,1121.0,345.0,1,1,1,0,1,0,0,0,0
97181,ZA6,North West,ZA7,Gauteng,2020-11-19,2020-11-21,1,1,1,1000083.639237099,508767.7197103908,125375,316.13360456831526,621.423163249808,2089.583333333333,2089.583333333333,1.0,20201119,20201121,0.2828745421867569,0.6531826641385288,0.0639427936747143,0.5169154144355026,3885864.0,0.22703936886350948,0.7223349844212468,0.050625646715243805,0.5123439321519871,14760167.0,-0.04677388157695324,0.1111111111111111,0.6706237180439658,1.0,51.0,203.0,1,1,1,0,1,0,0,0,0
97182,ZA9,Limpopo,ZA6,North West,2020-11-19,2020-11-21,1,1,1,498082.0850762905,249041.04253814524,174051,154.74692951795592,309.49385903591184,2900.85,2900.85,1.0,20201119,20201121,0.3322212084583728,0.5982309127294063,0.06954787881222096,0.47107489302560024,5527257.0,0.2828745421867569,0.6531826641385288,0.0639427936747143,0.5169154144355026,3885864.0,-0.020299216875639643,0.3333333333333333,-0.04677388157695324,0.1111111111111111,27.0,43.0,1,1,1,0,1,0,0,0,0
97183,ZA7,Gauteng,ZA8,Mpumalanga,2020-11-19,2020-11-23,1,1,1,233695.1793286307,102565.07767108444,317583,63.730984594396496,145.21145219954883,5293.05,5293.05,1.0,20201119,20201123,0.22703936886350948,0.7223349844212468,0.050625646715243805,0.5123439321519871,14760167.0,0.30219785415266165,0.6444398558234767,0.053362290023861565,0.4955341209781855,4547481.0,0.6706237180439658,1.0,0.0523010419666447,0.4444444444444444,241.0,14.0,1,1,1,0,1,0,0,0,0
97184,ZA6,North West,ZA6,North West,2020-11-19,2020-11-23,1,1,1,32060.73718167009,510.958926552949,346939,0.3174951573765142,19.921618486582165,5782.316666666667,5782.316666666667,1.0,20201119,20201123,0.2828745421867569,0.6531826641385288,0.0639427936747143,0.5169154144355026,3885864.0,0.2828745421867569,0.6531826641385288,0.0639427936747143,0.5169154144355026,3885864.0,-0.04677388157695324,0.1111111111111111,-0.04677388157695324,0.1111111111111111,51.0,3.0,1,1,1,0,1,0,0,0,0
97185,ZA3,Nothern Cape,ZA9,Limpopo,2020-11-19,2020-11-19,1,1,1,2044765.5155628012,827587.0804991365,36915,514.2387708899629,1270.5583862510448,615.25,615.25,1.0,20201119,20201119,0.2905180543789262,0.6449880916225764,0.06449385399849747,0.5008080113808923,1251220.0,0.3322212084583728,0.5982309127294063,0.06954787881222096,0.47107489302560024,5527257.0,0.09958456723393624,0.6666666666666666,-0.020299216875639643,0.3333333333333333,39.0,27.0,1,1,1,0,1,0,0,0,0
97186,ZA5,KwaZulu-Natal,ZA5,KwaZulu-Natal,2020-11-19,2020-11-30,1,1,1,99468.46678393878,99468.46678393878,1004969,61.806839795555696,61.806839795555696,16749.483333333334,16749.483333333334,1.0,20201119,20201130,0.3109682093283005,0.6320226943362347,0.05700909633546477,0.4797594466393526,10418811.0,0.3109682093283005,0.6320226943362347,0.05700909633546477,0.4797594466393526,10418811.0,0.07735186107982292,0.5555555555555556,0.07735186107982292,0.5555555555555556,156.0,172.0,1,1,1,0,1,0,0,0,0
97187,ZA1,Western Cape,ZA3,Nothern Cape,2020-11-19,2020-11-22,1,1,1,927679.4309152898,642726.8140370314,301159,399.3719267210934,576.4332740018851,5019.316666666667,5019.316666666667,1.0,20201119,20201122,0.24146430881004144,0.6902282722160927,0.06830741897386587,0.4994387746892386,6898299.0,0.2905180543789262,0.6449880916225764,0.06449385399849747,0.5008080113808923,1251220.0,0.48495156727992644,0.8888888888888888,0.09958456723393624,0.6666666666666666,745.0,23.0,1,1,1,0,1,0,0,0,0
97188,ZA9,Limpopo,ZA1,Western Cape,2020-11-19,2020-11-20,1,1,1,3301052.524411003,1645014.8530506138,58195,1022.1648404881826,2051.178942731326,969.9166666666666,969.9166666666666,1.0,20201119,20201120,0.3322212084583728,0.5982309127294063,0.06954787881222096,0.47107489302560024,5527257.0,0.24146430881004144,0.6902282722160927,0.06830741897386587,0.4994387746892386,6898299.0,-0.020299216875639643,0.3333333333333333,0.48495156727992644,0.8888888888888888,27.0,569.0,1,1,1,0,1,0,0,0,0
97189,ZA8,Mpumalanga,ZA9,Limpopo,2020-11-19,2020-11-22,1,1,1,467514.81088870176,195771.64353083077,220286,121.64685954701464,290.5002354305244,3671.433333333333,3671.433333333333,1.0,20201119,20201122,0.30219785415266165,0.6444398558234767,0.053362290023861565,0.4955341209781855,4547481.0,0.3322212084583728,0.5982309127294063,0.06954787881222096,0.47107489302560024,5527257.0,0.0523010419666447,0.4444444444444444,-0.020299216875639643,0.3333333333333333,86.0,27.0,1,1,1,0,1,0,0,0,0
97190,ZA7,Gauteng,ZA8,Mpumalanga,2020-11-19,2020-11-30,1,1,1,130509.34935193148,129905.29251364236,930006,80.71940648714157,81.09475000492839,15500.1,15500.1,1.0,20201119,20201130,0.22703936886350948,0.7223349844212468,0.050625646715243805,0.5123439321519871,14760167.0,0.30219785415266165,0.6444398558234767,0.053362290023861565,0.4955341209781855,4547481.0,0.6706237180439658,1.0,0.0523010419666447,0.4444444444444444,241.0,15.0,1,1,1,0,1,0,0,0,0
97191,ZA7,Gauteng,ZA6,North West,2020-11-19,2020-11-28,1,1,1,174922.27323972358,87576.85810143052,787038,54.4177367308857,108.69166147183174,13117.3,13117.3,1.0,20201119,20201128,0.22703936886350948,0.7223349844212468,0.050625646715243805,0.5123439321519871,14760167.0,0.2828745421867569,0.6531826641385288,0.0639427936747143,0.5169154144355026,3885864.0,0.6706237180439658,1.0,-0.04677388157695324,0.1111111111111111,241.0,21.0,1,1,1,0,1,0,0,0,0
97192,ZA5,KwaZulu-Natal,ZA9,Limpopo,2020-11-19,2020-11-21,1,1,1,1233032.8307049684,919866.0047787032,177421,571.5782360879359,766.171080082921,2957.016666666667,2957.016666666667,1.0,20201119,20201121,0.3109682093283005,0.6320226943362347,0.05700909633546477,0.4797594466393526,10418811.0,0.3322212084583728,0.5982309127294063,0.06954787881222096,0.47107489302560024,5527257.0,0.07735186107982292,0.5555555555555556,-0.020299216875639643,0.3333333333333333,156.0,25.0,1,1,1,0,1,0,0,0,0
97193,ZA4,Free State,ZA9,Limpopo,2020-11-19,2020-11-25,1,1,1,1056746.0998732513,350395.18422055925,469900,217.7254733733492,656.6315839703949,7831.666666666667,7831.666666666667,1.0,20201119,20201125,0.28114593899768064,0.6555271573171474,0.06332690368517199,0.4905192097314189,2663702.0,0.3322212084583728,0.5982309127294063,0.06954787881222096,0.47107489302560024,5527257.0,0.2248492570676798,0.7777777777777778,-0.020299216875639643,0.3333333333333333,48.0,19.0,1,1,1,0,1,0,0,0,0
97194,ZA4,Free State,ZA5,KwaZulu-Natal,2020-11-19,2020-11-27,1,1,1,920176.3945519972,417795.48410057445,642174,259.60607806694804,571.7711033514258,10702.9,10702.9,1.0,20201119,20201127,0.28114593899768064,0.6555271573171474,0.06332690368517199,0.4905192097314189,2663702.0,0.3109682093283005,0.6320226943362347,0.05700909633546477,0.4797594466393526,10418811.0,0.2248492570676798,0.7777777777777778,0.07735186107982292,0.5555555555555556,48.0,353.0,1,1,1,0,1,0,0,0,0
97195,ZA5,KwaZulu-Natal,ZA7,Gauteng,2020-11-19,2020-11-25,1,1,1,1084553.2884407025,509759.7243250493,474638,316.7500076584306,673.9101698833205,7910.633333333333,7910.633333333333,1.0,20201119,20201125,0.3109682093283005,0.6320226943362347,0.05700909633546477,0.4797594466393526,10418811.0,0.22703936886350948,0.7223349844212468,0.050625646715243805,0.5123439321519871,14760167.0,0.07735186107982292,0.5555555555555556,0.6706237180439658,1.0,156.0,367.0,1,1,1,0,1,0,0,0,0
97196,ZA3,Nothern Cape,ZA7,Gauteng,2020-11-19,2020-11-26,1,1,1,782849.2831342,780754.7893078001,655319,485.1385342771962,486.43999240324007,10921.983333333334,10921.983333333334,1.0,20201119,20201126,0.2905180543789262,0.6449880916225764,0.06449385399849747,0.5008080113808923,1251220.0,0.22703936886350948,0.7223349844212468,0.050625646715243805,0.5123439321519871,14760167.0,0.09958456723393624,0.6666666666666666,0.6706237180439658,1.0,39.0,285.0,1,1,1,0,1,0,0,0,0
97197,ZA9,Limpopo,ZA3,Nothern Cape,2020-11-19,2020-11-23,1,1,1,1271767.8551836093,962763.112189287,355324,598.2332628631833,790.2399084245563,5922.066666666667,5922.066666666667,1.0,20201119,20201123,0.3322212084583728,0.5982309127294063,0.06954787881222096,0.47107489302560024,5527257.0,0.2905180543789262,0.6449880916225764,0.06449385399849747,0.5008080113808923,1251220.0,-0.020299216875639643,0.3333333333333333,0.09958456723393624,0.6666666666666666,27.0,16.0,1,1,1,0,1,0,0,0,0
97198,ZA7,Gauteng,ZA5,KwaZulu-Natal,2020-11-19,2020-11-21,1,1,1,514522.8481286279,514522.8481286279,217780,319.7096755750342,319.7096755750342,3629.6666666666665,3629.6666666666665,1.0,20201119,20201121,0.22703936886350948,0.7223349844212468,0.050625646715243805,0.5123439321519871,14760167.0,0.3109682093283005,0.6320226943362347,0.05700909633546477,0.4797594466393526,10418811.0,0.6706237180439658,1.0,0.07735186107982292,0.5555555555555556,241.0,180.0,1,1,1,0,1,0,0,0,0
