,admin1Pcod_1,admin1Name_1,admin1Pcod_2,admin1Name_2,admin2Pcod_1,admin2Name_1,admin2Pcod_2,admin2Name_2,local_date_1,local_date_2,trip_num,tour_num,id_num,tour_traj_distance,trip_traj_distance,time_range,date_1,date_2,0_14_pct_1,15_64_pct_1,65p_pct_1,M_pct_1,Population_1,0_14_pct_2,15_64_pct_2,65p_pct_2,M_pct_2,Population_2,rwi_1,rwi_pctl_1,rwi_2,rwi_pctl_2,first_case,ban_travel,lockdown,lockdown_0,lockdown_1,lockdown_2,lockdown_3,lockdown_4,lockdown_5
383046,ZA9,Limpopo,ZA9,Limpopo,ZA935,Capricorn,ZA936,Waterberg,2020-10-13,2020-10-13,47,47,47,7237278.303295261,3898225.03976268,544335,20201013,20201013,0.3265897738288558,0.6007690312860821,0.07264119488506209,0.472231826966417,1295656.0,0.2870915348782833,0.6477210572390478,0.06518740788266879,0.5138960603357211,718513.0,0.07397387387387387,0.6346153846153846,0.00236898395721925,0.5576923076923077,1,1,1,0,1,0,0,0,0
383047,ZA4,Free State,ZA4,Free State,ZA494,Mangaung,ZA418,Lejweleputswa,2020-10-13,2020-10-13,41,41,41,10687554.93417391,4680142.011663104,487059,20201013,20201013,0.26262942751272955,0.6754982029249197,0.06187236956235082,0.4901411892511804,826621.0,0.27941650281351393,0.6617931601395349,0.058790337046951115,0.500105365269169,574193.0,0.27329104477611943,0.8269230769230769,0.29495049504950493,0.8653846153846154,1,1,1,0,1,0,0,0,0
383048,ZA4,Free State,ZA4,Free State,ZA420,Fezile Dabi,ZA418,Lejweleputswa,2020-10-13,2020-10-13,31,31,30,6396534.511783886,2069790.26808832,371355,20201013,20201013,0.2705098118551487,0.6604572122193,0.06903297592555128,0.5050070807202104,494300.0,0.27941650281351393,0.6617931601395349,0.058790337046951115,0.500105365269169,574193.0,0.2276555023923445,0.7884615384615384,0.29495049504950493,0.8653846153846154,1,1,1,0,1,0,0,0,0
383049,ZA9,Limpopo,ZA7,Gauteng,ZA935,Capricorn,ZA797,Ekurhuleni,2020-10-13,2020-10-13,3,3,3,2079431.451553228,856001.029162419,51989,20201013,20201013,0.3265897738288558,0.6007690312860821,0.07264119488506209,0.472231826966417,1295656.0,0.23296733680905687,0.7203157619169479,0.04671690127399521,0.5205474946472306,3739653.0,0.07397387387387387,0.6346153846153846,0.7435109289617486,0.9615384615384616,1,1,1,0,1,0,0,0,0
383050,ZA2,Eastern Cape,ZA4,Free State,ZA293,Nelson Mandela Bay,ZA418,Lejweleputswa,2020-10-13,2020-10-14,1,1,1,1007299.1341217718,770083.0675748236,87671,20201013,20201014,0.2465186661259611,0.6842154879637478,0.0692658459102911,0.4877654529777138,1230491.0,0.27941650281351393,0.6617931601395349,0.058790337046951115,0.500105365269169,574193.0,0.5740514018691588,0.9423076923076923,0.29495049504950493,0.8653846153846154,1,1,1,0,1,0,0,0,0
383051,ZA6,North West,ZA6,North West,ZA637,Bojanala,ZA637,Bojanala,2020-10-13,2020-10-14,533,533,533,11580616.12586475,3207092.1743062977,18961378,20201013,20201014,0.25082919250139085,0.6903465537718604,0.05882425372674875,0.5380589003726469,1786678.0,0.25082919250139085,0.6903465537718604,0.05882425372674875,0.5380589003726469,1786678.0,0.07430676328502415,0.6538461538461539,0.07430676328502415,0.6538461538461539,1,1,1,0,1,0,0,0,0
383052,ZA8,Mpumalanga,ZA8,Mpumalanga,ZA831,Nkangala,ZA831,Nkangala,2020-10-13,2020-10-13,6387,3220,2325,256847629.72866932,62594688.15091537,50595288,20201013,20201013,0.27290691475673784,0.6711806877078121,0.055912397535449986,0.5109201270525474,1573837.0,0.27290691475673784,0.6711806877078121,0.055912397535449986,0.5109201270525474,1573837.0,0.07867808219178082,0.6730769230769231,0.07867808219178082,0.6730769230769231,1,1,1,0,1,0,0,0,0
383053,ZA7,Gauteng,ZA8,Mpumalanga,ZA742,Sedibeng,ZA830,Gert Sibande,2020-10-13,2020-10-13,18,18,17,2620936.9398789154,996938.0265611622,67400,20201013,20201013,0.24393339879416723,0.6953819961266214,0.06068460507921129,0.5059130831550246,994997.0,0.30688245639051287,0.6412288994160756,0.05188864419341153,0.49968312815881616,1136106.0,0.2808379746835443,0.8461538461538461,-0.11248741610738255,0.36538461538461536,1,1,1,0,1,0,0,0,0
383054,ZA2,Eastern Cape,ZA2,Eastern Cape,ZA213,Chris Hani,ZA212,Amathole,2020-10-13,2020-10-14,1,1,1,39895.41815776055,20041.47373681208,49352,20201013,20201014,0.334940582305372,0.572656560540376,0.09240285715425203,0.478383232498069,752217.0,0.32816698449842097,0.5696178168124134,0.1022151986891656,0.47434426623917664,789726.0,-0.29251697892271666,0.057692307692307696,-0.3192883211678832,0.019230769230769232,1,1,1,0,1,0,0,0,0
383055,ZA3,Nothern Cape,ZA3,Nothern Cape,ZA309,Frances Baard,ZA308,Z F Mgcawu,2020-10-13,2020-10-13,6,6,6,1878848.1411102084,942027.887228962,72790,20201013,20201013,0.2860169290028057,0.6497360787483951,0.06424699224879928,0.49189928194398214,420580.0,0.27601757542529287,0.6641943181028425,0.059788106471864645,0.5142626583989065,258998.0,0.29907801418439717,0.8846153846153846,-0.04016603773584906,0.46153846153846156,1,1,1,0,1,0,0,0,0
383056,ZA5,KwaZulu-Natal,ZA5,KwaZulu-Natal,ZA525,Amajuba,ZA595,eThekwini,2020-10-13,2020-10-14,1,1,1,1079165.4338729477,252747.7741915441,79286,20201013,20201014,0.3311353387795859,0.6144200377537888,0.05444462346662529,0.48045773982507545,502731.0,0.2446364969883556,0.6990922562931536,0.05627124671849075,0.494610924976595,3587907.0,-0.16864155251141552,0.25,0.5666580406654343,0.9230769230769231,1,1,1,0,1,0,0,0,0
383057,ZA5,KwaZulu-Natal,ZA5,KwaZulu-Natal,ZA527,Umkhanyakude,ZA527,Umkhanyakude,2020-10-13,2020-10-14,65,65,65,1714528.6954723808,213801.73771408477,2687800,20201013,20201014,0.40017378652548197,0.5489306999026919,0.05089551357182606,0.4622270789873748,643318.0,0.40017378652548197,0.5489306999026919,0.05089551357182606,0.4622270789873748,643318.0,-0.31784377542717657,0.038461538461538464,-0.31784377542717657,0.038461538461538464,1,1,1,0,1,0,0,0,0
383058,ZA7,Gauteng,ZA1,Western Cape,ZA798,City of Johannesburg,ZA191,City of Cape Town,2020-10-13,2020-10-21,1,1,1,2965519.58626758,1254943.4831228668,658330,20201013,20201021,0.2220629170143196,0.7299897648810346,0.047947318104645836,0.5097433964893054,5540727.0,0.23849582985172932,0.697186217784503,0.06431795236376775,0.4976008771049945,4436413.0,0.8818060606060606,1.0,0.7687640750670242,0.9807692307692307,1,1,1,0,1,0,0,0,0
383059,ZA7,Gauteng,ZA7,Gauteng,ZA797,Ekurhuleni,ZA797,Ekurhuleni,2020-10-13,2020-10-13,29387,15867,11839,891106111.5443085,224105014.39478704,221297391,20201013,20201013,0.23296733680905687,0.7203157619169479,0.04671690127399521,0.5205474946472306,3739653.0,0.23296733680905687,0.7203157619169479,0.04671690127399521,0.5205474946472306,3739653.0,0.7435109289617486,0.9615384615384616,0.7435109289617486,0.9615384615384616,1,1,1,0,1,0,0,0,0
383060,ZA1,Western Cape,ZA1,Western Cape,ZA102,Cape Winelands,ZA103,Overberg,2020-10-13,2020-10-13,42,42,40,9592787.170587406,2584994.4835391017,495855,20201013,20201013,0.24989252608235304,0.6902123420738123,0.059895131843834624,0.5011121214086944,909523.0,0.22836513904770692,0.6721314716747349,0.09950338927755827,0.511077351980676,303457.0,-0.012388831437435367,0.5192307692307693,0.051486772486772484,0.5961538461538461,1,1,1,0,1,0,0,0,0
383061,ZA7,Gauteng,ZA6,North West,ZA797,Ekurhuleni,ZA640,Dr Kenneth Kaunda,2020-10-13,2020-10-13,12,12,12,5648027.889840176,1997388.580066436,308236,20201013,20201013,0.23296733680905687,0.7203157619169479,0.04671690127399521,0.5205474946472306,3739653.0,0.27505895171327793,0.6602340041700301,0.06470704411669191,0.5065976875287468,754431.0,0.7435109289617486,0.9615384615384616,-0.10069384057971015,0.38461538461538464,1,1,1,0,1,0,0,0,0
383062,ZA6,North West,ZA7,Gauteng,ZA637,Bojanala,ZA748,West Rand,2020-10-13,2020-10-13,41,41,36,5936881.732403494,2927434.890557888,471340,20201013,20201013,0.25082919250139085,0.6903465537718604,0.05882425372674875,0.5380589003726469,1786678.0,0.23154887232085752,0.7207832829912092,0.047667844687933295,0.5288128906961219,856804.0,0.07430676328502415,0.6538461538461539,0.23715802469135805,0.8076923076923077,1,1,1,0,1,0,0,0,0
383063,ZA3,Nothern Cape,ZA3,Nothern Cape,ZA345,John Taolo Gaetsewe,ZA345,John Taolo Gaetsewe,2020-10-13,2020-10-13,1202,588,423,91260625.04753502,15968591.942664592,10022104,20201013,20201013,0.31986957060536586,0.628082594956317,0.05204783443831712,0.4959027820806741,258224.0,0.31986957060536586,0.628082594956317,0.05204783443831712,0.4959027820806741,258224.0,-0.13480926430517712,0.3076923076923077,-0.13480926430517712,0.3076923076923077,1,1,1,0,1,0,0,0,0
383064,ZA2,Eastern Cape,ZA2,Eastern Cape,ZA215,O.R.Tambo,ZA215,O.R.Tambo,2020-10-13,2020-10-13,1205,542,404,51161557.18776648,12153343.635536602,10357651,20201013,20201013,0.38804558548824664,0.5482866433400703,0.06366777117168307,0.4623163104135049,1358678.0,0.38804558548824664,0.5482866433400703,0.06366777117168307,0.4623163104135049,1358678.0,-0.23807536101083035,0.1346153846153846,-0.23807536101083035,0.1346153846153846,1,1,1,0,1,0,0,0,0
383065,ZA7,Gauteng,ZA5,KwaZulu-Natal,ZA742,Sedibeng,ZA525,Amajuba,2020-10-13,2020-10-13,1,1,1,572441.1149978938,253036.80032461675,34608,20201013,20201013,0.24393339879416723,0.6953819961266214,0.06068460507921129,0.5059130831550246,994997.0,0.3311353387795859,0.6144200377537888,0.05444462346662529,0.48045773982507545,502731.0,0.2808379746835443,0.8461538461538461,-0.16864155251141552,0.25,1,1,1,0,1,0,0,0,0
383066,ZA7,Gauteng,ZA6,North West,ZA797,Ekurhuleni,ZA637,Bojanala,2020-10-13,2020-10-14,1,1,1,72216.3054753221,35731.31146453394,14525,20201013,20201014,0.23296733680905687,0.7203157619169479,0.04671690127399521,0.5205474946472306,3739653.0,0.25082919250139085,0.6903465537718604,0.05882425372674875,0.5380589003726469,1786678.0,0.7435109289617486,0.9615384615384616,0.07430676328502415,0.6538461538461539,1,1,1,0,1,0,0,0,0
383067,ZA7,Gauteng,ZA7,Gauteng,ZA799,City of Tshwane,ZA798,City of Johannesburg,2020-10-13,2020-10-14,92,92,92,7594704.226280774,3472197.5234596767,2686115,20201013,20201014,0.22283079372412132,0.7204843127840075,0.056684893491871245,0.5057337597223363,3627986.0,0.2220629170143196,0.7299897648810346,0.047947318104645836,0.5097433964893054,5540727.0,0.48224212034383956,0.9038461538461539,0.8818060606060606,1.0,1,1,1,0,1,0,0,0,0
383068,ZA8,Mpumalanga,ZA7,Gauteng,ZA831,Nkangala,ZA797,Ekurhuleni,2020-10-13,2020-10-13,104,102,101,18458956.120723806,7650447.718339337,1353675,20201013,20201013,0.27290691475673784,0.6711806877078121,0.055912397535449986,0.5109201270525474,1573837.0,0.23296733680905687,0.7203157619169479,0.04671690127399521,0.5205474946472306,3739653.0,0.07867808219178082,0.6730769230769231,0.7435109289617486,0.9615384615384616,1,1,1,0,1,0,0,0,0
383069,ZA2,Eastern Cape,ZA2,Eastern Cape,ZA292,Buffalo City,ZA210,Cacadu,2020-10-13,2020-10-13,7,7,7,4414652.522506147,1124068.7157941735,210312,20201013,20201013,0.254980022080858,0.6758306608485358,0.06918931707060617,0.48177934914042375,760840.0,0.2618455236218228,0.6571170870354837,0.08103738934269357,0.4975242081945451,491156.0,0.09585175879396986,0.6923076923076923,-0.01848062015503876,0.5,1,1,1,0,1,0,0,0,0
383070,ZA5,KwaZulu-Natal,ZA5,KwaZulu-Natal,ZA595,eThekwini,ZA522,Umgungundlovu,2020-10-13,2020-10-13,169,167,164,27547193.112523854,10313010.769903038,2245017,20201013,20201013,0.2446364969883556,0.6990922562931536,0.05627124671849075,0.494610924976595,3587907.0,0.2748377359932372,0.663873035280183,0.06128922872657978,0.48236181888519014,1046905.0,0.5666580406654343,0.9230769230769231,0.0061256544502617805,0.5769230769230769,1,1,1,0,1,0,0,0,0
383071,ZA4,Free State,ZA6,North West,ZA494,Mangaung,ZA640,Dr Kenneth Kaunda,2020-10-13,2020-10-13,3,3,3,1970482.805866856,903877.3278152116,128235,20201013,20201013,0.26262942751272955,0.6754982029249197,0.06187236956235082,0.4901411892511804,826621.0,0.27505895171327793,0.6602340041700301,0.06470704411669191,0.5065976875287468,754431.0,0.27329104477611943,0.8269230769230769,-0.10069384057971015,0.38461538461538464,1,1,1,0,1,0,0,0,0
383072,ZA4,Free State,ZA7,Gauteng,ZA420,Fezile Dabi,ZA799,City of Tshwane,2020-10-13,2020-10-13,11,11,11,4960192.403947915,2037583.400435246,160550,20201013,20201013,0.2705098118551487,0.6604572122193,0.06903297592555128,0.5050070807202104,494300.0,0.22283079372412132,0.7204843127840075,0.056684893491871245,0.5057337597223363,3627986.0,0.2276555023923445,0.7884615384615384,0.48224212034383956,0.9038461538461539,1,1,1,0,1,0,0,0,0
383073,ZA8,Mpumalanga,ZA7,Gauteng,ZA831,Nkangala,ZA742,Sedibeng,2020-10-13,2020-10-13,14,14,14,2690943.891006566,1227799.4379050056,133447,20201013,20201013,0.27290691475673784,0.6711806877078121,0.055912397535449986,0.5109201270525474,1573837.0,0.24393339879416723,0.6953819961266214,0.06068460507921129,0.5059130831550246,994997.0,0.07867808219178082,0.6730769230769231,0.2808379746835443,0.8461538461538461,1,1,1,0,1,0,0,0,0
383074,ZA7,Gauteng,ZA7,Gauteng,ZA742,Sedibeng,ZA797,Ekurhuleni,2020-10-13,2020-10-14,21,21,21,1152724.003983992,533223.7334837285,751100,20201013,20201014,0.24393339879416723,0.6953819961266214,0.06068460507921129,0.5059130831550246,994997.0,0.23296733680905687,0.7203157619169479,0.04671690127399521,0.5205474946472306,3739653.0,0.2808379746835443,0.8461538461538461,0.7435109289617486,0.9615384615384616,1,1,1,0,1,0,0,0,0
383075,ZA9,Limpopo,ZA9,Limpopo,ZA936,Waterberg,ZA936,Waterberg,2020-10-13,2020-10-14,268,268,267,9158549.392424712,2656948.98412562,9633797,20201013,20201014,0.2870915348782833,0.6477210572390478,0.06518740788266879,0.5138960603357211,718513.0,0.2870915348782833,0.6477210572390478,0.06518740788266879,0.5138960603357211,718513.0,0.00236898395721925,0.5576923076923077,0.00236898395721925,0.5576923076923077,1,1,1,0,1,0,0,0,0
383076,ZA7,Gauteng,ZA7,Gauteng,ZA798,City of Johannesburg,ZA797,Ekurhuleni,2020-10-13,2020-10-13,3936,3856,3725,263453230.75971863,86955524.57714334,36324764,20201013,20201013,0.2220629170143196,0.7299897648810346,0.047947318104645836,0.5097433964893054,5540727.0,0.23296733680905687,0.7203157619169479,0.04671690127399521,0.5205474946472306,3739653.0,0.8818060606060606,1.0,0.7435109289617486,0.9615384615384616,1,1,1,0,1,0,0,0,0
383077,ZA7,Gauteng,ZA8,Mpumalanga,ZA742,Sedibeng,ZA831,Nkangala,2020-10-13,2020-10-13,12,12,12,2211154.544776138,973357.4181093402,298215,20201013,20201013,0.24393339879416723,0.6953819961266214,0.06068460507921129,0.5059130831550246,994997.0,0.27290691475673784,0.6711806877078121,0.055912397535449986,0.5109201270525474,1573837.0,0.2808379746835443,0.8461538461538461,0.07867808219178082,0.6730769230769231,1,1,1,0,1,0,0,0,0
383078,ZA9,Limpopo,ZA9,Limpopo,ZA935,Capricorn,ZA935,Capricorn,2020-10-13,2020-10-13,3756,1838,1368,204653134.1118636,30676204.970950957,32995939,20201013,20201013,0.3265897738288558,0.6007690312860821,0.07264119488506209,0.472231826966417,1295656.0,0.3265897738288558,0.6007690312860821,0.07264119488506209,0.472231826966417,1295656.0,0.07397387387387387,0.6346153846153846,0.07397387387387387,0.6346153846153846,1,1,1,0,1,0,0,0,0
383079,ZA1,Western Cape,ZA1,Western Cape,ZA101,West Coast,ZA191,City of Cape Town,2020-10-13,2020-10-13,126,125,123,27523204.782565176,10877192.96406904,2141693,20201013,20201013,0.24466466325617858,0.6852166396976793,0.0701186970461421,0.5060695297345649,497485.0,0.23849582985172932,0.697186217784503,0.06431795236376775,0.4976008771049945,4436413.0,-0.12079976303317536,0.34615384615384615,0.7687640750670242,0.9807692307692307,1,1,1,0,1,0,0,0,0
383080,ZA9,Limpopo,ZA7,Gauteng,ZA936,Waterberg,ZA799,City of Tshwane,2020-10-13,2020-10-14,5,5,5,1157034.9847551878,291873.176543626,138145,20201013,20201014,0.2870915348782833,0.6477210572390478,0.06518740788266879,0.5138960603357211,718513.0,0.22283079372412132,0.7204843127840075,0.056684893491871245,0.5057337597223363,3627986.0,0.00236898395721925,0.5576923076923077,0.48224212034383956,0.9038461538461539,1,1,1,0,1,0,0,0,0
383081,ZA3,Nothern Cape,ZA3,Nothern Cape,ZA306,Namakwa,ZA306,Namakwa,2020-10-13,2020-10-14,35,35,35,3501219.947996643,634437.0960668233,1277910,20201013,20201014,0.2479438366342976,0.6592106724059887,0.09284549095971371,0.5132337492633683,117087.0,0.2479438366342976,0.6592106724059887,0.09284549095971371,0.5132337492633683,117087.0,0.06505633802816901,0.6153846153846154,0.06505633802816901,0.6153846153846154,1,1,1,0,1,0,0,0,0
383082,ZA7,Gauteng,ZA6,North West,ZA748,West Rand,ZA640,Dr Kenneth Kaunda,2020-10-13,2020-10-13,46,46,46,7233802.134664506,3311810.7889181245,680665,20201013,20201013,0.23154887232085752,0.7207832829912092,0.047667844687933295,0.5288128906961219,856804.0,0.27505895171327793,0.6602340041700301,0.06470704411669191,0.5065976875287468,754431.0,0.23715802469135805,0.8076923076923077,-0.10069384057971015,0.38461538461538464,1,1,1,0,1,0,0,0,0
383083,ZA9,Limpopo,ZA9,Limpopo,ZA936,Waterberg,ZA936,Waterberg,2020-10-13,2020-10-13,3118,1533,1109,157517824.10761422,33033934.42791041,23934984,20201013,20201013,0.2870915348782833,0.6477210572390478,0.06518740788266879,0.5138960603357211,718513.0,0.2870915348782833,0.6477210572390478,0.06518740788266879,0.5138960603357211,718513.0,0.00236898395721925,0.5576923076923077,0.00236898395721925,0.5576923076923077,1,1,1,0,1,0,0,0,0
383084,ZA8,Mpumalanga,ZA8,Mpumalanga,ZA831,Nkangala,ZA830,Gert Sibande,2020-10-13,2020-10-13,100,100,99,20383127.03428081,6617009.679995094,1398474,20201013,20201013,0.27290691475673784,0.6711806877078121,0.055912397535449986,0.5109201270525474,1573837.0,0.30688245639051287,0.6412288994160756,0.05188864419341153,0.49968312815881616,1136106.0,0.07867808219178082,0.6730769230769231,-0.11248741610738255,0.36538461538461536,1,1,1,0,1,0,0,0,0
383085,ZA4,Free State,ZA4,Free State,ZA418,Lejweleputswa,ZA418,Lejweleputswa,2020-10-13,2020-10-14,250,250,250,5133038.938461714,1325731.2858076284,9359000,20201013,20201014,0.27941650281351393,0.6617931601395349,0.058790337046951115,0.500105365269169,574193.0,0.27941650281351393,0.6617931601395349,0.058790337046951115,0.500105365269169,574193.0,0.29495049504950493,0.8653846153846154,0.29495049504950493,0.8653846153846154,1,1,1,0,1,0,0,0,0
383086,ZA2,Eastern Cape,ZA2,Eastern Cape,ZA212,Amathole,ZA213,Chris Hani,2020-10-13,2020-10-13,8,8,8,1128584.8911175667,492190.9450204036,109561,20201013,20201013,0.32816698449842097,0.5696178168124134,0.1022151986891656,0.47434426623917664,789726.0,0.334940582305372,0.572656560540376,0.09240285715425203,0.478383232498069,752217.0,-0.3192883211678832,0.019230769230769232,-0.29251697892271666,0.057692307692307696,1,1,1,0,1,0,0,0,0
383087,ZA7,Gauteng,ZA7,Gauteng,ZA797,Ekurhuleni,ZA799,City of Tshwane,2020-10-13,2020-10-13,1079,1074,1043,117160590.8256791,43672995.68399494,12847546,20201013,20201013,0.23296733680905687,0.7203157619169479,0.04671690127399521,0.5205474946472306,3739653.0,0.22283079372412132,0.7204843127840075,0.056684893491871245,0.5057337597223363,3627986.0,0.7435109289617486,0.9615384615384616,0.48224212034383956,0.9038461538461539,1,1,1,0,1,0,0,0,0
383088,ZA1,Western Cape,ZA1,Western Cape,ZA102,Cape Winelands,ZA191,City of Cape Town,2020-10-13,2020-10-14,60,60,60,4658166.205829154,2054179.0148277492,1647240,20201013,20201014,0.24989252608235304,0.6902123420738123,0.059895131843834624,0.5011121214086944,909523.0,0.23849582985172932,0.697186217784503,0.06431795236376775,0.4976008771049945,4436413.0,-0.012388831437435367,0.5192307692307693,0.7687640750670242,0.9807692307692307,1,1,1,0,1,0,0,0,0
383089,ZA9,Limpopo,ZA7,Gauteng,ZA947,Sekhukhune,ZA799,City of Tshwane,2020-10-13,2020-10-13,11,11,11,3648835.416302989,1772311.0771259111,172217,20201013,20201013,0.3536917516859454,0.5707075150199985,0.07560073329405607,0.46486328935523974,1125333.0,0.22283079372412132,0.7204843127840075,0.056684893491871245,0.5057337597223363,3627986.0,-0.06015677966101695,0.4423076923076923,0.48224212034383956,0.9038461538461539,1,1,1,0,1,0,0,0,0
383090,ZA6,North West,ZA6,North West,ZA640,Dr Kenneth Kaunda,ZA638,Ngaka Modiri Molema,2020-10-13,2020-10-13,30,28,28,6399432.540148297,2390253.552353326,502726,20201013,20201013,0.27505895171327793,0.6602340041700301,0.06470704411669191,0.5065976875287468,754431.0,0.3236353449196357,0.6078801705223251,0.06848448455803925,0.4964769205863341,870971.0,-0.10069384057971015,0.38461538461538464,-0.18344824707846413,0.23076923076923078,1,1,1,0,1,0,0,0,0
383091,ZA7,Gauteng,ZA7,Gauteng,ZA742,Sedibeng,ZA742,Sedibeng,2020-10-13,2020-10-13,5825,3183,2257,176052856.03885746,44404306.15521658,41746506,20201013,20201013,0.24393339879416723,0.6953819961266214,0.06068460507921129,0.5059130831550246,994997.0,0.24393339879416723,0.6953819961266214,0.06068460507921129,0.5059130831550246,994997.0,0.2808379746835443,0.8461538461538461,0.2808379746835443,0.8461538461538461,1,1,1,0,1,0,0,0,0
383092,ZA6,North West,ZA6,North West,ZA639,Dr Ruth Segomotsi Mompati,ZA639,Dr Ruth Segomotsi Mompati,2020-10-13,2020-10-13,835,427,292,47764387.05706351,8377952.560830775,6437330,20201013,20201013,0.3412335579082451,0.5850872971649528,0.07367914492680208,0.4911837461796937,473784.0,0.3412335579082451,0.5850872971649528,0.07367914492680208,0.4911837461796937,473784.0,-0.16626678765880218,0.2692307692307692,-0.16626678765880218,0.2692307692307692,1,1,1,0,1,0,0,0,0
383093,ZA6,North West,ZA1,Western Cape,ZA638,Ngaka Modiri Molema,ZA102,Cape Winelands,2020-10-13,2020-10-13,1,1,1,1044990.3517208528,1044990.3517208528,4805,20201013,20201013,0.3236353449196357,0.6078801705223251,0.06848448455803925,0.4964769205863341,870971.0,0.24989252608235304,0.6902123420738123,0.059895131843834624,0.5011121214086944,909523.0,-0.18344824707846413,0.23076923076923078,-0.012388831437435367,0.5192307692307693,1,1,1,0,1,0,0,0,0
383094,ZA4,Free State,ZA4,Free State,ZA419,Thabo Mofutsanyane,ZA419,Thabo Mofutsanyane,2020-10-13,2020-10-13,2139,1062,748,100730141.9358755,22328244.098642364,17019499,20201013,20201013,0.31143326559338835,0.6251823622683981,0.06338437213821363,0.47028720831466336,662829.0,0.31143326559338835,0.6251823622683981,0.06338437213821363,0.47028720831466336,662829.0,0.10770218579234972,0.7115384615384616,0.10770218579234972,0.7115384615384616,1,1,1,0,1,0,0,0,0
383095,ZA6,North West,ZA7,Gauteng,ZA637,Bojanala,ZA798,City of Johannesburg,2020-10-13,2020-10-13,86,86,83,11628193.93954719,5578359.211758236,1458094,20201013,20201013,0.25082919250139085,0.6903465537718604,0.05882425372674875,0.5380589003726469,1786678.0,0.2220629170143196,0.7299897648810346,0.047947318104645836,0.5097433964893054,5540727.0,0.07430676328502415,0.6538461538461539,0.8818060606060606,1.0,1,1,1,0,1,0,0,0,0
383096,ZA7,Gauteng,ZA7,Gauteng,ZA797,Ekurhuleni,ZA799,City of Tshwane,2020-10-13,2020-10-14,60,60,60,5101297.120351552,2266220.4350191406,1799864,20201013,20201014,0.23296733680905687,0.7203157619169479,0.04671690127399521,0.5205474946472306,3739653.0,0.22283079372412132,0.7204843127840075,0.056684893491871245,0.5057337597223363,3627986.0,0.7435109289617486,0.9615384615384616,0.48224212034383956,0.9038461538461539,1,1,1,0,1,0,0,0,0
383097,ZA7,Gauteng,ZA7,Gauteng,ZA798,City of Johannesburg,ZA799,City of Tshwane,2020-10-13,2020-10-14,101,101,101,8907889.801350849,3496585.0166094443,3324091,20201013,20201014,0.2220629170143196,0.7299897648810346,0.047947318104645836,0.5097433964893054,5540727.0,0.22283079372412132,0.7204843127840075,0.056684893491871245,0.5057337597223363,3627986.0,0.8818060606060606,1.0,0.48224212034383956,0.9038461538461539,1,1,1,0,1,0,0,0,0
383098,ZA5,KwaZulu-Natal,ZA5,KwaZulu-Natal,ZA595,eThekwini,ZA528,Uthungulu,2020-10-13,2020-10-13,24,24,23,7792397.468564622,3677227.1914825886,492034,20201013,20201013,0.2446364969883556,0.6990922562931536,0.05627124671849075,0.494610924976595,3587907.0,0.3398562749304085,0.6096443299200878,0.05049939514950375,0.4759701217345943,889476.0,0.5666580406654343,0.9230769230769231,-0.2202014106583072,0.15384615384615385,1,1,1,0,1,0,0,0,0
383099,ZA9,Limpopo,ZA9,Limpopo,ZA936,Waterberg,ZA935,Capricorn,2020-10-13,2020-10-13,42,42,42,10012011.7974699,3298762.511904035,750861,20201013,20201013,0.2870915348782833,0.6477210572390478,0.06518740788266879,0.5138960603357211,718513.0,0.3265897738288558,0.6007690312860821,0.07264119488506209,0.472231826966417,1295656.0,0.00236898395721925,0.5576923076923077,0.07397387387387387,0.6346153846153846,1,1,1,0,1,0,0,0,0
383100,ZA5,KwaZulu-Natal,ZA5,KwaZulu-Natal,ZA524,Umzinyathi,ZA522,Umgungundlovu,2020-10-13,2020-10-13,16,16,16,3104173.089136488,981171.1711614818,234620,20201013,20201013,0.3952311253914291,0.5454951881678106,0.05927368644076033,0.451447242842509,514461.0,0.2748377359932372,0.663873035280183,0.06128922872657978,0.48236181888519014,1046905.0,-0.28225945945945946,0.07692307692307693,0.0061256544502617805,0.5769230769230769,1,1,1,0,1,0,0,0,0
383101,ZA4,Free State,ZA8,Mpumalanga,ZA420,Fezile Dabi,ZA831,Nkangala,2020-10-13,2020-10-13,2,2,2,866016.1610623476,466040.2653644873,53855,20201013,20201013,0.2705098118551487,0.6604572122193,0.06903297592555128,0.5050070807202104,494300.0,0.27290691475673784,0.6711806877078121,0.055912397535449986,0.5109201270525474,1573837.0,0.2276555023923445,0.7884615384615384,0.07867808219178082,0.6730769230769231,1,1,1,0,1,0,0,0,0
383102,ZA7,Gauteng,ZA7,Gauteng,ZA797,Ekurhuleni,ZA742,Sedibeng,2020-10-13,2020-10-14,23,23,23,1807914.36210067,790370.338410961,613247,20201013,20201014,0.23296733680905687,0.7203157619169479,0.04671690127399521,0.5205474946472306,3739653.0,0.24393339879416723,0.6953819961266214,0.06068460507921129,0.5059130831550246,994997.0,0.7435109289617486,0.9615384615384616,0.2808379746835443,0.8461538461538461,1,1,1,0,1,0,0,0,0
383103,ZA6,North West,ZA6,North West,ZA637,Bojanala,ZA637,Bojanala,2020-10-13,2020-10-13,5202,2636,1962,196190364.5591758,48091187.69987005,41409913,20201013,20201013,0.25082919250139085,0.6903465537718604,0.05882425372674875,0.5380589003726469,1786678.0,0.25082919250139085,0.6903465537718604,0.05882425372674875,0.5380589003726469,1786678.0,0.07430676328502415,0.6538461538461539,0.07430676328502415,0.6538461538461539,1,1,1,0,1,0,0,0,0
383104,ZA4,Free State,ZA1,Western Cape,ZA494,Mangaung,ZA191,City of Cape Town,2020-10-13,2020-10-17,1,1,1,1721501.1508639515,898702.9306080113,356176,20201013,20201017,0.26262942751272955,0.6754982029249197,0.06187236956235082,0.4901411892511804,826621.0,0.23849582985172932,0.697186217784503,0.06431795236376775,0.4976008771049945,4436413.0,0.27329104477611943,0.8269230769230769,0.7687640750670242,0.9807692307692307,1,1,1,0,1,0,0,0,0
383105,ZA2,Eastern Cape,ZA2,Eastern Cape,ZA293,Nelson Mandela Bay,ZA215,O.R.Tambo,2020-10-13,2020-10-14,1,1,1,2505345.349033121,495560.9493959495,65252,20201013,20201014,0.2465186661259611,0.6842154879637478,0.0692658459102911,0.4877654529777138,1230491.0,0.38804558548824664,0.5482866433400703,0.06366777117168307,0.4623163104135049,1358678.0,0.5740514018691588,0.9423076923076923,-0.23807536101083035,0.1346153846153846,1,1,1,0,1,0,0,0,0
383106,ZA4,Free State,ZA2,Eastern Cape,ZA416,Xhariep,ZA214,Joe Gqabi,2020-10-13,2020-10-13,12,12,12,1175483.1935661975,299204.48621407617,247352,20201013,20201013,0.29515218562959183,0.6325513667867511,0.07229644758365718,0.5005153225730198,105759.0,0.3340471849013029,0.5799636495391386,0.08598916555955849,0.47733103958194023,339473.0,0.18671264367816093,0.7692307692307693,-0.1839776119402985,0.21153846153846154,1,1,1,0,1,0,0,0,0
383107,ZA5,KwaZulu-Natal,ZA5,KwaZulu-Natal,ZA524,Umzinyathi,ZA524,Umzinyathi,2020-10-13,2020-10-14,59,59,59,1180716.6984231498,484674.7776608336,2115101,20201013,20201014,0.3952311253914291,0.5454951881678106,0.05927368644076033,0.451447242842509,514461.0,0.3952311253914291,0.5454951881678106,0.05927368644076033,0.451447242842509,514461.0,-0.28225945945945946,0.07692307692307693,-0.28225945945945946,0.07692307692307693,1,1,1,0,1,0,0,0,0
383108,ZA5,KwaZulu-Natal,ZA4,Free State,ZA529,iLembe,ZA494,Mangaung,2020-10-13,2020-10-13,1,1,1,1039395.5508927426,547970.2504620865,43058,20201013,20201013,0.32390440311621094,0.6202867780885334,0.05580881879525565,0.4827645772056803,636799.0,0.26262942751272955,0.6754982029249197,0.06187236956235082,0.4901411892511804,826621.0,-0.14951617873651774,0.28846153846153844,0.27329104477611943,0.8269230769230769,1,1,1,0,1,0,0,0,0
383109,ZA6,North West,ZA6,North West,ZA640,Dr Kenneth Kaunda,ZA640,Dr Kenneth Kaunda,2020-10-13,2020-10-14,340,340,340,4893438.39884786,2240809.530041235,11681989,20201013,20201014,0.27505895171327793,0.6602340041700301,0.06470704411669191,0.5065976875287468,754431.0,0.27505895171327793,0.6602340041700301,0.06470704411669191,0.5065976875287468,754431.0,-0.10069384057971015,0.38461538461538464,-0.10069384057971015,0.38461538461538464,1,1,1,0,1,0,0,0,0
383110,ZA1,Western Cape,ZA1,Western Cape,ZA191,City of Cape Town,ZA102,Cape Winelands,2020-10-13,2020-10-14,37,37,37,6275427.195510391,1576075.4707516285,1231497,20201013,20201014,0.23849582985172932,0.697186217784503,0.06431795236376775,0.4976008771049945,4436413.0,0.24989252608235304,0.6902123420738123,0.059895131843834624,0.5011121214086944,909523.0,0.7687640750670242,0.9807692307692307,-0.012388831437435367,0.5192307692307693,1,1,1,0,1,0,0,0,0
383111,ZA5,KwaZulu-Natal,ZA5,KwaZulu-Natal,ZA522,Umgungundlovu,ZA595,eThekwini,2020-10-13,2020-10-14,22,22,22,2725693.0681298124,1125773.2519860829,643156,20201013,20201014,0.2748377359932372,0.663873035280183,0.06128922872657978,0.48236181888519014,1046905.0,0.2446364969883556,0.6990922562931536,0.05627124671849075,0.494610924976595,3587907.0,0.0061256544502617805,0.5769230769230769,0.5666580406654343,0.9230769230769231,1,1,1,0,1,0,0,0,0
383112,ZA2,Eastern Cape,ZA2,Eastern Cape,ZA212,Amathole,ZA292,Buffalo City,2020-10-13,2020-10-13,58,58,56,10275160.566021008,2509722.348899292,619074,20201013,20201013,0.32816698449842097,0.5696178168124134,0.1022151986891656,0.47434426623917664,789726.0,0.254980022080858,0.6758306608485358,0.06918931707060617,0.48177934914042375,760840.0,-0.3192883211678832,0.019230769230769232,0.09585175879396986,0.6923076923076923,1,1,1,0,1,0,0,0,0
383113,ZA8,Mpumalanga,ZA7,Gauteng,ZA830,Gert Sibande,ZA797,Ekurhuleni,2020-10-13,2020-10-26,1,1,1,210700.2551410015,105294.91858241426,1102612,20201013,20201026,0.30688245639051287,0.6412288994160756,0.05188864419341153,0.49968312815881616,1136106.0,0.23296733680905687,0.7203157619169479,0.04671690127399521,0.5205474946472306,3739653.0,-0.11248741610738255,0.36538461538461536,0.7435109289617486,0.9615384615384616,1,1,1,0,1,0,0,0,0
383114,ZA9,Limpopo,ZA9,Limpopo,ZA934,Vhembe,ZA934,Vhembe,2020-10-13,2020-10-13,2291,1069,753,103957830.6919502,25638026.109356944,18939847,20201013,20201013,0.3433867460978093,0.5887604530714541,0.06785280083073665,0.4597374214109392,1325089.0,0.3433867460978093,0.5887604530714541,0.06785280083073665,0.4597374214109392,1325089.0,-0.0767829596412556,0.4230769230769231,-0.0767829596412556,0.4230769230769231,1,1,1,0,1,0,0,0,0
383115,ZA7,Gauteng,ZA7,Gauteng,ZA797,Ekurhuleni,ZA798,City of Johannesburg,2020-10-13,2020-10-13,3808,3736,3613,238109342.16027948,79086301.49014167,52348631,20201013,20201013,0.23296733680905687,0.7203157619169479,0.04671690127399521,0.5205474946472306,3739653.0,0.2220629170143196,0.7299897648810346,0.047947318104645836,0.5097433964893054,5540727.0,0.7435109289617486,0.9615384615384616,0.8818060606060606,1.0,1,1,1,0,1,0,0,0,0
383116,ZA8,Mpumalanga,ZA8,Mpumalanga,ZA830,Gert Sibande,ZA830,Gert Sibande,2020-10-13,2020-10-14,363,363,363,9451942.106758872,2386424.1906871395,13241211,20201013,20201014,0.30688245639051287,0.6412288994160756,0.05188864419341153,0.49968312815881616,1136106.0,0.30688245639051287,0.6412288994160756,0.05188864419341153,0.49968312815881616,1136106.0,-0.11248741610738255,0.36538461538461536,-0.11248741610738255,0.36538461538461536,1,1,1,0,1,0,0,0,0
383117,ZA5,KwaZulu-Natal,ZA5,KwaZulu-Natal,ZA543,Sisonke,ZA543,Sisonke,2020-10-13,2020-10-13,489,242,186,29132702.8473612,4561541.892357973,3892397,20201013,20201013,0.37293146983899067,0.5707096800166399,0.05635885014436937,0.4671305273563743,447117.0,0.37293146983899067,0.5707096800166399,0.05635885014436937,0.4671305273563743,447117.0,-0.2112274881516588,0.17307692307692307,-0.2112274881516588,0.17307692307692307,1,1,1,0,1,0,0,0,0
383118,ZA7,Gauteng,ZA7,Gauteng,ZA799,City of Tshwane,ZA748,West Rand,2020-10-13,2020-10-13,113,113,112,17143994.988056697,7679954.187051039,1400526,20201013,20201013,0.22283079372412132,0.7204843127840075,0.056684893491871245,0.5057337597223363,3627986.0,0.23154887232085752,0.7207832829912092,0.047667844687933295,0.5288128906961219,856804.0,0.48224212034383956,0.9038461538461539,0.23715802469135805,0.8076923076923077,1,1,1,0,1,0,0,0,0
383119,ZA6,North West,ZA6,North West,ZA639,Dr Ruth Segomotsi Mompati,ZA640,Dr Kenneth Kaunda,2020-10-13,2020-10-13,15,15,15,4139715.333004856,1796009.4188903573,251329,20201013,20201013,0.3412335579082451,0.5850872971649528,0.07367914492680208,0.4911837461796937,473784.0,0.27505895171327793,0.6602340041700301,0.06470704411669191,0.5065976875287468,754431.0,-0.16626678765880218,0.2692307692307692,-0.10069384057971015,0.38461538461538464,1,1,1,0,1,0,0,0,0
383120,ZA8,Mpumalanga,ZA8,Mpumalanga,ZA830,Gert Sibande,ZA831,Nkangala,2020-10-13,2020-10-13,95,95,93,14663142.762886874,6558750.931913278,1199089,20201013,20201013,0.30688245639051287,0.6412288994160756,0.05188864419341153,0.49968312815881616,1136106.0,0.27290691475673784,0.6711806877078121,0.055912397535449986,0.5109201270525474,1573837.0,-0.11248741610738255,0.36538461538461536,0.07867808219178082,0.6730769230769231,1,1,1,0,1,0,0,0,0
383121,ZA5,KwaZulu-Natal,ZA5,KwaZulu-Natal,ZA524,Umzinyathi,ZA525,Amajuba,2020-10-13,2020-10-13,24,22,22,2851890.943009104,1060835.1444645573,212664,20201013,20201013,0.3952311253914291,0.5454951881678106,0.05927368644076033,0.451447242842509,514461.0,0.3311353387795859,0.6144200377537888,0.05444462346662529,0.48045773982507545,502731.0,-0.28225945945945946,0.07692307692307693,-0.16864155251141552,0.25,1,1,1,0,1,0,0,0,0
383122,ZA5,KwaZulu-Natal,ZA5,KwaZulu-Natal,ZA524,Umzinyathi,ZA521,Ugu,2020-10-13,2020-10-13,1,1,1,483499.4877862824,234719.94999024307,7438,20201013,20201013,0.3952311253914291,0.5454951881678106,0.05927368644076033,0.451447242842509,514461.0,0.32122674606698143,0.6016982741355622,0.07707497979745637,0.47391596021954596,714019.0,-0.28225945945945946,0.07692307692307693,-0.09480895915678524,0.40384615384615385,1,1,1,0,1,0,0,0,0
383123,ZA1,Western Cape,ZA1,Western Cape,ZA101,West Coast,ZA101,West Coast,2020-10-13,2020-10-13,2144,1156,811,82571661.81305416,23472900.46872437,17028748,20201013,20201013,0.24466466325617858,0.6852166396976793,0.0701186970461421,0.5060695297345649,497485.0,0.24466466325617858,0.6852166396976793,0.0701186970461421,0.5060695297345649,497485.0,-0.12079976303317536,0.34615384615384615,-0.12079976303317536,0.34615384615384615,1,1,1,0,1,0,0,0,0
383124,ZA2,Eastern Cape,ZA2,Eastern Cape,ZA215,O.R.Tambo,ZA244,Alfred Nzo,2020-10-13,2020-10-13,8,8,8,4040408.39199305,788379.5122074268,86994,20201013,20201013,0.38804558548824664,0.5482866433400703,0.06366777117168307,0.4623163104135049,1358678.0,0.40782127157510134,0.5221222097470932,0.07005651867780548,0.4576553946475353,788235.0,-0.23807536101083035,0.1346153846153846,-0.27396673320026615,0.11538461538461539,1,1,1,0,1,0,0,0,0
383125,ZA8,Mpumalanga,ZA7,Gauteng,ZA832,Ehlanzeni,ZA742,Sedibeng,2020-10-13,2020-10-13,4,4,4,2445184.2714020303,1321329.1117382532,168810,20201013,20201013,0.32438893780700045,0.6235217992770762,0.05208926291592337,0.47979089412028486,1837538.0,0.24393339879416723,0.6953819961266214,0.06068460507921129,0.5059130831550246,994997.0,0.1315940928270042,0.7307692307692307,0.2808379746835443,0.8461538461538461,1,1,1,0,1,0,0,0,0
383126,ZA4,Free State,ZA8,Mpumalanga,ZA419,Thabo Mofutsanyane,ZA830,Gert Sibande,2020-10-13,2020-10-13,3,3,3,1058550.9022513193,507063.4154186303,42654,20201013,20201013,0.31143326559338835,0.6251823622683981,0.06338437213821363,0.47028720831466336,662829.0,0.30688245639051287,0.6412288994160756,0.05188864419341153,0.49968312815881616,1136106.0,0.10770218579234972,0.7115384615384616,-0.11248741610738255,0.36538461538461536,1,1,1,0,1,0,0,0,0
383127,ZA6,North West,ZA1,Western Cape,ZA639,Dr Ruth Segomotsi Mompati,ZA191,City of Cape Town,2020-10-13,2020-10-13,2,2,2,2821267.57684928,1859688.775406832,7740,20201013,20201013,0.3412335579082451,0.5850872971649528,0.07367914492680208,0.4911837461796937,473784.0,0.23849582985172932,0.697186217784503,0.06431795236376775,0.4976008771049945,4436413.0,-0.16626678765880218,0.2692307692307692,0.7687640750670242,0.9807692307692307,1,1,1,0,1,0,0,0,0
383128,ZA7,Gauteng,ZA7,Gauteng,ZA742,Sedibeng,ZA748,West Rand,2020-10-13,2020-10-13,30,30,30,4412935.772542805,1711649.7648727165,690585,20201013,20201013,0.24393339879416723,0.6953819961266214,0.06068460507921129,0.5059130831550246,994997.0,0.23154887232085752,0.7207832829912092,0.047667844687933295,0.5288128906961219,856804.0,0.2808379746835443,0.8461538461538461,0.23715802469135805,0.8076923076923077,1,1,1,0,1,0,0,0,0
383129,ZA7,Gauteng,ZA7,Gauteng,ZA742,Sedibeng,ZA742,Sedibeng,2020-10-13,2020-10-14,515,515,515,7866670.43456729,2544556.340783711,18002077,20201013,20201014,0.24393339879416723,0.6953819961266214,0.06068460507921129,0.5059130831550246,994997.0,0.24393339879416723,0.6953819961266214,0.06068460507921129,0.5059130831550246,994997.0,0.2808379746835443,0.8461538461538461,0.2808379746835443,0.8461538461538461,1,1,1,0,1,0,0,0,0
383130,ZA4,Free State,ZA4,Free State,ZA419,Thabo Mofutsanyane,ZA419,Thabo Mofutsanyane,2020-10-13,2020-10-14,214,214,214,4316760.161578584,1147058.140274597,7595798,20201013,20201014,0.31143326559338835,0.6251823622683981,0.06338437213821363,0.47028720831466336,662829.0,0.31143326559338835,0.6251823622683981,0.06338437213821363,0.47028720831466336,662829.0,0.10770218579234972,0.7115384615384616,0.10770218579234972,0.7115384615384616,1,1,1,0,1,0,0,0,0
383131,ZA5,KwaZulu-Natal,ZA5,KwaZulu-Natal,ZA524,Umzinyathi,ZA595,eThekwini,2020-10-13,2020-10-13,4,4,4,1611193.433457546,659744.1432668234,55404,20201013,20201013,0.3952311253914291,0.5454951881678106,0.05927368644076033,0.451447242842509,514461.0,0.2446364969883556,0.6990922562931536,0.05627124671849075,0.494610924976595,3587907.0,-0.28225945945945946,0.07692307692307693,0.5666580406654343,0.9230769230769231,1,1,1,0,1,0,0,0,0
383132,ZA5,KwaZulu-Natal,ZA5,KwaZulu-Natal,ZA525,Amajuba,ZA525,Amajuba,2020-10-13,2020-10-13,1209,607,454,39663160.03099578,7052477.950984338,11060573,20201013,20201013,0.3311353387795859,0.6144200377537888,0.05444462346662529,0.48045773982507545,502731.0,0.3311353387795859,0.6144200377537888,0.05444462346662529,0.48045773982507545,502731.0,-0.16864155251141552,0.25,-0.16864155251141552,0.25,1,1,1,0,1,0,0,0,0
383133,ZA7,Gauteng,ZA8,Mpumalanga,ZA798,City of Johannesburg,ZA832,Ehlanzeni,2020-10-13,2020-10-13,11,11,11,8008093.667766244,3883845.001361516,325619,20201013,20201013,0.2220629170143196,0.7299897648810346,0.047947318104645836,0.5097433964893054,5540727.0,0.32438893780700045,0.6235217992770762,0.05208926291592337,0.47979089412028486,1837538.0,0.8818060606060606,1.0,0.1315940928270042,0.7307692307692307,1,1,1,0,1,0,0,0,0
383134,ZA7,Gauteng,ZA6,North West,ZA798,City of Johannesburg,ZA640,Dr Kenneth Kaunda,2020-10-13,2020-10-13,14,14,14,3754462.0713271545,2235112.019575769,281059,20201013,20201013,0.2220629170143196,0.7299897648810346,0.047947318104645836,0.5097433964893054,5540727.0,0.27505895171327793,0.6602340041700301,0.06470704411669191,0.5065976875287468,754431.0,0.8818060606060606,1.0,-0.10069384057971015,0.38461538461538464,1,1,1,0,1,0,0,0,0
383135,ZA2,Eastern Cape,ZA2,Eastern Cape,ZA210,Cacadu,ZA210,Cacadu,2020-10-13,2020-10-14,190,190,190,10452007.148519443,1675522.0773972075,6542418,20201013,20201014,0.2618455236218228,0.6571170870354837,0.08103738934269357,0.4975242081945451,491156.0,0.2618455236218228,0.6571170870354837,0.08103738934269357,0.4975242081945451,491156.0,-0.01848062015503876,0.5,-0.01848062015503876,0.5,1,1,1,0,1,0,0,0,0
383136,ZA7,Gauteng,ZA6,North West,ZA799,City of Tshwane,ZA637,Bojanala,2020-10-13,2020-10-13,285,281,277,30434581.3866095,13216668.737627191,3295129,20201013,20201013,0.22283079372412132,0.7204843127840075,0.056684893491871245,0.5057337597223363,3627986.0,0.25082919250139085,0.6903465537718604,0.05882425372674875,0.5380589003726469,1786678.0,0.48224212034383956,0.9038461538461539,0.07430676328502415,0.6538461538461539,1,1,1,0,1,0,0,0,0
383137,ZA7,Gauteng,ZA8,Mpumalanga,ZA799,City of Tshwane,ZA830,Gert Sibande,2020-10-13,2020-10-13,20,20,20,8127022.54562324,3217557.667380398,451078,20201013,20201013,0.22283079372412132,0.7204843127840075,0.056684893491871245,0.5057337597223363,3627986.0,0.30688245639051287,0.6412288994160756,0.05188864419341153,0.49968312815881616,1136106.0,0.48224212034383956,0.9038461538461539,-0.11248741610738255,0.36538461538461536,1,1,1,0,1,0,0,0,0
383138,ZA3,Nothern Cape,ZA3,Nothern Cape,ZA309,Frances Baard,ZA309,Frances Baard,2020-10-13,2020-10-13,1859,894,636,99979687.41594994,14108327.173744729,14051759,20201013,20201013,0.2860169290028057,0.6497360787483951,0.06424699224879928,0.49189928194398214,420580.0,0.2860169290028057,0.6497360787483951,0.06424699224879928,0.49189928194398214,420580.0,0.29907801418439717,0.8846153846153846,0.29907801418439717,0.8846153846153846,1,1,1,0,1,0,0,0,0
383139,ZA5,KwaZulu-Natal,ZA5,KwaZulu-Natal,ZA528,Uthungulu,ZA528,Uthungulu,2020-10-13,2020-10-13,2108,1041,757,86946891.49190852,19320163.758066367,17580832,20201013,20201013,0.3398562749304085,0.6096443299200878,0.05049939514950375,0.4759701217345943,889476.0,0.3398562749304085,0.6096443299200878,0.05049939514950375,0.4759701217345943,889476.0,-0.2202014106583072,0.15384615384615385,-0.2202014106583072,0.15384615384615385,1,1,1,0,1,0,0,0,0
383140,ZA1,Western Cape,ZA1,Western Cape,ZA102,Cape Winelands,ZA102,Cape Winelands,2020-10-13,2020-10-13,5671,2979,2106,243944353.95459324,43126108.62317324,38335001,20201013,20201013,0.24989252608235304,0.6902123420738123,0.059895131843834624,0.5011121214086944,909523.0,0.24989252608235304,0.6902123420738123,0.059895131843834624,0.5011121214086944,909523.0,-0.012388831437435367,0.5192307692307693,-0.012388831437435367,0.5192307692307693,1,1,1,0,1,0,0,0,0
383141,ZA2,Eastern Cape,ZA2,Eastern Cape,ZA292,Buffalo City,ZA292,Buffalo City,2020-10-13,2020-10-14,467,467,467,10069842.04002695,2529550.6502633668,17020937,20201013,20201014,0.254980022080858,0.6758306608485358,0.06918931707060617,0.48177934914042375,760840.0,0.254980022080858,0.6758306608485358,0.06918931707060617,0.48177934914042375,760840.0,0.09585175879396986,0.6923076923076923,0.09585175879396986,0.6923076923076923,1,1,1,0,1,0,0,0,0
383142,ZA2,Eastern Cape,ZA1,Western Cape,ZA293,Nelson Mandela Bay,ZA102,Cape Winelands,2020-10-13,2020-10-14,1,1,1,1591410.040399887,485246.1823557317,78562,20201013,20201014,0.2465186661259611,0.6842154879637478,0.0692658459102911,0.4877654529777138,1230491.0,0.24989252608235304,0.6902123420738123,0.059895131843834624,0.5011121214086944,909523.0,0.5740514018691588,0.9423076923076923,-0.012388831437435367,0.5192307692307693,1,1,1,0,1,0,0,0,0
383143,ZA2,Eastern Cape,ZA2,Eastern Cape,ZA292,Buffalo City,ZA292,Buffalo City,2020-10-13,2020-10-13,4154,2047,1502,171485256.89132363,33140564.262912583,36502090,20201013,20201013,0.254980022080858,0.6758306608485358,0.06918931707060617,0.48177934914042375,760840.0,0.254980022080858,0.6758306608485358,0.06918931707060617,0.48177934914042375,760840.0,0.09585175879396986,0.6923076923076923,0.09585175879396986,0.6923076923076923,1,1,1,0,1,0,0,0,0
383144,ZA6,North West,ZA7,Gauteng,ZA640,Dr Kenneth Kaunda,ZA748,West Rand,2020-10-13,2020-10-13,41,41,40,9593132.308139408,2855515.444810632,503168,20201013,20201013,0.27505895171327793,0.6602340041700301,0.06470704411669191,0.5065976875287468,754431.0,0.23154887232085752,0.7207832829912092,0.047667844687933295,0.5288128906961219,856804.0,-0.10069384057971015,0.38461538461538464,0.23715802469135805,0.8076923076923077,1,1,1,0,1,0,0,0,0
383145,ZA1,Western Cape,ZA1,Western Cape,ZA102,Cape Winelands,ZA104,Eden,2020-10-13,2020-10-14,1,1,1,321993.32769631635,321632.8175093113,64679,20201013,20201014,0.24989252608235304,0.6902123420738123,0.059895131843834624,0.5011121214086944,909523.0,0.24710205256745305,0.6628052101466374,0.09009273728590954,0.4993180863678119,673839.0,-0.012388831437435367,0.5192307692307693,0.0004522691705790296,0.5384615384615384,1,1,1,0,1,0,0,0,0
383146,ZA7,Gauteng,ZA8,Mpumalanga,ZA798,City of Johannesburg,ZA831,Nkangala,2020-10-13,2020-10-13,29,29,29,9486235.90052171,3888354.0646743393,623545,20201013,20201013,0.2220629170143196,0.7299897648810346,0.047947318104645836,0.5097433964893054,5540727.0,0.27290691475673784,0.6711806877078121,0.055912397535449986,0.5109201270525474,1573837.0,0.8818060606060606,1.0,0.07867808219178082,0.6730769230769231,1,1,1,0,1,0,0,0,0
383147,ZA9,Limpopo,ZA9,Limpopo,ZA933,Mopani,ZA934,Vhembe,2020-10-13,2020-10-13,27,26,26,7742770.656511119,3083942.82958552,437837,20201013,20201013,0.3329418650827259,0.6026296126910996,0.06442852222617454,0.46142626187343905,1062666.0,0.3433867460978093,0.5887604530714541,0.06785280083073665,0.4597374214109392,1325089.0,-0.037928345626975765,0.4807692307692308,-0.0767829596412556,0.4230769230769231,1,1,1,0,1,0,0,0,0
383148,ZA7,Gauteng,ZA9,Limpopo,ZA799,City of Tshwane,ZA936,Waterberg,2020-10-13,2020-10-13,33,33,33,10835958.441945136,4625262.629640582,673413,20201013,20201013,0.22283079372412132,0.7204843127840075,0.056684893491871245,0.5057337597223363,3627986.0,0.2870915348782833,0.6477210572390478,0.06518740788266879,0.5138960603357211,718513.0,0.48224212034383956,0.9038461538461539,0.00236898395721925,0.5576923076923077,1,1,1,0,1,0,0,0,0
383149,ZA8,Mpumalanga,ZA7,Gauteng,ZA830,Gert Sibande,ZA797,Ekurhuleni,2020-10-13,2020-10-13,18,18,18,5330047.510742536,2104009.1614161897,209383,20201013,20201013,0.30688245639051287,0.6412288994160756,0.05188864419341153,0.49968312815881616,1136106.0,0.23296733680905687,0.7203157619169479,0.04671690127399521,0.5205474946472306,3739653.0,-0.11248741610738255,0.36538461538461536,0.7435109289617486,0.9615384615384616,1,1,1,0,1,0,0,0,0
383150,ZA4,Free State,ZA4,Free State,ZA420,Fezile Dabi,ZA420,Fezile Dabi,2020-10-13,2020-10-14,165,165,165,3345219.1577284853,437735.3140287783,6018487,20201013,20201014,0.2705098118551487,0.6604572122193,0.06903297592555128,0.5050070807202104,494300.0,0.2705098118551487,0.6604572122193,0.06903297592555128,0.5050070807202104,494300.0,0.2276555023923445,0.7884615384615384,0.2276555023923445,0.7884615384615384,1,1,1,0,1,0,0,0,0
383151,ZA7,Gauteng,ZA8,Mpumalanga,ZA797,Ekurhuleni,ZA830,Gert Sibande,2020-10-13,2020-10-13,23,23,23,6250847.353968013,2900436.426277726,343764,20201013,20201013,0.23296733680905687,0.7203157619169479,0.04671690127399521,0.5205474946472306,3739653.0,0.30688245639051287,0.6412288994160756,0.05188864419341153,0.49968312815881616,1136106.0,0.7435109289617486,0.9615384615384616,-0.11248741610738255,0.36538461538461536,1,1,1,0,1,0,0,0,0
383152,ZA9,Limpopo,ZA9,Limpopo,ZA933,Mopani,ZA936,Waterberg,2020-10-13,2020-10-13,2,2,2,701235.7329926428,325373.448250086,47268,20201013,20201013,0.3329418650827259,0.6026296126910996,0.06442852222617454,0.46142626187343905,1062666.0,0.2870915348782833,0.6477210572390478,0.06518740788266879,0.5138960603357211,718513.0,-0.037928345626975765,0.4807692307692308,0.00236898395721925,0.5576923076923077,1,1,1,0,1,0,0,0,0
383153,ZA5,KwaZulu-Natal,ZA5,KwaZulu-Natal,ZA525,Amajuba,ZA524,Umzinyathi,2020-10-13,2020-10-13,23,23,22,3153113.8729890143,1108606.7471536775,259130,20201013,20201013,0.3311353387795859,0.6144200377537888,0.05444462346662529,0.48045773982507545,502731.0,0.3952311253914291,0.5454951881678106,0.05927368644076033,0.451447242842509,514461.0,-0.16864155251141552,0.25,-0.28225945945945946,0.07692307692307693,1,1,1,0,1,0,0,0,0
383154,ZA7,Gauteng,ZA7,Gauteng,ZA797,Ekurhuleni,ZA797,Ekurhuleni,2020-10-13,2020-10-15,1,1,1,48885.49317205642,1447.3078005638931,212016,20201013,20201015,0.23296733680905687,0.7203157619169479,0.04671690127399521,0.5205474946472306,3739653.0,0.23296733680905687,0.7203157619169479,0.04671690127399521,0.5205474946472306,3739653.0,0.7435109289617486,0.9615384615384616,0.7435109289617486,0.9615384615384616,1,1,1,0,1,0,0,0,0
383155,ZA5,KwaZulu-Natal,ZA8,Mpumalanga,ZA529,iLembe,ZA832,Ehlanzeni,2020-10-13,2020-10-13,1,1,1,934330.1962153846,467173.0704222168,879,20201013,20201013,0.32390440311621094,0.6202867780885334,0.05580881879525565,0.4827645772056803,636799.0,0.32438893780700045,0.6235217992770762,0.05208926291592337,0.47979089412028486,1837538.0,-0.14951617873651774,0.28846153846153844,0.1315940928270042,0.7307692307692307,1,1,1,0,1,0,0,0,0
383156,ZA8,Mpumalanga,ZA9,Limpopo,ZA832,Ehlanzeni,ZA934,Vhembe,2020-10-13,2020-10-13,1,1,1,906671.658458976,434913.17549588194,59349,20201013,20201013,0.32438893780700045,0.6235217992770762,0.05208926291592337,0.47979089412028486,1837538.0,0.3433867460978093,0.5887604530714541,0.06785280083073665,0.4597374214109392,1325089.0,0.1315940928270042,0.7307692307692307,-0.0767829596412556,0.4230769230769231,1,1,1,0,1,0,0,0,0
383157,ZA1,Western Cape,ZA1,Western Cape,ZA103,Overberg,ZA191,City of Cape Town,2020-10-13,2020-10-14,25,25,25,4132969.04662311,1668696.4975594897,608835,20201013,20201014,0.22836513904770692,0.6721314716747349,0.09950338927755827,0.511077351980676,303457.0,0.23849582985172932,0.697186217784503,0.06431795236376775,0.4976008771049945,4436413.0,0.051486772486772484,0.5961538461538461,0.7687640750670242,0.9807692307692307,1,1,1,0,1,0,0,0,0
383158,ZA2,Eastern Cape,ZA2,Eastern Cape,ZA212,Amathole,ZA210,Cacadu,2020-10-13,2020-10-13,8,8,8,2094002.5969810556,517358.5300731906,102732,20201013,20201013,0.32816698449842097,0.5696178168124134,0.1022151986891656,0.47434426623917664,789726.0,0.2618455236218228,0.6571170870354837,0.08103738934269357,0.4975242081945451,491156.0,-0.3192883211678832,0.019230769230769232,-0.01848062015503876,0.5,1,1,1,0,1,0,0,0,0
383159,ZA7,Gauteng,ZA3,Nothern Cape,ZA799,City of Tshwane,ZA308,Z F Mgcawu,2020-10-13,2020-10-13,2,2,2,3182297.002879429,1425636.9989835462,86985,20201013,20201013,0.22283079372412132,0.7204843127840075,0.056684893491871245,0.5057337597223363,3627986.0,0.27601757542529287,0.6641943181028425,0.059788106471864645,0.5142626583989065,258998.0,0.48224212034383956,0.9038461538461539,-0.04016603773584906,0.46153846153846156,1,1,1,0,1,0,0,0,0
383160,ZA7,Gauteng,ZA7,Gauteng,ZA748,West Rand,ZA799,City of Tshwane,2020-10-13,2020-10-14,6,6,6,585808.0471963387,264616.33992051746,174266,20201013,20201014,0.23154887232085752,0.7207832829912092,0.047667844687933295,0.5288128906961219,856804.0,0.22283079372412132,0.7204843127840075,0.056684893491871245,0.5057337597223363,3627986.0,0.23715802469135805,0.8076923076923077,0.48224212034383956,0.9038461538461539,1,1,1,0,1,0,0,0,0
383161,ZA5,KwaZulu-Natal,ZA5,KwaZulu-Natal,ZA543,Sisonke,ZA522,Umgungundlovu,2020-10-13,2020-10-13,11,11,11,2811557.29782263,1091643.4698903516,260395,20201013,20201013,0.37293146983899067,0.5707096800166399,0.05635885014436937,0.4671305273563743,447117.0,0.2748377359932372,0.663873035280183,0.06128922872657978,0.48236181888519014,1046905.0,-0.2112274881516588,0.17307692307692307,0.0061256544502617805,0.5769230769230769,1,1,1,0,1,0,0,0,0
383162,ZA3,Nothern Cape,ZA3,Nothern Cape,ZA309,Frances Baard,ZA307,Pixley ka Seme,2020-10-13,2020-10-13,6,6,6,2094717.961177289,535436.2766223327,118084,20201013,20201013,0.2860169290028057,0.6497360787483951,0.06424699224879928,0.49189928194398214,420580.0,0.3060749448635213,0.6232332132979509,0.0706918418385278,0.5011842246002923,196331.0,0.29907801418439717,0.8846153846153846,0.1854655172413793,0.75,1,1,1,0,1,0,0,0,0
383163,ZA1,Western Cape,ZA2,Eastern Cape,ZA104,Eden,ZA212,Amathole,2020-10-13,2020-10-13,1,1,1,1110247.9085083422,554691.0849734241,59324,20201013,20201013,0.24710205256745305,0.6628052101466374,0.09009273728590954,0.4993180863678119,673839.0,0.32816698449842097,0.5696178168124134,0.1022151986891656,0.47434426623917664,789726.0,0.0004522691705790296,0.5384615384615384,-0.3192883211678832,0.019230769230769232,1,1,1,0,1,0,0,0,0
383164,ZA5,KwaZulu-Natal,ZA5,KwaZulu-Natal,ZA523,Uthukela,ZA524,Umzinyathi,2020-10-13,2020-10-13,7,7,7,1033269.7407551648,409622.0838149994,104826,20201013,20201013,0.36014331224838336,0.5864396074090654,0.05341708034255123,0.46782833191779016,652282.0,0.3952311253914291,0.5454951881678106,0.05927368644076033,0.451447242842509,514461.0,-0.19841226215644822,0.19230769230769232,-0.28225945945945946,0.07692307692307693,1,1,1,0,1,0,0,0,0
383165,ZA2,Eastern Cape,ZA1,Western Cape,ZA293,Nelson Mandela Bay,ZA191,City of Cape Town,2020-10-13,2020-10-13,5,5,5,8107464.48307927,3394195.1182342297,122440,20201013,20201013,0.2465186661259611,0.6842154879637478,0.0692658459102911,0.4877654529777138,1230491.0,0.23849582985172932,0.697186217784503,0.06431795236376775,0.4976008771049945,4436413.0,0.5740514018691588,0.9423076923076923,0.7687640750670242,0.9807692307692307,1,1,1,0,1,0,0,0,0
383166,ZA9,Limpopo,ZA9,Limpopo,ZA933,Mopani,ZA947,Sekhukhune,2020-10-13,2020-10-13,3,3,3,386212.8894840785,160210.38564367464,80188,20201013,20201013,0.3329418650827259,0.6026296126910996,0.06442852222617454,0.46142626187343905,1062666.0,0.3536917516859454,0.5707075150199985,0.07560073329405607,0.46486328935523974,1125333.0,-0.037928345626975765,0.4807692307692308,-0.06015677966101695,0.4423076923076923,1,1,1,0,1,0,0,0,0
383167,ZA5,KwaZulu-Natal,ZA7,Gauteng,ZA524,Umzinyathi,ZA798,City of Johannesburg,2020-10-13,2020-10-13,1,1,1,632897.8780521912,377451.59329519,20826,20201013,20201013,0.3952311253914291,0.5454951881678106,0.05927368644076033,0.451447242842509,514461.0,0.2220629170143196,0.7299897648810346,0.047947318104645836,0.5097433964893054,5540727.0,-0.28225945945945946,0.07692307692307693,0.8818060606060606,1.0,1,1,1,0,1,0,0,0,0
383168,ZA5,KwaZulu-Natal,ZA7,Gauteng,ZA526,Zululand,ZA799,City of Tshwane,2020-10-13,2020-10-13,1,1,1,1326575.1052622888,387467.90588467545,31595,20201013,20201013,0.392497537624586,0.5542130860581069,0.053289376317307055,0.4651401640222711,783796.0,0.22283079372412132,0.7204843127840075,0.056684893491871245,0.5057337597223363,3627986.0,-0.2762355212355212,0.09615384615384616,0.48224212034383956,0.9038461538461539,1,1,1,0,1,0,0,0,0
383169,ZA9,Limpopo,ZA9,Limpopo,ZA933,Mopani,ZA935,Capricorn,2020-10-13,2020-10-13,30,30,30,7010676.113068408,2579124.724621781,477111,20201013,20201013,0.3329418650827259,0.6026296126910996,0.06442852222617454,0.46142626187343905,1062666.0,0.3265897738288558,0.6007690312860821,0.07264119488506209,0.472231826966417,1295656.0,-0.037928345626975765,0.4807692307692308,0.07397387387387387,0.6346153846153846,1,1,1,0,1,0,0,0,0
383170,ZA9,Limpopo,ZA8,Mpumalanga,ZA935,Capricorn,ZA831,Nkangala,2020-10-13,2020-10-13,1,1,1,249489.1533932167,83515.68786046834,21995,20201013,20201013,0.3265897738288558,0.6007690312860821,0.07264119488506209,0.472231826966417,1295656.0,0.27290691475673784,0.6711806877078121,0.055912397535449986,0.5109201270525474,1573837.0,0.07397387387387387,0.6346153846153846,0.07867808219178082,0.6730769230769231,1,1,1,0,1,0,0,0,0
383171,ZA6,North West,ZA7,Gauteng,ZA637,Bojanala,ZA798,City of Johannesburg,2020-10-13,2020-10-14,13,13,13,2118286.6749372226,864843.4947995199,268099,20201013,20201014,0.25082919250139085,0.6903465537718604,0.05882425372674875,0.5380589003726469,1786678.0,0.2220629170143196,0.7299897648810346,0.047947318104645836,0.5097433964893054,5540727.0,0.07430676328502415,0.6538461538461539,0.8818060606060606,1.0,1,1,1,0,1,0,0,0,0
383172,ZA7,Gauteng,ZA9,Limpopo,ZA797,Ekurhuleni,ZA936,Waterberg,2020-10-13,2020-10-13,12,12,12,5918211.135395085,2963919.571401047,339438,20201013,20201013,0.23296733680905687,0.7203157619169479,0.04671690127399521,0.5205474946472306,3739653.0,0.2870915348782833,0.6477210572390478,0.06518740788266879,0.5138960603357211,718513.0,0.7435109289617486,0.9615384615384616,0.00236898395721925,0.5576923076923077,1,1,1,0,1,0,0,0,0
383173,ZA2,Eastern Cape,ZA2,Eastern Cape,ZA212,Amathole,ZA292,Buffalo City,2020-10-13,2020-10-14,12,12,12,1109053.857874821,543769.1731951319,375211,20201013,20201014,0.32816698449842097,0.5696178168124134,0.1022151986891656,0.47434426623917664,789726.0,0.254980022080858,0.6758306608485358,0.06918931707060617,0.48177934914042375,760840.0,-0.3192883211678832,0.019230769230769232,0.09585175879396986,0.6923076923076923,1,1,1,0,1,0,0,0,0
383174,ZA1,Western Cape,ZA2,Eastern Cape,ZA104,Eden,ZA293,Nelson Mandela Bay,2020-10-13,2020-10-13,11,11,11,10249510.250422684,3170402.328594169,164895,20201013,20201013,0.24710205256745305,0.6628052101466374,0.09009273728590954,0.4993180863678119,673839.0,0.2465186661259611,0.6842154879637478,0.0692658459102911,0.4877654529777138,1230491.0,0.0004522691705790296,0.5384615384615384,0.5740514018691588,0.9423076923076923,1,1,1,0,1,0,0,0,0
383175,ZA4,Free State,ZA4,Free State,ZA419,Thabo Mofutsanyane,ZA419,Thabo Mofutsanyane,2020-10-13,2020-10-15,2,2,2,618345.2682161749,468345.5598610556,330549,20201013,20201015,0.31143326559338835,0.6251823622683981,0.06338437213821363,0.47028720831466336,662829.0,0.31143326559338835,0.6251823622683981,0.06338437213821363,0.47028720831466336,662829.0,0.10770218579234972,0.7115384615384616,0.10770218579234972,0.7115384615384616,1,1,1,0,1,0,0,0,0
383176,ZA5,KwaZulu-Natal,ZA5,KwaZulu-Natal,ZA595,eThekwini,ZA528,Uthungulu,2020-10-13,2020-10-14,2,2,2,673502.1837344791,302075.7967761357,89814,20201013,20201014,0.2446364969883556,0.6990922562931536,0.05627124671849075,0.494610924976595,3587907.0,0.3398562749304085,0.6096443299200878,0.05049939514950375,0.4759701217345943,889476.0,0.5666580406654343,0.9230769230769231,-0.2202014106583072,0.15384615384615385,1,1,1,0,1,0,0,0,0
383177,ZA4,Free State,ZA4,Free State,ZA419,Thabo Mofutsanyane,ZA494,Mangaung,2020-10-13,2020-10-13,15,15,15,6235623.972195901,2750775.909065089,303769,20201013,20201013,0.31143326559338835,0.6251823622683981,0.06338437213821363,0.47028720831466336,662829.0,0.26262942751272955,0.6754982029249197,0.06187236956235082,0.4901411892511804,826621.0,0.10770218579234972,0.7115384615384616,0.27329104477611943,0.8269230769230769,1,1,1,0,1,0,0,0,0
383178,ZA1,Western Cape,ZA1,Western Cape,ZA105,Central Karoo,ZA105,Central Karoo,2020-10-13,2020-10-14,11,11,11,153152.49353248763,71645.69565097544,471713,20201013,20201014,0.29415328297801036,0.633639246216906,0.07220747080508365,0.4979247763656518,77582.0,0.29415328297801036,0.633639246216906,0.07220747080508365,0.4979247763656518,77582.0,-0.12604477611940298,0.3269230769230769,-0.12604477611940298,0.3269230769230769,1,1,1,0,1,0,0,0,0
383179,ZA5,KwaZulu-Natal,ZA5,KwaZulu-Natal,ZA595,eThekwini,ZA529,iLembe,2020-10-13,2020-10-14,17,17,17,1690169.0031250054,682958.4203751481,467629,20201013,20201014,0.2446364969883556,0.6990922562931536,0.05627124671849075,0.494610924976595,3587907.0,0.32390440311621094,0.6202867780885334,0.05580881879525565,0.4827645772056803,636799.0,0.5666580406654343,0.9230769230769231,-0.14951617873651774,0.28846153846153844,1,1,1,0,1,0,0,0,0
383180,ZA6,North West,ZA6,North West,ZA638,Ngaka Modiri Molema,ZA640,Dr Kenneth Kaunda,2020-10-13,2020-10-13,29,28,28,5594955.339835411,2412961.574898409,348993,20201013,20201013,0.3236353449196357,0.6078801705223251,0.06848448455803925,0.4964769205863341,870971.0,0.27505895171327793,0.6602340041700301,0.06470704411669191,0.5065976875287468,754431.0,-0.18344824707846413,0.23076923076923078,-0.10069384057971015,0.38461538461538464,1,1,1,0,1,0,0,0,0
383181,ZA1,Western Cape,ZA1,Western Cape,ZA103,Overberg,ZA102,Cape Winelands,2020-10-13,2020-10-14,12,12,12,1802203.341902786,867020.7290600264,298810,20201013,20201014,0.22836513904770692,0.6721314716747349,0.09950338927755827,0.511077351980676,303457.0,0.24989252608235304,0.6902123420738123,0.059895131843834624,0.5011121214086944,909523.0,0.051486772486772484,0.5961538461538461,-0.012388831437435367,0.5192307692307693,1,1,1,0,1,0,0,0,0
383182,ZA4,Free State,ZA4,Free State,ZA420,Fezile Dabi,ZA419,Thabo Mofutsanyane,2020-10-13,2020-10-13,12,12,11,7225462.025185787,1434172.452531206,218467,20201013,20201013,0.2705098118551487,0.6604572122193,0.06903297592555128,0.5050070807202104,494300.0,0.31143326559338835,0.6251823622683981,0.06338437213821363,0.47028720831466336,662829.0,0.2276555023923445,0.7884615384615384,0.10770218579234972,0.7115384615384616,1,1,1,0,1,0,0,0,0
383183,ZA2,Eastern Cape,ZA5,KwaZulu-Natal,ZA244,Alfred Nzo,ZA543,Sisonke,2020-10-13,2020-10-14,2,2,2,203663.64554749377,101098.95753036454,58551,20201013,20201014,0.40782127157510134,0.5221222097470932,0.07005651867780548,0.4576553946475353,788235.0,0.37293146983899067,0.5707096800166399,0.05635885014436937,0.4671305273563743,447117.0,-0.27396673320026615,0.11538461538461539,-0.2112274881516588,0.17307692307692307,1,1,1,0,1,0,0,0,0
383184,ZA7,Gauteng,ZA9,Limpopo,ZA797,Ekurhuleni,ZA934,Vhembe,2020-10-13,2020-10-13,2,2,2,1598835.063046093,846654.7346559162,76484,20201013,20201013,0.23296733680905687,0.7203157619169479,0.04671690127399521,0.5205474946472306,3739653.0,0.3433867460978093,0.5887604530714541,0.06785280083073665,0.4597374214109392,1325089.0,0.7435109289617486,0.9615384615384616,-0.0767829596412556,0.4230769230769231,1,1,1,0,1,0,0,0,0
383185,ZA9,Limpopo,ZA7,Gauteng,ZA934,Vhembe,ZA798,City of Johannesburg,2020-10-13,2020-10-13,4,4,4,2807229.489749742,1789803.5740598724,73748,20201013,20201013,0.3433867460978093,0.5887604530714541,0.06785280083073665,0.4597374214109392,1325089.0,0.2220629170143196,0.7299897648810346,0.047947318104645836,0.5097433964893054,5540727.0,-0.0767829596412556,0.4230769230769231,0.8818060606060606,1.0,1,1,1,0,1,0,0,0,0
383186,ZA2,Eastern Cape,ZA5,KwaZulu-Natal,ZA244,Alfred Nzo,ZA521,Ugu,2020-10-13,2020-10-13,12,12,12,4262773.306602987,875257.0328879671,78365,20201013,20201013,0.40782127157510134,0.5221222097470932,0.07005651867780548,0.4576553946475353,788235.0,0.32122674606698143,0.6016982741355622,0.07707497979745637,0.47391596021954596,714019.0,-0.27396673320026615,0.11538461538461539,-0.09480895915678524,0.40384615384615385,1,1,1,0,1,0,0,0,0
383187,ZA5,KwaZulu-Natal,ZA8,Mpumalanga,ZA526,Zululand,ZA830,Gert Sibande,2020-10-13,2020-10-13,9,9,9,1911516.8860144443,635872.2358113128,62323,20201013,20201013,0.392497537624586,0.5542130860581069,0.053289376317307055,0.4651401640222711,783796.0,0.30688245639051287,0.6412288994160756,0.05188864419341153,0.49968312815881616,1136106.0,-0.2762355212355212,0.09615384615384616,-0.11248741610738255,0.36538461538461536,1,1,1,0,1,0,0,0,0
383188,ZA4,Free State,ZA3,Nothern Cape,ZA419,Thabo Mofutsanyane,ZA309,Frances Baard,2020-10-13,2020-10-13,2,2,2,2265898.3560705213,818653.6837614279,63113,20201013,20201013,0.31143326559338835,0.6251823622683981,0.06338437213821363,0.47028720831466336,662829.0,0.2860169290028057,0.6497360787483951,0.06424699224879928,0.49189928194398214,420580.0,0.10770218579234972,0.7115384615384616,0.29907801418439717,0.8846153846153846,1,1,1,0,1,0,0,0,0
383189,ZA2,Eastern Cape,ZA2,Eastern Cape,ZA214,Joe Gqabi,ZA213,Chris Hani,2020-10-13,2020-10-20,1,1,1,195354.6884235026,194139.98159876085,653589,20201013,20201020,0.3340471849013029,0.5799636495391386,0.08598916555955849,0.47733103958194023,339473.0,0.334940582305372,0.572656560540376,0.09240285715425203,0.478383232498069,752217.0,-0.1839776119402985,0.21153846153846154,-0.29251697892271666,0.057692307692307696,1,1,1,0,1,0,0,0,0
383190,ZA9,Limpopo,ZA8,Mpumalanga,ZA947,Sekhukhune,ZA831,Nkangala,2020-10-13,2020-10-13,24,23,23,3989683.1030539153,1477363.6403542752,335956,20201013,20201013,0.3536917516859454,0.5707075150199985,0.07560073329405607,0.46486328935523974,1125333.0,0.27290691475673784,0.6711806877078121,0.055912397535449986,0.5109201270525474,1573837.0,-0.06015677966101695,0.4423076923076923,0.07867808219178082,0.6730769230769231,1,1,1,0,1,0,0,0,0
383191,ZA6,North West,ZA6,North West,ZA640,Dr Kenneth Kaunda,ZA639,Dr Ruth Segomotsi Mompati,2020-10-13,2020-10-14,1,1,1,816916.9951227213,194649.28316978784,104444,20201013,20201014,0.27505895171327793,0.6602340041700301,0.06470704411669191,0.5065976875287468,754431.0,0.3412335579082451,0.5850872971649528,0.07367914492680208,0.4911837461796937,473784.0,-0.10069384057971015,0.38461538461538464,-0.16626678765880218,0.2692307692307692,1,1,1,0,1,0,0,0,0
383192,ZA5,KwaZulu-Natal,ZA5,KwaZulu-Natal,ZA522,Umgungundlovu,ZA521,Ugu,2020-10-13,2020-10-13,7,7,7,2916145.4899579477,875661.621008959,147266,20201013,20201013,0.2748377359932372,0.663873035280183,0.06128922872657978,0.48236181888519014,1046905.0,0.32122674606698143,0.6016982741355622,0.07707497979745637,0.47391596021954596,714019.0,0.0061256544502617805,0.5769230769230769,-0.09480895915678524,0.40384615384615385,1,1,1,0,1,0,0,0,0
383193,ZA8,Mpumalanga,ZA8,Mpumalanga,ZA831,Nkangala,ZA830,Gert Sibande,2020-10-13,2020-10-14,7,7,7,1333595.7393712203,563938.73641772,364175,20201013,20201014,0.27290691475673784,0.6711806877078121,0.055912397535449986,0.5109201270525474,1573837.0,0.30688245639051287,0.6412288994160756,0.05188864419341153,0.49968312815881616,1136106.0,0.07867808219178082,0.6730769230769231,-0.11248741610738255,0.36538461538461536,1,1,1,0,1,0,0,0,0
383194,ZA6,North West,ZA9,Limpopo,ZA637,Bojanala,ZA935,Capricorn,2020-10-13,2020-10-13,3,3,3,1574359.0100437398,916520.295611056,114122,20201013,20201013,0.25082919250139085,0.6903465537718604,0.05882425372674875,0.5380589003726469,1786678.0,0.3265897738288558,0.6007690312860821,0.07264119488506209,0.472231826966417,1295656.0,0.07430676328502415,0.6538461538461539,0.07397387387387387,0.6346153846153846,1,1,1,0,1,0,0,0,0
383195,ZA6,North West,ZA4,Free State,ZA639,Dr Ruth Segomotsi Mompati,ZA419,Thabo Mofutsanyane,2020-10-13,2020-10-13,1,1,1,594501.4512124103,299927.0112077026,21888,20201013,20201013,0.3412335579082451,0.5850872971649528,0.07367914492680208,0.4911837461796937,473784.0,0.31143326559338835,0.6251823622683981,0.06338437213821363,0.47028720831466336,662829.0,-0.16626678765880218,0.2692307692307692,0.10770218579234972,0.7115384615384616,1,1,1,0,1,0,0,0,0
383196,ZA9,Limpopo,ZA7,Gauteng,ZA935,Capricorn,ZA797,Ekurhuleni,2020-10-13,2020-10-20,1,1,1,1856520.5571036197,280329.9342652612,563024,20201013,20201020,0.3265897738288558,0.6007690312860821,0.07264119488506209,0.472231826966417,1295656.0,0.23296733680905687,0.7203157619169479,0.04671690127399521,0.5205474946472306,3739653.0,0.07397387387387387,0.6346153846153846,0.7435109289617486,0.9615384615384616,1,1,1,0,1,0,0,0,0
383197,ZA9,Limpopo,ZA9,Limpopo,ZA934,Vhembe,ZA935,Capricorn,2020-10-13,2020-10-13,25,25,24,6669857.587470694,2347001.815144021,386682,20201013,20201013,0.3433867460978093,0.5887604530714541,0.06785280083073665,0.4597374214109392,1325089.0,0.3265897738288558,0.6007690312860821,0.07264119488506209,0.472231826966417,1295656.0,-0.0767829596412556,0.4230769230769231,0.07397387387387387,0.6346153846153846,1,1,1,0,1,0,0,0,0
383198,ZA1,Western Cape,ZA2,Eastern Cape,ZA191,City of Cape Town,ZA293,Nelson Mandela Bay,2020-10-13,2020-10-13,8,8,8,11643976.14218366,5262255.982025383,190965,20201013,20201013,0.23849582985172932,0.697186217784503,0.06431795236376775,0.4976008771049945,4436413.0,0.2465186661259611,0.6842154879637478,0.0692658459102911,0.4877654529777138,1230491.0,0.7687640750670242,0.9807692307692307,0.5740514018691588,0.9423076923076923,1,1,1,0,1,0,0,0,0
383199,ZA6,North West,ZA6,North West,ZA640,Dr Kenneth Kaunda,ZA640,Dr Kenneth Kaunda,2020-10-13,2020-10-16,1,1,1,325432.2677464843,1146.6150271355518,299625,20201013,20201016,0.27505895171327793,0.6602340041700301,0.06470704411669191,0.5065976875287468,754431.0,0.27505895171327793,0.6602340041700301,0.06470704411669191,0.5065976875287468,754431.0,-0.10069384057971015,0.38461538461538464,-0.10069384057971015,0.38461538461538464,1,1,1,0,1,0,0,0,0
383200,ZA1,Western Cape,ZA1,Western Cape,ZA102,Cape Winelands,ZA103,Overberg,2020-10-13,2020-10-14,4,4,4,543027.3339647527,207943.37441513804,111305,20201013,20201014,0.24989252608235304,0.6902123420738123,0.059895131843834624,0.5011121214086944,909523.0,0.22836513904770692,0.6721314716747349,0.09950338927755827,0.511077351980676,303457.0,-0.012388831437435367,0.5192307692307693,0.051486772486772484,0.5961538461538461,1,1,1,0,1,0,0,0,0
383201,ZA7,Gauteng,ZA1,Western Cape,ZA742,Sedibeng,ZA105,Central Karoo,2020-10-13,2020-10-13,1,1,1,2591378.8394237324,912063.23265042,43860,20201013,20201013,0.24393339879416723,0.6953819961266214,0.06068460507921129,0.5059130831550246,994997.0,0.29415328297801036,0.633639246216906,0.07220747080508365,0.4979247763656518,77582.0,0.2808379746835443,0.8461538461538461,-0.12604477611940298,0.3269230769230769,1,1,1,0,1,0,0,0,0
383202,ZA3,Nothern Cape,ZA4,Free State,ZA307,Pixley ka Seme,ZA416,Xhariep,2020-10-13,2020-10-13,10,10,10,3883040.372420111,1608499.3230143548,269981,20201013,20201013,0.3060749448635213,0.6232332132979509,0.0706918418385278,0.5011842246002923,196331.0,0.29515218562959183,0.6325513667867511,0.07229644758365718,0.5005153225730198,105759.0,0.1854655172413793,0.75,0.18671264367816093,0.7692307692307693,1,1,1,0,1,0,0,0,0
383203,ZA1,Western Cape,ZA4,Free State,ZA191,City of Cape Town,ZA420,Fezile Dabi,2020-10-13,2020-10-14,1,1,1,2842308.664449026,1271613.7237705283,81977,20201013,20201014,0.23849582985172932,0.697186217784503,0.06431795236376775,0.4976008771049945,4436413.0,0.2705098118551487,0.6604572122193,0.06903297592555128,0.5050070807202104,494300.0,0.7687640750670242,0.9807692307692307,0.2276555023923445,0.7884615384615384,1,1,1,0,1,0,0,0,0
383204,ZA6,North West,ZA3,Nothern Cape,ZA639,Dr Ruth Segomotsi Mompati,ZA306,Namakwa,2020-10-13,2020-10-13,1,1,1,1131015.3393097618,718247.0855740817,39144,20201013,20201013,0.3412335579082451,0.5850872971649528,0.07367914492680208,0.4911837461796937,473784.0,0.2479438366342976,0.6592106724059887,0.09284549095971371,0.5132337492633683,117087.0,-0.16626678765880218,0.2692307692307692,0.06505633802816901,0.6153846153846154,1,1,1,0,1,0,0,0,0
383205,ZA8,Mpumalanga,ZA5,KwaZulu-Natal,ZA830,Gert Sibande,ZA523,Uthukela,2020-10-13,2020-10-13,3,3,3,1557139.275511091,823217.827115003,80825,20201013,20201013,0.30688245639051287,0.6412288994160756,0.05188864419341153,0.49968312815881616,1136106.0,0.36014331224838336,0.5864396074090654,0.05341708034255123,0.46782833191779016,652282.0,-0.11248741610738255,0.36538461538461536,-0.19841226215644822,0.19230769230769232,1,1,1,0,1,0,0,0,0
383206,ZA6,North West,ZA4,Free State,ZA640,Dr Kenneth Kaunda,ZA418,Lejweleputswa,2020-10-13,2020-10-13,11,11,10,3041828.368762016,680770.4042201524,164170,20201013,20201013,0.27505895171327793,0.6602340041700301,0.06470704411669191,0.5065976875287468,754431.0,0.27941650281351393,0.6617931601395349,0.058790337046951115,0.500105365269169,574193.0,-0.10069384057971015,0.38461538461538464,0.29495049504950493,0.8653846153846154,1,1,1,0,1,0,0,0,0
383207,ZA7,Gauteng,ZA1,Western Cape,ZA797,Ekurhuleni,ZA104,Eden,2020-10-13,2020-10-13,4,4,4,6715036.9373574015,4519819.540191989,125308,20201013,20201013,0.23296733680905687,0.7203157619169479,0.04671690127399521,0.5205474946472306,3739653.0,0.24710205256745305,0.6628052101466374,0.09009273728590954,0.4993180863678119,673839.0,0.7435109289617486,0.9615384615384616,0.0004522691705790296,0.5384615384615384,1,1,1,0,1,0,0,0,0
383208,ZA1,Western Cape,ZA5,KwaZulu-Natal,ZA191,City of Cape Town,ZA527,Umkhanyakude,2020-10-13,2020-10-13,2,2,2,6242350.422005059,2980915.051241582,64443,20201013,20201013,0.23849582985172932,0.697186217784503,0.06431795236376775,0.4976008771049945,4436413.0,0.40017378652548197,0.5489306999026919,0.05089551357182606,0.4622270789873748,643318.0,0.7687640750670242,0.9807692307692307,-0.31784377542717657,0.038461538461538464,1,1,1,0,1,0,0,0,0
383209,ZA4,Free State,ZA7,Gauteng,ZA419,Thabo Mofutsanyane,ZA797,Ekurhuleni,2020-10-13,2020-10-13,6,6,6,3705957.334594573,1689402.9001834858,121497,20201013,20201013,0.31143326559338835,0.6251823622683981,0.06338437213821363,0.47028720831466336,662829.0,0.23296733680905687,0.7203157619169479,0.04671690127399521,0.5205474946472306,3739653.0,0.10770218579234972,0.7115384615384616,0.7435109289617486,0.9615384615384616,1,1,1,0,1,0,0,0,0
383210,ZA8,Mpumalanga,ZA5,KwaZulu-Natal,ZA832,Ehlanzeni,ZA526,Zululand,2020-10-13,2020-10-13,1,1,1,813364.6774450665,352592.0523974817,40687,20201013,20201013,0.32438893780700045,0.6235217992770762,0.05208926291592337,0.47979089412028486,1837538.0,0.392497537624586,0.5542130860581069,0.053289376317307055,0.4651401640222711,783796.0,0.1315940928270042,0.7307692307692307,-0.2762355212355212,0.09615384615384616,1,1,1,0,1,0,0,0,0
383211,ZA5,KwaZulu-Natal,ZA5,KwaZulu-Natal,ZA526,Zululand,ZA523,Uthukela,2020-10-13,2020-10-14,1,1,1,343012.4842295068,242769.8749021456,47443,20201013,20201014,0.392497537624586,0.5542130860581069,0.053289376317307055,0.4651401640222711,783796.0,0.36014331224838336,0.5864396074090654,0.05341708034255123,0.46782833191779016,652282.0,-0.2762355212355212,0.09615384615384616,-0.19841226215644822,0.19230769230769232,1,1,1,0,1,0,0,0,0
383212,ZA4,Free State,ZA3,Nothern Cape,ZA494,Mangaung,ZA308,Z F Mgcawu,2020-10-13,2020-10-13,5,5,5,4886107.852727046,2103221.695045271,159353,20201013,20201013,0.26262942751272955,0.6754982029249197,0.06187236956235082,0.4901411892511804,826621.0,0.27601757542529287,0.6641943181028425,0.059788106471864645,0.5142626583989065,258998.0,0.27329104477611943,0.8269230769230769,-0.04016603773584906,0.46153846153846156,1,1,1,0,1,0,0,0,0
383213,ZA5,KwaZulu-Natal,ZA5,KwaZulu-Natal,ZA526,Zululand,ZA529,iLembe,2020-10-13,2020-10-13,1,1,1,428172.2889552625,266140.7066444678,26999,20201013,20201013,0.392497537624586,0.5542130860581069,0.053289376317307055,0.4651401640222711,783796.0,0.32390440311621094,0.6202867780885334,0.05580881879525565,0.4827645772056803,636799.0,-0.2762355212355212,0.09615384615384616,-0.14951617873651774,0.28846153846153844,1,1,1,0,1,0,0,0,0
383214,ZA5,KwaZulu-Natal,ZA5,KwaZulu-Natal,ZA524,Umzinyathi,ZA529,iLembe,2020-10-13,2020-10-13,1,1,1,3871.618916863655,1438.17744217384,19040,20201013,20201013,0.3952311253914291,0.5454951881678106,0.05927368644076033,0.451447242842509,514461.0,0.32390440311621094,0.6202867780885334,0.05580881879525565,0.4827645772056803,636799.0,-0.28225945945945946,0.07692307692307693,-0.14951617873651774,0.28846153846153844,1,1,1,0,1,0,0,0,0
383215,ZA6,North West,ZA3,Nothern Cape,ZA639,Dr Ruth Segomotsi Mompati,ZA345,John Taolo Gaetsewe,2020-10-13,2020-10-13,4,4,4,4499244.024681779,611786.4928680016,89638,20201013,20201013,0.3412335579082451,0.5850872971649528,0.07367914492680208,0.4911837461796937,473784.0,0.31986957060536586,0.628082594956317,0.05204783443831712,0.4959027820806741,258224.0,-0.16626678765880218,0.2692307692307692,-0.13480926430517712,0.3076923076923077,1,1,1,0,1,0,0,0,0
383216,ZA7,Gauteng,ZA4,Free State,ZA742,Sedibeng,ZA419,Thabo Mofutsanyane,2020-10-13,2020-10-23,1,1,1,271765.5075687028,176132.3556122792,864317,20201013,20201023,0.24393339879416723,0.6953819961266214,0.06068460507921129,0.5059130831550246,994997.0,0.31143326559338835,0.6251823622683981,0.06338437213821363,0.47028720831466336,662829.0,0.2808379746835443,0.8461538461538461,0.10770218579234972,0.7115384615384616,1,1,1,0,1,0,0,0,0
383217,ZA2,Eastern Cape,ZA2,Eastern Cape,ZA210,Cacadu,ZA293,Nelson Mandela Bay,2020-10-13,2020-10-14,7,7,7,976217.054330156,455444.27545456216,229184,20201013,20201014,0.2618455236218228,0.6571170870354837,0.08103738934269357,0.4975242081945451,491156.0,0.2465186661259611,0.6842154879637478,0.0692658459102911,0.4877654529777138,1230491.0,-0.01848062015503876,0.5,0.5740514018691588,0.9423076923076923,1,1,1,0,1,0,0,0,0
383218,ZA3,Nothern Cape,ZA4,Free State,ZA309,Frances Baard,ZA418,Lejweleputswa,2020-10-13,2020-10-13,10,10,10,2872713.2602052973,1064628.300257156,154661,20201013,20201013,0.2860169290028057,0.6497360787483951,0.06424699224879928,0.49189928194398214,420580.0,0.27941650281351393,0.6617931601395349,0.058790337046951115,0.500105365269169,574193.0,0.29907801418439717,0.8846153846153846,0.29495049504950493,0.8653846153846154,1,1,1,0,1,0,0,0,0
383219,ZA4,Free State,ZA2,Eastern Cape,ZA416,Xhariep,ZA214,Joe Gqabi,2020-10-13,2020-10-14,4,4,4,303967.6740257018,147704.09178001698,135396,20201013,20201014,0.29515218562959183,0.6325513667867511,0.07229644758365718,0.5005153225730198,105759.0,0.3340471849013029,0.5799636495391386,0.08598916555955849,0.47733103958194023,339473.0,0.18671264367816093,0.7692307692307693,-0.1839776119402985,0.21153846153846154,1,1,1,0,1,0,0,0,0
383220,ZA5,KwaZulu-Natal,ZA7,Gauteng,ZA595,eThekwini,ZA798,City of Johannesburg,2020-10-13,2020-10-29,1,1,1,1067489.6321998667,498248.761364895,1375003,20201013,20201029,0.2446364969883556,0.6990922562931536,0.05627124671849075,0.494610924976595,3587907.0,0.2220629170143196,0.7299897648810346,0.047947318104645836,0.5097433964893054,5540727.0,0.5666580406654343,0.9230769230769231,0.8818060606060606,1.0,1,1,1,0,1,0,0,0,0
383221,ZA4,Free State,ZA5,KwaZulu-Natal,ZA420,Fezile Dabi,ZA526,Zululand,2020-10-13,2020-10-13,2,2,2,2003960.5553937412,816070.4878559525,81399,20201013,20201013,0.2705098118551487,0.6604572122193,0.06903297592555128,0.5050070807202104,494300.0,0.392497537624586,0.5542130860581069,0.053289376317307055,0.4651401640222711,783796.0,0.2276555023923445,0.7884615384615384,-0.2762355212355212,0.09615384615384616,1,1,1,0,1,0,0,0,0
383222,ZA2,Eastern Cape,ZA8,Mpumalanga,ZA293,Nelson Mandela Bay,ZA831,Nkangala,2020-10-13,2020-10-20,1,1,1,1975634.5266385376,959974.9808253378,554229,20201013,20201020,0.2465186661259611,0.6842154879637478,0.0692658459102911,0.4877654529777138,1230491.0,0.27290691475673784,0.6711806877078121,0.055912397535449986,0.5109201270525474,1573837.0,0.5740514018691588,0.9423076923076923,0.07867808219178082,0.6730769230769231,1,1,1,0,1,0,0,0,0
383223,ZA1,Western Cape,ZA4,Free State,ZA104,Eden,ZA494,Mangaung,2020-10-13,2020-10-13,3,3,3,8052607.912359534,2092104.7418444443,117905,20201013,20201013,0.24710205256745305,0.6628052101466374,0.09009273728590954,0.4993180863678119,673839.0,0.26262942751272955,0.6754982029249197,0.06187236956235082,0.4901411892511804,826621.0,0.0004522691705790296,0.5384615384615384,0.27329104477611943,0.8269230769230769,1,1,1,0,1,0,0,0,0
383224,ZA8,Mpumalanga,ZA6,North West,ZA831,Nkangala,ZA637,Bojanala,2020-10-13,2020-10-13,4,4,4,1571597.9002711598,776144.3697285937,61345,20201013,20201013,0.27290691475673784,0.6711806877078121,0.055912397535449986,0.5109201270525474,1573837.0,0.25082919250139085,0.6903465537718604,0.05882425372674875,0.5380589003726469,1786678.0,0.07867808219178082,0.6730769230769231,0.07430676328502415,0.6538461538461539,1,1,1,0,1,0,0,0,0
383225,ZA2,Eastern Cape,ZA2,Eastern Cape,ZA293,Nelson Mandela Bay,ZA212,Amathole,2020-10-13,2020-10-17,1,1,1,157646.29821503544,157646.29821503544,397771,20201013,20201017,0.2465186661259611,0.6842154879637478,0.0692658459102911,0.4877654529777138,1230491.0,0.32816698449842097,0.5696178168124134,0.1022151986891656,0.47434426623917664,789726.0,0.5740514018691588,0.9423076923076923,-0.3192883211678832,0.019230769230769232,1,1,1,0,1,0,0,0,0
383226,ZA5,KwaZulu-Natal,ZA8,Mpumalanga,ZA522,Umgungundlovu,ZA832,Ehlanzeni,2020-10-13,2020-10-17,1,1,1,962484.3752380844,476778.0256225152,362744,20201013,20201017,0.2748377359932372,0.663873035280183,0.06128922872657978,0.48236181888519014,1046905.0,0.32438893780700045,0.6235217992770762,0.05208926291592337,0.47979089412028486,1837538.0,0.0061256544502617805,0.5769230769230769,0.1315940928270042,0.7307692307692307,1,1,1,0,1,0,0,0,0
383227,ZA6,North West,ZA6,North West,ZA640,Dr Kenneth Kaunda,ZA638,Ngaka Modiri Molema,2020-10-13,2020-10-14,4,4,4,832814.7275702193,477660.3934454954,136740,20201013,20201014,0.27505895171327793,0.6602340041700301,0.06470704411669191,0.5065976875287468,754431.0,0.3236353449196357,0.6078801705223251,0.06848448455803925,0.4964769205863341,870971.0,-0.10069384057971015,0.38461538461538464,-0.18344824707846413,0.23076923076923078,1,1,1,0,1,0,0,0,0
383228,ZA7,Gauteng,ZA9,Limpopo,ZA797,Ekurhuleni,ZA947,Sekhukhune,2020-10-13,2020-10-13,9,9,9,4952459.576429443,2154577.247374705,159614,20201013,20201013,0.23296733680905687,0.7203157619169479,0.04671690127399521,0.5205474946472306,3739653.0,0.3536917516859454,0.5707075150199985,0.07560073329405607,0.46486328935523974,1125333.0,0.7435109289617486,0.9615384615384616,-0.06015677966101695,0.4423076923076923,1,1,1,0,1,0,0,0,0
383229,ZA3,Nothern Cape,ZA6,North West,ZA309,Frances Baard,ZA639,Dr Ruth Segomotsi Mompati,2020-10-13,2020-10-13,25,25,25,5645767.529476919,1747078.8937861288,252192,20201013,20201013,0.2860169290028057,0.6497360787483951,0.06424699224879928,0.49189928194398214,420580.0,0.3412335579082451,0.5850872971649528,0.07367914492680208,0.4911837461796937,473784.0,0.29907801418439717,0.8846153846153846,-0.16626678765880218,0.2692307692307692,1,1,1,0,1,0,0,0,0
383230,ZA6,North West,ZA3,Nothern Cape,ZA639,Dr Ruth Segomotsi Mompati,ZA308,Z F Mgcawu,2020-10-13,2020-10-13,3,3,3,4692256.823435724,676469.8415489957,73509,20201013,20201013,0.3412335579082451,0.5850872971649528,0.07367914492680208,0.4911837461796937,473784.0,0.27601757542529287,0.6641943181028425,0.059788106471864645,0.5142626583989065,258998.0,-0.16626678765880218,0.2692307692307692,-0.04016603773584906,0.46153846153846156,1,1,1,0,1,0,0,0,0
383231,ZA4,Free State,ZA4,Free State,ZA418,Lejweleputswa,ZA419,Thabo Mofutsanyane,2020-10-13,2020-10-23,1,1,1,131791.92340169064,131791.92340169064,834139,20201013,20201023,0.27941650281351393,0.6617931601395349,0.058790337046951115,0.500105365269169,574193.0,0.31143326559338835,0.6251823622683981,0.06338437213821363,0.47028720831466336,662829.0,0.29495049504950493,0.8653846153846154,0.10770218579234972,0.7115384615384616,1,1,1,0,1,0,0,0,0
383232,ZA6,North West,ZA4,Free State,ZA638,Ngaka Modiri Molema,ZA420,Fezile Dabi,2020-10-13,2020-10-13,1,1,1,405945.9216915881,205442.7384965004,21326,20201013,20201013,0.3236353449196357,0.6078801705223251,0.06848448455803925,0.4964769205863341,870971.0,0.2705098118551487,0.6604572122193,0.06903297592555128,0.5050070807202104,494300.0,-0.18344824707846413,0.23076923076923078,0.2276555023923445,0.7884615384615384,1,1,1,0,1,0,0,0,0
383233,ZA7,Gauteng,ZA7,Gauteng,ZA798,City of Johannesburg,ZA798,City of Johannesburg,2020-10-13,2020-10-21,1,1,1,167399.64779928303,29418.577646083504,707053,20201013,20201021,0.2220629170143196,0.7299897648810346,0.047947318104645836,0.5097433964893054,5540727.0,0.2220629170143196,0.7299897648810346,0.047947318104645836,0.5097433964893054,5540727.0,0.8818060606060606,1.0,0.8818060606060606,1.0,1,1,1,0,1,0,0,0,0
383234,ZA2,Eastern Cape,ZA3,Nothern Cape,ZA292,Buffalo City,ZA309,Frances Baard,2020-10-13,2020-10-26,1,1,1,1151238.518704745,558292.5440813748,1107745,20201013,20201026,0.254980022080858,0.6758306608485358,0.06918931707060617,0.48177934914042375,760840.0,0.2860169290028057,0.6497360787483951,0.06424699224879928,0.49189928194398214,420580.0,0.09585175879396986,0.6923076923076923,0.29907801418439717,0.8846153846153846,1,1,1,0,1,0,0,0,0
383235,ZA4,Free State,ZA5,KwaZulu-Natal,ZA419,Thabo Mofutsanyane,ZA523,Uthukela,2020-10-13,2020-10-26,1,1,1,384196.8833801348,170859.10195980422,1174205,20201013,20201026,0.31143326559338835,0.6251823622683981,0.06338437213821363,0.47028720831466336,662829.0,0.36014331224838336,0.5864396074090654,0.05341708034255123,0.46782833191779016,652282.0,0.10770218579234972,0.7115384615384616,-0.19841226215644822,0.19230769230769232,1,1,1,0,1,0,0,0,0
383236,ZA5,KwaZulu-Natal,ZA5,KwaZulu-Natal,ZA521,Ugu,ZA543,Sisonke,2020-10-13,2020-10-14,3,3,3,595319.2643085062,170053.55482200038,46137,20201013,20201014,0.32122674606698143,0.6016982741355622,0.07707497979745637,0.47391596021954596,714019.0,0.37293146983899067,0.5707096800166399,0.05635885014436937,0.4671305273563743,447117.0,-0.09480895915678524,0.40384615384615385,-0.2112274881516588,0.17307692307692307,1,1,1,0,1,0,0,0,0
383237,ZA7,Gauteng,ZA5,KwaZulu-Natal,ZA799,City of Tshwane,ZA543,Sisonke,2020-10-13,2020-10-13,1,1,1,1128148.8763155786,587230.632134462,42448,20201013,20201013,0.22283079372412132,0.7204843127840075,0.056684893491871245,0.5057337597223363,3627986.0,0.37293146983899067,0.5707096800166399,0.05635885014436937,0.4671305273563743,447117.0,0.48224212034383956,0.9038461538461539,-0.2112274881516588,0.17307692307692307,1,1,1,0,1,0,0,0,0
383238,ZA4,Free State,ZA6,North West,ZA418,Lejweleputswa,ZA639,Dr Ruth Segomotsi Mompati,2020-10-13,2020-10-13,14,14,12,1468460.5646058698,695992.1259165654,140485,20201013,20201013,0.27941650281351393,0.6617931601395349,0.058790337046951115,0.500105365269169,574193.0,0.3412335579082451,0.5850872971649528,0.07367914492680208,0.4911837461796937,473784.0,0.29495049504950493,0.8653846153846154,-0.16626678765880218,0.2692307692307692,1,1,1,0,1,0,0,0,0
383239,ZA5,KwaZulu-Natal,ZA5,KwaZulu-Natal,ZA521,Ugu,ZA543,Sisonke,2020-10-13,2020-10-13,5,5,5,3138745.112893695,483781.09938390367,76406,20201013,20201013,0.32122674606698143,0.6016982741355622,0.07707497979745637,0.47391596021954596,714019.0,0.37293146983899067,0.5707096800166399,0.05635885014436937,0.4671305273563743,447117.0,-0.09480895915678524,0.40384615384615385,-0.2112274881516588,0.17307692307692307,1,1,1,0,1,0,0,0,0
383240,ZA2,Eastern Cape,ZA2,Eastern Cape,ZA212,Amathole,ZA215,O.R.Tambo,2020-10-13,2020-10-13,8,7,7,1619200.988169958,320922.6243434922,69728,20201013,20201013,0.32816698449842097,0.5696178168124134,0.1022151986891656,0.47434426623917664,789726.0,0.38804558548824664,0.5482866433400703,0.06366777117168307,0.4623163104135049,1358678.0,-0.3192883211678832,0.019230769230769232,-0.23807536101083035,0.1346153846153846,1,1,1,0,1,0,0,0,0
383241,ZA1,Western Cape,ZA7,Gauteng,ZA104,Eden,ZA798,City of Johannesburg,2020-10-13,2020-10-27,1,1,1,2146665.5351826893,1037574.2191262132,1238420,20201013,20201027,0.24710205256745305,0.6628052101466374,0.09009273728590954,0.4993180863678119,673839.0,0.2220629170143196,0.7299897648810346,0.047947318104645836,0.5097433964893054,5540727.0,0.0004522691705790296,0.5384615384615384,0.8818060606060606,1.0,1,1,1,0,1,0,0,0,0
383242,ZA5,KwaZulu-Natal,ZA7,Gauteng,ZA595,eThekwini,ZA799,City of Tshwane,2020-10-13,2020-10-13,5,5,5,5987233.959589276,2670708.1607496543,96332,20201013,20201013,0.2446364969883556,0.6990922562931536,0.05627124671849075,0.494610924976595,3587907.0,0.22283079372412132,0.7204843127840075,0.056684893491871245,0.5057337597223363,3627986.0,0.5666580406654343,0.9230769230769231,0.48224212034383956,0.9038461538461539,1,1,1,0,1,0,0,0,0
383243,ZA8,Mpumalanga,ZA8,Mpumalanga,ZA831,Nkangala,ZA831,Nkangala,2020-10-13,2020-10-23,1,1,1,7120.890966022767,6467.541031049741,852334,20201013,20201023,0.27290691475673784,0.6711806877078121,0.055912397535449986,0.5109201270525474,1573837.0,0.27290691475673784,0.6711806877078121,0.055912397535449986,0.5109201270525474,1573837.0,0.07867808219178082,0.6730769230769231,0.07867808219178082,0.6730769230769231,1,1,1,0,1,0,0,0,0
383244,ZA1,Western Cape,ZA6,North West,ZA191,City of Cape Town,ZA639,Dr Ruth Segomotsi Mompati,2020-10-13,2020-10-13,1,1,1,1033231.6103593804,939542.078821979,3234,20201013,20201013,0.23849582985172932,0.697186217784503,0.06431795236376775,0.4976008771049945,4436413.0,0.3412335579082451,0.5850872971649528,0.07367914492680208,0.4911837461796937,473784.0,0.7687640750670242,0.9807692307692307,-0.16626678765880218,0.2692307692307692,1,1,1,0,1,0,0,0,0
383245,ZA4,Free State,ZA7,Gauteng,ZA418,Lejweleputswa,ZA797,Ekurhuleni,2020-10-13,2020-10-13,2,2,2,1465200.985294544,725732.7851525632,29370,20201013,20201013,0.27941650281351393,0.6617931601395349,0.058790337046951115,0.500105365269169,574193.0,0.23296733680905687,0.7203157619169479,0.04671690127399521,0.5205474946472306,3739653.0,0.29495049504950493,0.8653846153846154,0.7435109289617486,0.9615384615384616,1,1,1,0,1,0,0,0,0
383246,ZA2,Eastern Cape,ZA7,Gauteng,ZA293,Nelson Mandela Bay,ZA797,Ekurhuleni,2020-10-13,2020-10-13,6,6,6,10846081.656625038,5485754.467553712,148150,20201013,20201013,0.2465186661259611,0.6842154879637478,0.0692658459102911,0.4877654529777138,1230491.0,0.23296733680905687,0.7203157619169479,0.04671690127399521,0.5205474946472306,3739653.0,0.5740514018691588,0.9423076923076923,0.7435109289617486,0.9615384615384616,1,1,1,0,1,0,0,0,0
383247,ZA2,Eastern Cape,ZA7,Gauteng,ZA213,Chris Hani,ZA798,City of Johannesburg,2020-10-13,2020-10-13,1,1,1,703732.5438329313,701130.0946977338,4921,20201013,20201013,0.334940582305372,0.572656560540376,0.09240285715425203,0.478383232498069,752217.0,0.2220629170143196,0.7299897648810346,0.047947318104645836,0.5097433964893054,5540727.0,-0.29251697892271666,0.057692307692307696,0.8818060606060606,1.0,1,1,1,0,1,0,0,0,0
383248,ZA7,Gauteng,ZA9,Limpopo,ZA797,Ekurhuleni,ZA936,Waterberg,2020-10-13,2020-10-26,1,1,1,272481.0586542012,136236.79628812725,1127439,20201013,20201026,0.23296733680905687,0.7203157619169479,0.04671690127399521,0.5205474946472306,3739653.0,0.2870915348782833,0.6477210572390478,0.06518740788266879,0.5138960603357211,718513.0,0.7435109289617486,0.9615384615384616,0.00236898395721925,0.5576923076923077,1,1,1,0,1,0,0,0,0
383249,ZA9,Limpopo,ZA9,Limpopo,ZA936,Waterberg,ZA935,Capricorn,2020-10-13,2020-10-14,4,4,4,737367.7213927603,360649.7013574006,135578,20201013,20201014,0.2870915348782833,0.6477210572390478,0.06518740788266879,0.5138960603357211,718513.0,0.3265897738288558,0.6007690312860821,0.07264119488506209,0.472231826966417,1295656.0,0.00236898395721925,0.5576923076923077,0.07397387387387387,0.6346153846153846,1,1,1,0,1,0,0,0,0
383250,ZA5,KwaZulu-Natal,ZA7,Gauteng,ZA543,Sisonke,ZA797,Ekurhuleni,2020-10-13,2020-10-13,1,1,1,1081235.9927785066,544000.9379656633,14569,20201013,20201013,0.37293146983899067,0.5707096800166399,0.05635885014436937,0.4671305273563743,447117.0,0.23296733680905687,0.7203157619169479,0.04671690127399521,0.5205474946472306,3739653.0,-0.2112274881516588,0.17307692307692307,0.7435109289617486,0.9615384615384616,1,1,1,0,1,0,0,0,0
383251,ZA2,Eastern Cape,ZA2,Eastern Cape,ZA292,Buffalo City,ZA215,O.R.Tambo,2020-10-13,2020-10-14,1,1,1,2584137.9283672725,179630.9863052224,48991,20201013,20201014,0.254980022080858,0.6758306608485358,0.06918931707060617,0.48177934914042375,760840.0,0.38804558548824664,0.5482866433400703,0.06366777117168307,0.4623163104135049,1358678.0,0.09585175879396986,0.6923076923076923,-0.23807536101083035,0.1346153846153846,1,1,1,0,1,0,0,0,0
383252,ZA7,Gauteng,ZA8,Mpumalanga,ZA798,City of Johannesburg,ZA830,Gert Sibande,2020-10-13,2020-10-18,1,1,1,216541.12703345608,216541.12703345608,441549,20201013,20201018,0.2220629170143196,0.7299897648810346,0.047947318104645836,0.5097433964893054,5540727.0,0.30688245639051287,0.6412288994160756,0.05188864419341153,0.49968312815881616,1136106.0,0.8818060606060606,1.0,-0.11248741610738255,0.36538461538461536,1,1,1,0,1,0,0,0,0
383253,ZA5,KwaZulu-Natal,ZA5,KwaZulu-Natal,ZA522,Umgungundlovu,ZA523,Uthukela,2020-10-13,2020-10-14,1,1,1,211729.98404683417,130681.74568823929,70708,20201013,20201014,0.2748377359932372,0.663873035280183,0.06128922872657978,0.48236181888519014,1046905.0,0.36014331224838336,0.5864396074090654,0.05341708034255123,0.46782833191779016,652282.0,0.0061256544502617805,0.5769230769230769,-0.19841226215644822,0.19230769230769232,1,1,1,0,1,0,0,0,0
383254,ZA5,KwaZulu-Natal,ZA5,KwaZulu-Natal,ZA529,iLembe,ZA522,Umgungundlovu,2020-10-13,2020-10-13,5,5,5,2109301.605263433,540624.0603523592,62326,20201013,20201013,0.32390440311621094,0.6202867780885334,0.05580881879525565,0.4827645772056803,636799.0,0.2748377359932372,0.663873035280183,0.06128922872657978,0.48236181888519014,1046905.0,-0.14951617873651774,0.28846153846153844,0.0061256544502617805,0.5769230769230769,1,1,1,0,1,0,0,0,0
383255,ZA7,Gauteng,ZA8,Mpumalanga,ZA799,City of Tshwane,ZA831,Nkangala,2020-10-13,2020-10-14,7,7,7,1272351.8111119776,538805.6482391825,329189,20201013,20201014,0.22283079372412132,0.7204843127840075,0.056684893491871245,0.5057337597223363,3627986.0,0.27290691475673784,0.6711806877078121,0.055912397535449986,0.5109201270525474,1573837.0,0.48224212034383956,0.9038461538461539,0.07867808219178082,0.6730769230769231,1,1,1,0,1,0,0,0,0
383256,ZA7,Gauteng,ZA3,Nothern Cape,ZA797,Ekurhuleni,ZA309,Frances Baard,2020-10-13,2020-10-13,4,4,4,3813828.918424233,1841796.1106165247,143869,20201013,20201013,0.23296733680905687,0.7203157619169479,0.04671690127399521,0.5205474946472306,3739653.0,0.2860169290028057,0.6497360787483951,0.06424699224879928,0.49189928194398214,420580.0,0.7435109289617486,0.9615384615384616,0.29907801418439717,0.8846153846153846,1,1,1,0,1,0,0,0,0
383257,ZA1,Western Cape,ZA5,KwaZulu-Natal,ZA102,Cape Winelands,ZA595,eThekwini,2020-10-13,2020-10-13,1,1,1,2683456.242233315,1253920.9681790753,37260,20201013,20201013,0.24989252608235304,0.6902123420738123,0.059895131843834624,0.5011121214086944,909523.0,0.2446364969883556,0.6990922562931536,0.05627124671849075,0.494610924976595,3587907.0,-0.012388831437435367,0.5192307692307693,0.5666580406654343,0.9230769230769231,1,1,1,0,1,0,0,0,0
383258,ZA7,Gauteng,ZA5,KwaZulu-Natal,ZA798,City of Johannesburg,ZA523,Uthukela,2020-10-13,2020-10-13,4,4,4,10896861.65324,1357186.5575339503,100168,20201013,20201013,0.2220629170143196,0.7299897648810346,0.047947318104645836,0.5097433964893054,5540727.0,0.36014331224838336,0.5864396074090654,0.05341708034255123,0.46782833191779016,652282.0,0.8818060606060606,1.0,-0.19841226215644822,0.19230769230769232,1,1,1,0,1,0,0,0,0
383259,ZA9,Limpopo,ZA9,Limpopo,ZA936,Waterberg,ZA933,Mopani,2020-10-13,2020-10-13,4,4,4,2360465.2546802266,742844.975241148,66502,20201013,20201013,0.2870915348782833,0.6477210572390478,0.06518740788266879,0.5138960603357211,718513.0,0.3329418650827259,0.6026296126910996,0.06442852222617454,0.46142626187343905,1062666.0,0.00236898395721925,0.5576923076923077,-0.037928345626975765,0.4807692307692308,1,1,1,0,1,0,0,0,0
383260,ZA7,Gauteng,ZA1,Western Cape,ZA799,City of Tshwane,ZA104,Eden,2020-10-13,2020-10-13,4,4,4,8525370.27764874,4503155.533245744,141463,20201013,20201013,0.22283079372412132,0.7204843127840075,0.056684893491871245,0.5057337597223363,3627986.0,0.24710205256745305,0.6628052101466374,0.09009273728590954,0.4993180863678119,673839.0,0.48224212034383956,0.9038461538461539,0.0004522691705790296,0.5384615384615384,1,1,1,0,1,0,0,0,0
383261,ZA3,Nothern Cape,ZA3,Nothern Cape,ZA345,John Taolo Gaetsewe,ZA309,Frances Baard,2020-10-13,2020-10-13,6,6,6,4158736.169924377,1242632.3756830124,123879,20201013,20201013,0.31986957060536586,0.628082594956317,0.05204783443831712,0.4959027820806741,258224.0,0.2860169290028057,0.6497360787483951,0.06424699224879928,0.49189928194398214,420580.0,-0.13480926430517712,0.3076923076923077,0.29907801418439717,0.8846153846153846,1,1,1,0,1,0,0,0,0
383262,ZA5,KwaZulu-Natal,ZA5,KwaZulu-Natal,ZA525,Amajuba,ZA543,Sisonke,2020-10-13,2020-10-13,1,1,1,950006.9598073582,346225.2555063062,39085,20201013,20201013,0.3311353387795859,0.6144200377537888,0.05444462346662529,0.48045773982507545,502731.0,0.37293146983899067,0.5707096800166399,0.05635885014436937,0.4671305273563743,447117.0,-0.16864155251141552,0.25,-0.2112274881516588,0.17307692307692307,1,1,1,0,1,0,0,0,0
383263,ZA2,Eastern Cape,ZA5,KwaZulu-Natal,ZA213,Chris Hani,ZA595,eThekwini,2020-10-13,2020-10-13,1,1,1,1438032.0008186651,399863.68636726425,35569,20201013,20201013,0.334940582305372,0.572656560540376,0.09240285715425203,0.478383232498069,752217.0,0.2446364969883556,0.6990922562931536,0.05627124671849075,0.494610924976595,3587907.0,-0.29251697892271666,0.057692307692307696,0.5666580406654343,0.9230769230769231,1,1,1,0,1,0,0,0,0
383264,ZA8,Mpumalanga,ZA9,Limpopo,ZA831,Nkangala,ZA936,Waterberg,2020-10-13,2020-10-13,9,9,8,1751327.5990261408,570445.2975909533,132932,20201013,20201013,0.27290691475673784,0.6711806877078121,0.055912397535449986,0.5109201270525474,1573837.0,0.2870915348782833,0.6477210572390478,0.06518740788266879,0.5138960603357211,718513.0,0.07867808219178082,0.6730769230769231,0.00236898395721925,0.5576923076923077,1,1,1,0,1,0,0,0,0
383265,ZA7,Gauteng,ZA7,Gauteng,ZA748,West Rand,ZA798,City of Johannesburg,2020-10-13,2020-10-14,44,44,44,2035201.5791636447,786413.0023095169,1256710,20201013,20201014,0.23154887232085752,0.7207832829912092,0.047667844687933295,0.5288128906961219,856804.0,0.2220629170143196,0.7299897648810346,0.047947318104645836,0.5097433964893054,5540727.0,0.23715802469135805,0.8076923076923077,0.8818060606060606,1.0,1,1,1,0,1,0,0,0,0
383266,ZA2,Eastern Cape,ZA2,Eastern Cape,ZA213,Chris Hani,ZA215,O.R.Tambo,2020-10-13,2020-10-13,2,2,2,515523.4941161694,379341.7520322966,30532,20201013,20201013,0.334940582305372,0.572656560540376,0.09240285715425203,0.478383232498069,752217.0,0.38804558548824664,0.5482866433400703,0.06366777117168307,0.4623163104135049,1358678.0,-0.29251697892271666,0.057692307692307696,-0.23807536101083035,0.1346153846153846,1,1,1,0,1,0,0,0,0
383267,ZA7,Gauteng,ZA8,Mpumalanga,ZA748,West Rand,ZA831,Nkangala,2020-10-13,2020-10-13,3,3,3,1348592.208855708,870848.9027132608,57539,20201013,20201013,0.23154887232085752,0.7207832829912092,0.047667844687933295,0.5288128906961219,856804.0,0.27290691475673784,0.6711806877078121,0.055912397535449986,0.5109201270525474,1573837.0,0.23715802469135805,0.8076923076923077,0.07867808219178082,0.6730769230769231,1,1,1,0,1,0,0,0,0
383268,ZA7,Gauteng,ZA5,KwaZulu-Natal,ZA799,City of Tshwane,ZA523,Uthukela,2020-10-13,2020-10-13,1,1,1,782109.3462640111,412669.8827413154,42594,20201013,20201013,0.22283079372412132,0.7204843127840075,0.056684893491871245,0.5057337597223363,3627986.0,0.36014331224838336,0.5864396074090654,0.05341708034255123,0.46782833191779016,652282.0,0.48224212034383956,0.9038461538461539,-0.19841226215644822,0.19230769230769232,1,1,1,0,1,0,0,0,0
383269,ZA3,Nothern Cape,ZA6,North West,ZA309,Frances Baard,ZA639,Dr Ruth Segomotsi Mompati,2020-10-13,2020-10-14,3,3,3,163264.42479054155,81239.91933292492,51004,20201013,20201014,0.2860169290028057,0.6497360787483951,0.06424699224879928,0.49189928194398214,420580.0,0.3412335579082451,0.5850872971649528,0.07367914492680208,0.4911837461796937,473784.0,0.29907801418439717,0.8846153846153846,-0.16626678765880218,0.2692307692307692,1,1,1,0,1,0,0,0,0
383270,ZA9,Limpopo,ZA7,Gauteng,ZA947,Sekhukhune,ZA797,Ekurhuleni,2020-10-13,2020-10-13,4,4,4,1642611.5992360355,691720.8181592156,100616,20201013,20201013,0.3536917516859454,0.5707075150199985,0.07560073329405607,0.46486328935523974,1125333.0,0.23296733680905687,0.7203157619169479,0.04671690127399521,0.5205474946472306,3739653.0,-0.06015677966101695,0.4423076923076923,0.7435109289617486,0.9615384615384616,1,1,1,0,1,0,0,0,0
383271,ZA5,KwaZulu-Natal,ZA5,KwaZulu-Natal,ZA525,Amajuba,ZA523,Uthukela,2020-10-13,2020-10-15,1,1,1,274311.95729913696,135206.21537532,158484,20201013,20201015,0.3311353387795859,0.6144200377537888,0.05444462346662529,0.48045773982507545,502731.0,0.36014331224838336,0.5864396074090654,0.05341708034255123,0.46782833191779016,652282.0,-0.16864155251141552,0.25,-0.19841226215644822,0.19230769230769232,1,1,1,0,1,0,0,0,0
383272,ZA4,Free State,ZA7,Gauteng,ZA419,Thabo Mofutsanyane,ZA748,West Rand,2020-10-13,2020-10-13,2,2,2,899558.4291887227,536910.6786980603,51671,20201013,20201013,0.31143326559338835,0.6251823622683981,0.06338437213821363,0.47028720831466336,662829.0,0.23154887232085752,0.7207832829912092,0.047667844687933295,0.5288128906961219,856804.0,0.10770218579234972,0.7115384615384616,0.23715802469135805,0.8076923076923077,1,1,1,0,1,0,0,0,0
383273,ZA9,Limpopo,ZA3,Nothern Cape,ZA936,Waterberg,ZA307,Pixley ka Seme,2020-10-13,2020-10-14,1,1,1,1284609.6267804992,612854.4765753077,60241,20201013,20201014,0.2870915348782833,0.6477210572390478,0.06518740788266879,0.5138960603357211,718513.0,0.3060749448635213,0.6232332132979509,0.0706918418385278,0.5011842246002923,196331.0,0.00236898395721925,0.5576923076923077,0.1854655172413793,0.75,1,1,1,0,1,0,0,0,0
383274,ZA2,Eastern Cape,ZA6,North West,ZA293,Nelson Mandela Bay,ZA637,Bojanala,2020-10-13,2020-10-13,1,1,1,2011895.635578524,936799.9298383758,28870,20201013,20201013,0.2465186661259611,0.6842154879637478,0.0692658459102911,0.4877654529777138,1230491.0,0.25082919250139085,0.6903465537718604,0.05882425372674875,0.5380589003726469,1786678.0,0.5740514018691588,0.9423076923076923,0.07430676328502415,0.6538461538461539,1,1,1,0,1,0,0,0,0
383275,ZA4,Free State,ZA3,Nothern Cape,ZA418,Lejweleputswa,ZA307,Pixley ka Seme,2020-10-13,2020-10-13,1,1,1,606073.9501769259,338364.65590524423,34731,20201013,20201013,0.27941650281351393,0.6617931601395349,0.058790337046951115,0.500105365269169,574193.0,0.3060749448635213,0.6232332132979509,0.0706918418385278,0.5011842246002923,196331.0,0.29495049504950493,0.8653846153846154,0.1854655172413793,0.75,1,1,1,0,1,0,0,0,0
383276,ZA3,Nothern Cape,ZA1,Western Cape,ZA306,Namakwa,ZA191,City of Cape Town,2020-10-13,2020-10-13,1,1,1,1039806.4367344663,518177.3212032392,44101,20201013,20201013,0.2479438366342976,0.6592106724059887,0.09284549095971371,0.5132337492633683,117087.0,0.23849582985172932,0.697186217784503,0.06431795236376775,0.4976008771049945,4436413.0,0.06505633802816901,0.6153846153846154,0.7687640750670242,0.9807692307692307,1,1,1,0,1,0,0,0,0
383277,ZA5,KwaZulu-Natal,ZA5,KwaZulu-Natal,ZA595,eThekwini,ZA529,iLembe,2020-10-13,2020-10-22,1,1,1,407477.462421578,94623.90417505035,789106,20201013,20201022,0.2446364969883556,0.6990922562931536,0.05627124671849075,0.494610924976595,3587907.0,0.32390440311621094,0.6202867780885334,0.05580881879525565,0.4827645772056803,636799.0,0.5666580406654343,0.9230769230769231,-0.14951617873651774,0.28846153846153844,1,1,1,0,1,0,0,0,0
383278,ZA5,KwaZulu-Natal,ZA5,KwaZulu-Natal,ZA525,Amajuba,ZA526,Zululand,2020-10-13,2020-10-13,2,2,2,303883.7574934764,159972.387489172,35759,20201013,20201013,0.3311353387795859,0.6144200377537888,0.05444462346662529,0.48045773982507545,502731.0,0.392497537624586,0.5542130860581069,0.053289376317307055,0.4651401640222711,783796.0,-0.16864155251141552,0.25,-0.2762355212355212,0.09615384615384616,1,1,1,0,1,0,0,0,0
383279,ZA9,Limpopo,ZA6,North West,ZA934,Vhembe,ZA640,Dr Kenneth Kaunda,2020-10-13,2020-10-13,1,1,1,1733432.5991218823,788564.4309197877,42911,20201013,20201013,0.3433867460978093,0.5887604530714541,0.06785280083073665,0.4597374214109392,1325089.0,0.27505895171327793,0.6602340041700301,0.06470704411669191,0.5065976875287468,754431.0,-0.0767829596412556,0.4230769230769231,-0.10069384057971015,0.38461538461538464,1,1,1,0,1,0,0,0,0
383280,ZA2,Eastern Cape,ZA2,Eastern Cape,ZA292,Buffalo City,ZA292,Buffalo City,2020-10-13,2020-10-15,1,1,1,299814.5108282568,23906.62828519767,130480,20201013,20201015,0.254980022080858,0.6758306608485358,0.06918931707060617,0.48177934914042375,760840.0,0.254980022080858,0.6758306608485358,0.06918931707060617,0.48177934914042375,760840.0,0.09585175879396986,0.6923076923076923,0.09585175879396986,0.6923076923076923,1,1,1,0,1,0,0,0,0
383281,ZA4,Free State,ZA3,Nothern Cape,ZA494,Mangaung,ZA309,Frances Baard,2020-10-13,2020-10-13,9,9,9,3361612.016469076,1492256.494131215,253961,20201013,20201013,0.26262942751272955,0.6754982029249197,0.06187236956235082,0.4901411892511804,826621.0,0.2860169290028057,0.6497360787483951,0.06424699224879928,0.49189928194398214,420580.0,0.27329104477611943,0.8269230769230769,0.29907801418439717,0.8846153846153846,1,1,1,0,1,0,0,0,0
383282,ZA7,Gauteng,ZA5,KwaZulu-Natal,ZA797,Ekurhuleni,ZA524,Umzinyathi,2020-10-13,2020-10-14,1,1,1,283698.1010863635,283661.48489326827,70489,20201013,20201014,0.23296733680905687,0.7203157619169479,0.04671690127399521,0.5205474946472306,3739653.0,0.3952311253914291,0.5454951881678106,0.05927368644076033,0.451447242842509,514461.0,0.7435109289617486,0.9615384615384616,-0.28225945945945946,0.07692307692307693,1,1,1,0,1,0,0,0,0
383283,ZA4,Free State,ZA7,Gauteng,ZA416,Xhariep,ZA798,City of Johannesburg,2020-10-13,2020-10-13,1,1,1,4172170.257078719,586320.5597138584,35094,20201013,20201013,0.29515218562959183,0.6325513667867511,0.07229644758365718,0.5005153225730198,105759.0,0.2220629170143196,0.7299897648810346,0.047947318104645836,0.5097433964893054,5540727.0,0.18671264367816093,0.7692307692307693,0.8818060606060606,1.0,1,1,1,0,1,0,0,0,0
383284,ZA7,Gauteng,ZA2,Eastern Cape,ZA798,City of Johannesburg,ZA293,Nelson Mandela Bay,2020-10-13,2020-10-14,1,1,1,1207034.8554002806,1115661.6709616808,55004,20201013,20201014,0.2220629170143196,0.7299897648810346,0.047947318104645836,0.5097433964893054,5540727.0,0.2465186661259611,0.6842154879637478,0.0692658459102911,0.4877654529777138,1230491.0,0.8818060606060606,1.0,0.5740514018691588,0.9423076923076923,1,1,1,0,1,0,0,0,0
383285,ZA1,Western Cape,ZA1,Western Cape,ZA105,Central Karoo,ZA191,City of Cape Town,2020-10-13,2020-10-13,4,4,4,7074494.922718679,1679304.575689924,133457,20201013,20201013,0.29415328297801036,0.633639246216906,0.07220747080508365,0.4979247763656518,77582.0,0.23849582985172932,0.697186217784503,0.06431795236376775,0.4976008771049945,4436413.0,-0.12604477611940298,0.3269230769230769,0.7687640750670242,0.9807692307692307,1,1,1,0,1,0,0,0,0
383286,ZA2,Eastern Cape,,,ZA292,Buffalo City,,,2020-10-13,2020-10-13,1,1,1,19038.01750036795,9369.014373799817,21198,20201013,20201013,0.254980022080858,0.6758306608485358,0.06918931707060617,0.48177934914042375,760840.0,,,,,,0.09585175879396986,0.6923076923076923,,,1,1,1,0,1,0,0,0,0
383287,ZA5,KwaZulu-Natal,ZA5,KwaZulu-Natal,ZA525,Amajuba,ZA595,eThekwini,2020-10-13,2020-10-13,2,2,2,1034049.6242529716,517085.04173329554,50656,20201013,20201013,0.3311353387795859,0.6144200377537888,0.05444462346662529,0.48045773982507545,502731.0,0.2446364969883556,0.6990922562931536,0.05627124671849075,0.494610924976595,3587907.0,-0.16864155251141552,0.25,0.5666580406654343,0.9230769230769231,1,1,1,0,1,0,0,0,0
383288,ZA9,Limpopo,ZA9,Limpopo,ZA935,Capricorn,ZA933,Mopani,2020-10-13,2020-10-14,5,5,5,1686665.6908582302,285592.8162539257,165027,20201013,20201014,0.3265897738288558,0.6007690312860821,0.07264119488506209,0.472231826966417,1295656.0,0.3329418650827259,0.6026296126910996,0.06442852222617454,0.46142626187343905,1062666.0,0.07397387387387387,0.6346153846153846,-0.037928345626975765,0.4807692307692308,1,1,1,0,1,0,0,0,0
383289,ZA4,Free State,ZA6,North West,ZA420,Fezile Dabi,ZA639,Dr Ruth Segomotsi Mompati,2020-10-13,2020-10-17,1,1,1,333219.8013031526,244223.00461141663,362491,20201013,20201017,0.2705098118551487,0.6604572122193,0.06903297592555128,0.5050070807202104,494300.0,0.3412335579082451,0.5850872971649528,0.07367914492680208,0.4911837461796937,473784.0,0.2276555023923445,0.7884615384615384,-0.16626678765880218,0.2692307692307692,1,1,1,0,1,0,0,0,0
383290,ZA7,Gauteng,ZA7,Gauteng,ZA799,City of Tshwane,ZA748,West Rand,2020-10-13,2020-10-21,1,1,1,142884.94792874728,68032.74595919345,674754,20201013,20201021,0.22283079372412132,0.7204843127840075,0.056684893491871245,0.5057337597223363,3627986.0,0.23154887232085752,0.7207832829912092,0.047667844687933295,0.5288128906961219,856804.0,0.48224212034383956,0.9038461538461539,0.23715802469135805,0.8076923076923077,1,1,1,0,1,0,0,0,0
383291,ZA7,Gauteng,ZA9,Limpopo,ZA798,City of Johannesburg,ZA933,Mopani,2020-10-13,2020-10-13,4,4,4,3705115.746760944,1495203.5915481765,98846,20201013,20201013,0.2220629170143196,0.7299897648810346,0.047947318104645836,0.5097433964893054,5540727.0,0.3329418650827259,0.6026296126910996,0.06442852222617454,0.46142626187343905,1062666.0,0.8818060606060606,1.0,-0.037928345626975765,0.4807692307692308,1,1,1,0,1,0,0,0,0
383292,ZA2,Eastern Cape,ZA1,Western Cape,ZA293,Nelson Mandela Bay,ZA104,Eden,2020-10-13,2020-10-30,1,1,1,377748.8370668843,185954.1529500618,1438926,20201013,20201030,0.2465186661259611,0.6842154879637478,0.0692658459102911,0.4877654529777138,1230491.0,0.24710205256745305,0.6628052101466374,0.09009273728590954,0.4993180863678119,673839.0,0.5740514018691588,0.9423076923076923,0.0004522691705790296,0.5384615384615384,1,1,1,0,1,0,0,0,0
383293,ZA8,Mpumalanga,ZA4,Free State,ZA831,Nkangala,ZA494,Mangaung,2020-10-13,2020-10-13,1,1,1,935633.0664612204,467816.28057594673,5759,20201013,20201013,0.27290691475673784,0.6711806877078121,0.055912397535449986,0.5109201270525474,1573837.0,0.26262942751272955,0.6754982029249197,0.06187236956235082,0.4901411892511804,826621.0,0.07867808219178082,0.6730769230769231,0.27329104477611943,0.8269230769230769,1,1,1,0,1,0,0,0,0
383294,ZA7,Gauteng,ZA6,North West,ZA799,City of Tshwane,ZA638,Ngaka Modiri Molema,2020-10-13,2020-10-15,1,1,1,562276.4081009869,259830.6568190941,144659,20201013,20201015,0.22283079372412132,0.7204843127840075,0.056684893491871245,0.5057337597223363,3627986.0,0.3236353449196357,0.6078801705223251,0.06848448455803925,0.4964769205863341,870971.0,0.48224212034383956,0.9038461538461539,-0.18344824707846413,0.23076923076923078,1,1,1,0,1,0,0,0,0
383295,ZA9,Limpopo,ZA6,North West,ZA936,Waterberg,ZA638,Ngaka Modiri Molema,2020-10-13,2020-10-13,1,1,1,367566.0210972432,145217.87363003418,30070,20201013,20201013,0.2870915348782833,0.6477210572390478,0.06518740788266879,0.5138960603357211,718513.0,0.3236353449196357,0.6078801705223251,0.06848448455803925,0.4964769205863341,870971.0,0.00236898395721925,0.5576923076923077,-0.18344824707846413,0.23076923076923078,1,1,1,0,1,0,0,0,0
383296,ZA1,Western Cape,ZA1,Western Cape,ZA103,Overberg,ZA101,West Coast,2020-10-13,2020-10-13,2,2,2,973907.86745035,361490.3253796162,32764,20201013,20201013,0.22836513904770692,0.6721314716747349,0.09950338927755827,0.511077351980676,303457.0,0.24466466325617858,0.6852166396976793,0.0701186970461421,0.5060695297345649,497485.0,0.051486772486772484,0.5961538461538461,-0.12079976303317536,0.34615384615384615,1,1,1,0,1,0,0,0,0
383297,ZA9,Limpopo,ZA7,Gauteng,ZA934,Vhembe,ZA799,City of Tshwane,2020-10-13,2020-10-13,4,4,4,2783563.3338560434,1517412.4468758923,99338,20201013,20201013,0.3433867460978093,0.5887604530714541,0.06785280083073665,0.4597374214109392,1325089.0,0.22283079372412132,0.7204843127840075,0.056684893491871245,0.5057337597223363,3627986.0,-0.0767829596412556,0.4230769230769231,0.48224212034383956,0.9038461538461539,1,1,1,0,1,0,0,0,0
383298,ZA3,Nothern Cape,ZA1,Western Cape,ZA307,Pixley ka Seme,ZA103,Overberg,2020-10-13,2020-10-14,1,1,1,3236214.48873211,424.499777665472,88467,20201013,20201014,0.3060749448635213,0.6232332132979509,0.0706918418385278,0.5011842246002923,196331.0,0.22836513904770692,0.6721314716747349,0.09950338927755827,0.511077351980676,303457.0,0.1854655172413793,0.75,0.051486772486772484,0.5961538461538461,1,1,1,0,1,0,0,0,0
383299,ZA9,Limpopo,ZA9,Limpopo,ZA936,Waterberg,ZA947,Sekhukhune,2020-10-13,2020-10-13,8,8,8,2708354.449127793,752484.1150219404,133708,20201013,20201013,0.2870915348782833,0.6477210572390478,0.06518740788266879,0.5138960603357211,718513.0,0.3536917516859454,0.5707075150199985,0.07560073329405607,0.46486328935523974,1125333.0,0.00236898395721925,0.5576923076923077,-0.06015677966101695,0.4423076923076923,1,1,1,0,1,0,0,0,0
383300,ZA8,Mpumalanga,ZA9,Limpopo,ZA830,Gert Sibande,ZA936,Waterberg,2020-10-13,2020-10-13,3,3,3,2659921.201098292,1097896.1824315258,128388,20201013,20201013,0.30688245639051287,0.6412288994160756,0.05188864419341153,0.49968312815881616,1136106.0,0.2870915348782833,0.6477210572390478,0.06518740788266879,0.5138960603357211,718513.0,-0.11248741610738255,0.36538461538461536,0.00236898395721925,0.5576923076923077,1,1,1,0,1,0,0,0,0
383301,ZA5,KwaZulu-Natal,ZA5,KwaZulu-Natal,ZA595,eThekwini,ZA526,Zululand,2020-10-13,2020-10-14,1,1,1,540087.6597222803,290343.8496249126,29064,20201013,20201014,0.2446364969883556,0.6990922562931536,0.05627124671849075,0.494610924976595,3587907.0,0.392497537624586,0.5542130860581069,0.053289376317307055,0.4651401640222711,783796.0,0.5666580406654343,0.9230769230769231,-0.2762355212355212,0.09615384615384616,1,1,1,0,1,0,0,0,0
383302,ZA8,Mpumalanga,ZA5,KwaZulu-Natal,ZA832,Ehlanzeni,ZA528,Uthungulu,2020-10-13,2020-10-15,1,1,1,502546.6885508987,457353.6756403138,186331,20201013,20201015,0.32438893780700045,0.6235217992770762,0.05208926291592337,0.47979089412028486,1837538.0,0.3398562749304085,0.6096443299200878,0.05049939514950375,0.4759701217345943,889476.0,0.1315940928270042,0.7307692307692307,-0.2202014106583072,0.15384615384615385,1,1,1,0,1,0,0,0,0
383303,ZA4,Free State,ZA7,Gauteng,ZA494,Mangaung,ZA797,Ekurhuleni,2020-10-13,2020-10-31,1,1,1,393950.93540140014,393731.7017885908,1606769,20201013,20201031,0.26262942751272955,0.6754982029249197,0.06187236956235082,0.4901411892511804,826621.0,0.23296733680905687,0.7203157619169479,0.04671690127399521,0.5205474946472306,3739653.0,0.27329104477611943,0.8269230769230769,0.7435109289617486,0.9615384615384616,1,1,1,0,1,0,0,0,0
383304,ZA7,Gauteng,ZA4,Free State,ZA799,City of Tshwane,ZA494,Mangaung,2020-10-13,2020-10-13,6,6,6,4976671.016990604,2643947.055796509,207891,20201013,20201013,0.22283079372412132,0.7204843127840075,0.056684893491871245,0.5057337597223363,3627986.0,0.26262942751272955,0.6754982029249197,0.06187236956235082,0.4901411892511804,826621.0,0.48224212034383956,0.9038461538461539,0.27329104477611943,0.8269230769230769,1,1,1,0,1,0,0,0,0
383305,ZA3,Nothern Cape,ZA4,Free State,ZA309,Frances Baard,ZA494,Mangaung,2020-10-13,2020-10-19,1,1,1,417457.0216351496,141880.00578325163,460970,20201013,20201019,0.2860169290028057,0.6497360787483951,0.06424699224879928,0.49189928194398214,420580.0,0.26262942751272955,0.6754982029249197,0.06187236956235082,0.4901411892511804,826621.0,0.29907801418439717,0.8846153846153846,0.27329104477611943,0.8269230769230769,1,1,1,0,1,0,0,0,0
383306,ZA7,Gauteng,ZA4,Free State,ZA799,City of Tshwane,ZA418,Lejweleputswa,2020-10-13,2020-10-14,2,2,2,932999.3408357135,590936.5885349653,118489,20201013,20201014,0.22283079372412132,0.7204843127840075,0.056684893491871245,0.5057337597223363,3627986.0,0.27941650281351393,0.6617931601395349,0.058790337046951115,0.500105365269169,574193.0,0.48224212034383956,0.9038461538461539,0.29495049504950493,0.8653846153846154,1,1,1,0,1,0,0,0,0
383307,ZA6,North West,ZA5,KwaZulu-Natal,ZA637,Bojanala,ZA521,Ugu,2020-10-13,2020-10-29,1,1,1,1129065.557558193,632010.9190252494,1353658,20201013,20201029,0.25082919250139085,0.6903465537718604,0.05882425372674875,0.5380589003726469,1786678.0,0.32122674606698143,0.6016982741355622,0.07707497979745637,0.47391596021954596,714019.0,0.07430676328502415,0.6538461538461539,-0.09480895915678524,0.40384615384615385,1,1,1,0,1,0,0,0,0
383308,ZA4,Free State,ZA5,KwaZulu-Natal,ZA419,Thabo Mofutsanyane,ZA522,Umgungundlovu,2020-10-13,2020-10-13,4,4,4,3830299.8985347487,908545.7732223496,57597,20201013,20201013,0.31143326559338835,0.6251823622683981,0.06338437213821363,0.47028720831466336,662829.0,0.2748377359932372,0.663873035280183,0.06128922872657978,0.48236181888519014,1046905.0,0.10770218579234972,0.7115384615384616,0.0061256544502617805,0.5769230769230769,1,1,1,0,1,0,0,0,0
383309,ZA4,Free State,ZA7,Gauteng,ZA494,Mangaung,ZA799,City of Tshwane,2020-10-13,2020-10-13,2,2,2,2582662.608381366,978253.6859709832,41259,20201013,20201013,0.26262942751272955,0.6754982029249197,0.06187236956235082,0.4901411892511804,826621.0,0.22283079372412132,0.7204843127840075,0.056684893491871245,0.5057337597223363,3627986.0,0.27329104477611943,0.8269230769230769,0.48224212034383956,0.9038461538461539,1,1,1,0,1,0,0,0,0
383310,ZA9,Limpopo,ZA6,North West,ZA936,Waterberg,ZA640,Dr Kenneth Kaunda,2020-10-13,2020-10-25,1,1,1,349104.68757575727,235083.19817624777,1046785,20201013,20201025,0.2870915348782833,0.6477210572390478,0.06518740788266879,0.5138960603357211,718513.0,0.27505895171327793,0.6602340041700301,0.06470704411669191,0.5065976875287468,754431.0,0.00236898395721925,0.5576923076923077,-0.10069384057971015,0.38461538461538464,1,1,1,0,1,0,0,0,0
383311,ZA6,North West,ZA1,Western Cape,ZA637,Bojanala,ZA191,City of Cape Town,2020-10-13,2020-10-13,1,1,1,2809810.344710662,1264812.2791544115,29327,20201013,20201013,0.25082919250139085,0.6903465537718604,0.05882425372674875,0.5380589003726469,1786678.0,0.23849582985172932,0.697186217784503,0.06431795236376775,0.4976008771049945,4436413.0,0.07430676328502415,0.6538461538461539,0.7687640750670242,0.9807692307692307,1,1,1,0,1,0,0,0,0
383312,ZA1,Western Cape,ZA4,Free State,ZA101,West Coast,ZA418,Lejweleputswa,2020-10-13,2020-10-13,1,1,1,3528698.54191608,1110761.8990474783,61300,20201013,20201013,0.24466466325617858,0.6852166396976793,0.0701186970461421,0.5060695297345649,497485.0,0.27941650281351393,0.6617931601395349,0.058790337046951115,0.500105365269169,574193.0,-0.12079976303317536,0.34615384615384615,0.29495049504950493,0.8653846153846154,1,1,1,0,1,0,0,0,0
383313,ZA2,Eastern Cape,ZA5,KwaZulu-Natal,ZA215,O.R.Tambo,ZA543,Sisonke,2020-10-13,2020-10-13,2,2,2,283167.10909866047,141818.7160832783,9453,20201013,20201013,0.38804558548824664,0.5482866433400703,0.06366777117168307,0.4623163104135049,1358678.0,0.37293146983899067,0.5707096800166399,0.05635885014436937,0.4671305273563743,447117.0,-0.23807536101083035,0.1346153846153846,-0.2112274881516588,0.17307692307692307,1,1,1,0,1,0,0,0,0
383314,ZA2,Eastern Cape,ZA4,Free State,ZA214,Joe Gqabi,ZA416,Xhariep,2020-10-13,2020-10-14,2,2,2,113422.31277731436,56367.4370054506,92220,20201013,20201014,0.3340471849013029,0.5799636495391386,0.08598916555955849,0.47733103958194023,339473.0,0.29515218562959183,0.6325513667867511,0.07229644758365718,0.5005153225730198,105759.0,-0.1839776119402985,0.21153846153846154,0.18671264367816093,0.7692307692307693,1,1,1,0,1,0,0,0,0
383315,ZA2,Eastern Cape,ZA2,Eastern Cape,ZA292,Buffalo City,ZA212,Amathole,2020-10-13,2020-10-22,1,1,1,312033.43181014206,152808.28277569183,808439,20201013,20201022,0.254980022080858,0.6758306608485358,0.06918931707060617,0.48177934914042375,760840.0,0.32816698449842097,0.5696178168124134,0.1022151986891656,0.47434426623917664,789726.0,0.09585175879396986,0.6923076923076923,-0.3192883211678832,0.019230769230769232,1,1,1,0,1,0,0,0,0
383316,ZA5,KwaZulu-Natal,ZA5,KwaZulu-Natal,ZA595,eThekwini,ZA527,Umkhanyakude,2020-10-13,2020-10-26,1,1,1,572914.460896584,351503.2420495743,1162074,20201013,20201026,0.2446364969883556,0.6990922562931536,0.05627124671849075,0.494610924976595,3587907.0,0.40017378652548197,0.5489306999026919,0.05089551357182606,0.4622270789873748,643318.0,0.5666580406654343,0.9230769230769231,-0.31784377542717657,0.038461538461538464,1,1,1,0,1,0,0,0,0
383317,ZA1,Western Cape,ZA8,Mpumalanga,ZA191,City of Cape Town,ZA831,Nkangala,2020-10-13,2020-10-13,1,1,1,2819808.8223086027,1319883.9226554162,32034,20201013,20201013,0.23849582985172932,0.697186217784503,0.06431795236376775,0.4976008771049945,4436413.0,0.27290691475673784,0.6711806877078121,0.055912397535449986,0.5109201270525474,1573837.0,0.7687640750670242,0.9807692307692307,0.07867808219178082,0.6730769230769231,1,1,1,0,1,0,0,0,0
383318,ZA5,KwaZulu-Natal,ZA4,Free State,ZA543,Sisonke,ZA418,Lejweleputswa,2020-10-13,2020-10-23,1,1,1,1374323.4017273062,386982.9999013824,885803,20201013,20201023,0.37293146983899067,0.5707096800166399,0.05635885014436937,0.4671305273563743,447117.0,0.27941650281351393,0.6617931601395349,0.058790337046951115,0.500105365269169,574193.0,-0.2112274881516588,0.17307692307692307,0.29495049504950493,0.8653846153846154,1,1,1,0,1,0,0,0,0
383319,ZA8,Mpumalanga,ZA4,Free State,ZA830,Gert Sibande,ZA419,Thabo Mofutsanyane,2020-10-13,2020-10-13,2,2,2,512984.3257591656,258430.01318789448,36499,20201013,20201013,0.30688245639051287,0.6412288994160756,0.05188864419341153,0.49968312815881616,1136106.0,0.31143326559338835,0.6251823622683981,0.06338437213821363,0.47028720831466336,662829.0,-0.11248741610738255,0.36538461538461536,0.10770218579234972,0.7115384615384616,1,1,1,0,1,0,0,0,0
383320,ZA7,Gauteng,ZA8,Mpumalanga,ZA742,Sedibeng,ZA830,Gert Sibande,2020-10-13,2020-10-14,1,1,1,71180.78198836301,27874.339747273178,18371,20201013,20201014,0.24393339879416723,0.6953819961266214,0.06068460507921129,0.5059130831550246,994997.0,0.30688245639051287,0.6412288994160756,0.05188864419341153,0.49968312815881616,1136106.0,0.2808379746835443,0.8461538461538461,-0.11248741610738255,0.36538461538461536,1,1,1,0,1,0,0,0,0
383321,ZA8,Mpumalanga,ZA7,Gauteng,ZA831,Nkangala,ZA748,West Rand,2020-10-13,2020-10-13,3,3,3,1269133.5788491569,454799.56765132985,106356,20201013,20201013,0.27290691475673784,0.6711806877078121,0.055912397535449986,0.5109201270525474,1573837.0,0.23154887232085752,0.7207832829912092,0.047667844687933295,0.5288128906961219,856804.0,0.07867808219178082,0.6730769230769231,0.23715802469135805,0.8076923076923077,1,1,1,0,1,0,0,0,0
383322,ZA8,Mpumalanga,ZA8,Mpumalanga,ZA832,Ehlanzeni,ZA830,Gert Sibande,2020-10-13,2020-10-14,2,2,2,316913.1515547872,110760.9450316114,53981,20201013,20201014,0.32438893780700045,0.6235217992770762,0.05208926291592337,0.47979089412028486,1837538.0,0.30688245639051287,0.6412288994160756,0.05188864419341153,0.49968312815881616,1136106.0,0.1315940928270042,0.7307692307692307,-0.11248741610738255,0.36538461538461536,1,1,1,0,1,0,0,0,0
383323,ZA1,Western Cape,ZA1,Western Cape,ZA104,Eden,ZA104,Eden,2020-10-13,2020-10-17,1,1,1,928813.0270472048,84768.0796784842,376074,20201013,20201017,0.24710205256745305,0.6628052101466374,0.09009273728590954,0.4993180863678119,673839.0,0.24710205256745305,0.6628052101466374,0.09009273728590954,0.4993180863678119,673839.0,0.0004522691705790296,0.5384615384615384,0.0004522691705790296,0.5384615384615384,1,1,1,0,1,0,0,0,0
383324,ZA7,Gauteng,ZA5,KwaZulu-Natal,ZA799,City of Tshwane,ZA525,Amajuba,2020-10-13,2020-10-13,1,1,1,581537.9713629374,285687.0828246702,16883,20201013,20201013,0.22283079372412132,0.7204843127840075,0.056684893491871245,0.5057337597223363,3627986.0,0.3311353387795859,0.6144200377537888,0.05444462346662529,0.48045773982507545,502731.0,0.48224212034383956,0.9038461538461539,-0.16864155251141552,0.25,1,1,1,0,1,0,0,0,0
383325,ZA5,KwaZulu-Natal,ZA5,KwaZulu-Natal,ZA522,Umgungundlovu,ZA525,Amajuba,2020-10-13,2020-10-13,3,3,3,2029511.58499824,567814.5110948412,74293,20201013,20201013,0.2748377359932372,0.663873035280183,0.06128922872657978,0.48236181888519014,1046905.0,0.3311353387795859,0.6144200377537888,0.05444462346662529,0.48045773982507545,502731.0,0.0061256544502617805,0.5769230769230769,-0.16864155251141552,0.25,1,1,1,0,1,0,0,0,0
383326,ZA2,Eastern Cape,ZA3,Nothern Cape,ZA213,Chris Hani,ZA307,Pixley ka Seme,2020-10-13,2020-10-13,2,2,2,913180.1358567016,222974.4359849284,10788,20201013,20201013,0.334940582305372,0.572656560540376,0.09240285715425203,0.478383232498069,752217.0,0.3060749448635213,0.6232332132979509,0.0706918418385278,0.5011842246002923,196331.0,-0.29251697892271666,0.057692307692307696,0.1854655172413793,0.75,1,1,1,0,1,0,0,0,0
383327,ZA6,North West,ZA6,North West,ZA638,Ngaka Modiri Molema,ZA640,Dr Kenneth Kaunda,2020-10-13,2020-10-14,1,1,1,152535.52076573882,42481.07385761914,23018,20201013,20201014,0.3236353449196357,0.6078801705223251,0.06848448455803925,0.4964769205863341,870971.0,0.27505895171327793,0.6602340041700301,0.06470704411669191,0.5065976875287468,754431.0,-0.18344824707846413,0.23076923076923078,-0.10069384057971015,0.38461538461538464,1,1,1,0,1,0,0,0,0
383328,ZA9,Limpopo,ZA9,Limpopo,ZA934,Vhembe,ZA933,Mopani,2020-10-13,2020-10-14,2,2,2,703088.84504046,103224.50302815031,101372,20201013,20201014,0.3433867460978093,0.5887604530714541,0.06785280083073665,0.4597374214109392,1325089.0,0.3329418650827259,0.6026296126910996,0.06442852222617454,0.46142626187343905,1062666.0,-0.0767829596412556,0.4230769230769231,-0.037928345626975765,0.4807692307692308,1,1,1,0,1,0,0,0,0
383329,ZA7,Gauteng,ZA8,Mpumalanga,ZA748,West Rand,ZA832,Ehlanzeni,2020-10-13,2020-10-13,3,3,3,2582311.703772131,1041546.1948566334,70250,20201013,20201013,0.23154887232085752,0.7207832829912092,0.047667844687933295,0.5288128906961219,856804.0,0.32438893780700045,0.6235217992770762,0.05208926291592337,0.47979089412028486,1837538.0,0.23715802469135805,0.8076923076923077,0.1315940928270042,0.7307692307692307,1,1,1,0,1,0,0,0,0
383330,ZA1,Western Cape,ZA7,Gauteng,ZA104,Eden,ZA797,Ekurhuleni,2020-10-13,2020-10-13,5,5,4,10075494.449993951,5192221.65871183,45909,20201013,20201013,0.24710205256745305,0.6628052101466374,0.09009273728590954,0.4993180863678119,673839.0,0.23296733680905687,0.7203157619169479,0.04671690127399521,0.5205474946472306,3739653.0,0.0004522691705790296,0.5384615384615384,0.7435109289617486,0.9615384615384616,1,1,1,0,1,0,0,0,0
383331,ZA5,KwaZulu-Natal,ZA8,Mpumalanga,ZA595,eThekwini,ZA831,Nkangala,2020-10-13,2020-10-30,1,1,1,455838.5786214856,452970.1209760877,1522988,20201013,20201030,0.2446364969883556,0.6990922562931536,0.05627124671849075,0.494610924976595,3587907.0,0.27290691475673784,0.6711806877078121,0.055912397535449986,0.5109201270525474,1573837.0,0.5666580406654343,0.9230769230769231,0.07867808219178082,0.6730769230769231,1,1,1,0,1,0,0,0,0
383332,ZA7,Gauteng,ZA7,Gauteng,ZA799,City of Tshwane,ZA799,City of Tshwane,2020-10-13,2020-10-16,1,1,1,1068216.5660168717,774.7137859838582,269074,20201013,20201016,0.22283079372412132,0.7204843127840075,0.056684893491871245,0.5057337597223363,3627986.0,0.22283079372412132,0.7204843127840075,0.056684893491871245,0.5057337597223363,3627986.0,0.48224212034383956,0.9038461538461539,0.48224212034383956,0.9038461538461539,1,1,1,0,1,0,0,0,0
383333,ZA1,Western Cape,ZA7,Gauteng,ZA104,Eden,ZA798,City of Johannesburg,2020-10-13,2020-10-18,1,1,1,1666144.226391682,1027483.1734147376,442001,20201013,20201018,0.24710205256745305,0.6628052101466374,0.09009273728590954,0.4993180863678119,673839.0,0.2220629170143196,0.7299897648810346,0.047947318104645836,0.5097433964893054,5540727.0,0.0004522691705790296,0.5384615384615384,0.8818060606060606,1.0,1,1,1,0,1,0,0,0,0
383334,ZA3,Nothern Cape,ZA1,Western Cape,ZA306,Namakwa,ZA101,West Coast,2020-10-13,2020-10-14,1,1,1,136579.77267715483,67014.46807081402,14949,20201013,20201014,0.2479438366342976,0.6592106724059887,0.09284549095971371,0.5132337492633683,117087.0,0.24466466325617858,0.6852166396976793,0.0701186970461421,0.5060695297345649,497485.0,0.06505633802816901,0.6153846153846154,-0.12079976303317536,0.34615384615384615,1,1,1,0,1,0,0,0,0
383335,ZA2,Eastern Cape,ZA2,Eastern Cape,ZA244,Alfred Nzo,ZA215,O.R.Tambo,2020-10-13,2020-10-18,1,1,1,289744.92555568257,159349.05368425988,388384,20201013,20201018,0.40782127157510134,0.5221222097470932,0.07005651867780548,0.4576553946475353,788235.0,0.38804558548824664,0.5482866433400703,0.06366777117168307,0.4623163104135049,1358678.0,-0.27396673320026615,0.11538461538461539,-0.23807536101083035,0.1346153846153846,1,1,1,0,1,0,0,0,0
383336,ZA7,Gauteng,ZA8,Mpumalanga,ZA798,City of Johannesburg,ZA831,Nkangala,2020-10-13,2020-10-14,2,2,2,559976.4787066779,237902.8746237887,70671,20201013,20201014,0.2220629170143196,0.7299897648810346,0.047947318104645836,0.5097433964893054,5540727.0,0.27290691475673784,0.6711806877078121,0.055912397535449986,0.5109201270525474,1573837.0,0.8818060606060606,1.0,0.07867808219178082,0.6730769230769231,1,1,1,0,1,0,0,0,0
383337,ZA7,Gauteng,ZA1,Western Cape,ZA797,Ekurhuleni,ZA102,Cape Winelands,2020-10-13,2020-10-13,5,5,5,7763130.42706633,6244611.451239418,133355,20201013,20201013,0.23296733680905687,0.7203157619169479,0.04671690127399521,0.5205474946472306,3739653.0,0.24989252608235304,0.6902123420738123,0.059895131843834624,0.5011121214086944,909523.0,0.7435109289617486,0.9615384615384616,-0.012388831437435367,0.5192307692307693,1,1,1,0,1,0,0,0,0
383338,ZA5,KwaZulu-Natal,ZA5,KwaZulu-Natal,ZA595,eThekwini,ZA522,Umgungundlovu,2020-10-13,2020-10-30,1,1,1,115368.14634680709,115368.14634680709,1494206,20201013,20201030,0.2446364969883556,0.6990922562931536,0.05627124671849075,0.494610924976595,3587907.0,0.2748377359932372,0.663873035280183,0.06128922872657978,0.48236181888519014,1046905.0,0.5666580406654343,0.9230769230769231,0.0061256544502617805,0.5769230769230769,1,1,1,0,1,0,0,0,0
383339,ZA1,Western Cape,ZA3,Nothern Cape,ZA102,Cape Winelands,ZA307,Pixley ka Seme,2020-10-13,2020-10-13,2,2,2,3571955.7713585,1236695.080534631,83712,20201013,20201013,0.24989252608235304,0.6902123420738123,0.059895131843834624,0.5011121214086944,909523.0,0.3060749448635213,0.6232332132979509,0.0706918418385278,0.5011842246002923,196331.0,-0.012388831437435367,0.5192307692307693,0.1854655172413793,0.75,1,1,1,0,1,0,0,0,0
383340,ZA5,KwaZulu-Natal,ZA8,Mpumalanga,ZA529,iLembe,ZA832,Ehlanzeni,2020-10-13,2020-10-14,1,1,1,934333.6593709454,467156.1904883505,7952,20201013,20201014,0.32390440311621094,0.6202867780885334,0.05580881879525565,0.4827645772056803,636799.0,0.32438893780700045,0.6235217992770762,0.05208926291592337,0.47979089412028486,1837538.0,-0.14951617873651774,0.28846153846153844,0.1315940928270042,0.7307692307692307,1,1,1,0,1,0,0,0,0
383341,ZA5,KwaZulu-Natal,ZA5,KwaZulu-Natal,ZA523,Uthukela,ZA529,iLembe,2020-10-13,2020-10-13,1,1,1,704480.9623149309,274377.1094666548,11284,20201013,20201013,0.36014331224838336,0.5864396074090654,0.05341708034255123,0.46782833191779016,652282.0,0.32390440311621094,0.6202867780885334,0.05580881879525565,0.4827645772056803,636799.0,-0.19841226215644822,0.19230769230769232,-0.14951617873651774,0.28846153846153844,1,1,1,0,1,0,0,0,0
383342,ZA9,Limpopo,ZA2,Eastern Cape,ZA936,Waterberg,ZA210,Cacadu,2020-10-13,2020-10-13,1,1,1,2175433.0783972437,1064205.4493745212,33093,20201013,20201013,0.2870915348782833,0.6477210572390478,0.06518740788266879,0.5138960603357211,718513.0,0.2618455236218228,0.6571170870354837,0.08103738934269357,0.4975242081945451,491156.0,0.00236898395721925,0.5576923076923077,-0.01848062015503876,0.5,1,1,1,0,1,0,0,0,0
383343,ZA5,KwaZulu-Natal,ZA6,North West,ZA521,Ugu,ZA638,Ngaka Modiri Molema,2020-10-13,2020-10-13,1,1,1,1671464.0359383258,872324.4563756925,72256,20201013,20201013,0.32122674606698143,0.6016982741355622,0.07707497979745637,0.47391596021954596,714019.0,0.3236353449196357,0.6078801705223251,0.06848448455803925,0.4964769205863341,870971.0,-0.09480895915678524,0.40384615384615385,-0.18344824707846413,0.23076923076923078,1,1,1,0,1,0,0,0,0
383344,ZA1,Western Cape,ZA1,Western Cape,ZA103,Overberg,ZA104,Eden,2020-10-13,2020-10-14,1,1,1,1139013.5949705148,316947.53569389106,76955,20201013,20201014,0.22836513904770692,0.6721314716747349,0.09950338927755827,0.511077351980676,303457.0,0.24710205256745305,0.6628052101466374,0.09009273728590954,0.4993180863678119,673839.0,0.051486772486772484,0.5961538461538461,0.0004522691705790296,0.5384615384615384,1,1,1,0,1,0,0,0,0
383345,ZA7,Gauteng,ZA6,North West,ZA798,City of Johannesburg,ZA638,Ngaka Modiri Molema,2020-10-13,2020-10-13,7,7,7,3192811.3178776107,1608411.21063876,213889,20201013,20201013,0.2220629170143196,0.7299897648810346,0.047947318104645836,0.5097433964893054,5540727.0,0.3236353449196357,0.6078801705223251,0.06848448455803925,0.4964769205863341,870971.0,0.8818060606060606,1.0,-0.18344824707846413,0.23076923076923078,1,1,1,0,1,0,0,0,0
383346,ZA1,Western Cape,ZA5,KwaZulu-Natal,ZA191,City of Cape Town,ZA595,eThekwini,2020-10-13,2020-10-13,7,7,7,15772304.798586808,8954351.889350878,202060,20201013,20201013,0.23849582985172932,0.697186217784503,0.06431795236376775,0.4976008771049945,4436413.0,0.2446364969883556,0.6990922562931536,0.05627124671849075,0.494610924976595,3587907.0,0.7687640750670242,0.9807692307692307,0.5666580406654343,0.9230769230769231,1,1,1,0,1,0,0,0,0
383347,ZA8,Mpumalanga,ZA9,Limpopo,ZA832,Ehlanzeni,ZA936,Waterberg,2020-10-13,2020-10-13,1,1,1,601831.4373025927,279437.3323200786,60986,20201013,20201013,0.32438893780700045,0.6235217992770762,0.05208926291592337,0.47979089412028486,1837538.0,0.2870915348782833,0.6477210572390478,0.06518740788266879,0.5138960603357211,718513.0,0.1315940928270042,0.7307692307692307,0.00236898395721925,0.5576923076923077,1,1,1,0,1,0,0,0,0
383349,ZA4,Free State,ZA4,Free State,ZA419,Thabo Mofutsanyane,ZA420,Fezile Dabi,2020-10-13,2020-10-17,1,1,1,461557.0970749618,188847.3566504337,384096,20201013,20201017,0.31143326559338835,0.6251823622683981,0.06338437213821363,0.47028720831466336,662829.0,0.2705098118551487,0.6604572122193,0.06903297592555128,0.5050070807202104,494300.0,0.10770218579234972,0.7115384615384616,0.2276555023923445,0.7884615384615384,1,1,1,0,1,0,0,0,0
383350,ZA6,North West,ZA9,Limpopo,ZA640,Dr Kenneth Kaunda,ZA936,Waterberg,2020-10-13,2020-10-14,1,1,1,477126.269831831,245570.9571790688,38492,20201013,20201014,0.27505895171327793,0.6602340041700301,0.06470704411669191,0.5065976875287468,754431.0,0.2870915348782833,0.6477210572390478,0.06518740788266879,0.5138960603357211,718513.0,-0.10069384057971015,0.38461538461538464,0.00236898395721925,0.5576923076923077,1,1,1,0,1,0,0,0,0
383351,ZA7,Gauteng,ZA5,KwaZulu-Natal,ZA797,Ekurhuleni,ZA523,Uthukela,2020-10-13,2020-10-25,1,1,1,302889.28353682056,302889.28353682056,1081763,20201013,20201025,0.23296733680905687,0.7203157619169479,0.04671690127399521,0.5205474946472306,3739653.0,0.36014331224838336,0.5864396074090654,0.05341708034255123,0.46782833191779016,652282.0,0.7435109289617486,0.9615384615384616,-0.19841226215644822,0.19230769230769232,1,1,1,0,1,0,0,0,0
383352,ZA5,KwaZulu-Natal,ZA1,Western Cape,ZA526,Zululand,ZA191,City of Cape Town,2020-10-13,2020-10-13,1,1,1,4341548.974098417,1445882.7784818655,5117,20201013,20201013,0.392497537624586,0.5542130860581069,0.053289376317307055,0.4651401640222711,783796.0,0.23849582985172932,0.697186217784503,0.06431795236376775,0.4976008771049945,4436413.0,-0.2762355212355212,0.09615384615384616,0.7687640750670242,0.9807692307692307,1,1,1,0,1,0,0,0,0
383353,ZA1,Western Cape,ZA5,KwaZulu-Natal,ZA101,West Coast,ZA595,eThekwini,2020-10-13,2020-10-13,1,1,1,2961270.9854494883,1346481.0903638983,36498,20201013,20201013,0.24466466325617858,0.6852166396976793,0.0701186970461421,0.5060695297345649,497485.0,0.2446364969883556,0.6990922562931536,0.05627124671849075,0.494610924976595,3587907.0,-0.12079976303317536,0.34615384615384615,0.5666580406654343,0.9230769230769231,1,1,1,0,1,0,0,0,0
383354,ZA3,Nothern Cape,ZA6,North West,ZA345,John Taolo Gaetsewe,ZA639,Dr Ruth Segomotsi Mompati,2020-10-13,2020-10-13,5,5,5,1868896.9294990185,552274.0467919167,117086,20201013,20201013,0.31986957060536586,0.628082594956317,0.05204783443831712,0.4959027820806741,258224.0,0.3412335579082451,0.5850872971649528,0.07367914492680208,0.4911837461796937,473784.0,-0.13480926430517712,0.3076923076923077,-0.16626678765880218,0.2692307692307692,1,1,1,0,1,0,0,0,0
383355,ZA5,KwaZulu-Natal,ZA5,KwaZulu-Natal,ZA521,Ugu,ZA522,Umgungundlovu,2020-10-13,2020-10-13,5,5,5,936949.9406693662,553113.734179314,85151,20201013,20201013,0.32122674606698143,0.6016982741355622,0.07707497979745637,0.47391596021954596,714019.0,0.2748377359932372,0.663873035280183,0.06128922872657978,0.48236181888519014,1046905.0,-0.09480895915678524,0.40384615384615385,0.0061256544502617805,0.5769230769230769,1,1,1,0,1,0,0,0,0
383356,ZA5,KwaZulu-Natal,ZA1,Western Cape,ZA523,Uthukela,ZA104,Eden,2020-10-13,2020-10-22,1,1,1,879950.6552646011,879814.7956297903,711108,20201013,20201022,0.36014331224838336,0.5864396074090654,0.05341708034255123,0.46782833191779016,652282.0,0.24710205256745305,0.6628052101466374,0.09009273728590954,0.4993180863678119,673839.0,-0.19841226215644822,0.19230769230769232,0.0004522691705790296,0.5384615384615384,1,1,1,0,1,0,0,0,0
383357,ZA3,Nothern Cape,ZA5,KwaZulu-Natal,ZA309,Frances Baard,ZA595,eThekwini,2020-10-13,2020-10-31,1,1,1,651082.9113658464,650622.2758561135,1583555,20201013,20201031,0.2860169290028057,0.6497360787483951,0.06424699224879928,0.49189928194398214,420580.0,0.2446364969883556,0.6990922562931536,0.05627124671849075,0.494610924976595,3587907.0,0.29907801418439717,0.8846153846153846,0.5666580406654343,0.9230769230769231,1,1,1,0,1,0,0,0,0
383358,ZA1,Western Cape,ZA2,Eastern Cape,ZA191,City of Cape Town,ZA293,Nelson Mandela Bay,2020-10-13,2020-10-14,1,1,1,2815325.470820738,669241.182424924,85451,20201013,20201014,0.23849582985172932,0.697186217784503,0.06431795236376775,0.4976008771049945,4436413.0,0.2465186661259611,0.6842154879637478,0.0692658459102911,0.4877654529777138,1230491.0,0.7687640750670242,0.9807692307692307,0.5740514018691588,0.9423076923076923,1,1,1,0,1,0,0,0,0
383359,ZA8,Mpumalanga,ZA5,KwaZulu-Natal,ZA832,Ehlanzeni,ZA528,Uthungulu,2020-10-13,2020-10-13,1,1,1,418373.920675949,399888.67915151536,13228,20201013,20201013,0.32438893780700045,0.6235217992770762,0.05208926291592337,0.47979089412028486,1837538.0,0.3398562749304085,0.6096443299200878,0.05049939514950375,0.4759701217345943,889476.0,0.1315940928270042,0.7307692307692307,-0.2202014106583072,0.15384615384615385,1,1,1,0,1,0,0,0,0
383360,ZA4,Free State,ZA4,Free State,ZA416,Xhariep,ZA494,Mangaung,2020-10-13,2020-10-14,1,1,1,130775.04789062806,65387.52394531403,22501,20201013,20201014,0.29515218562959183,0.6325513667867511,0.07229644758365718,0.5005153225730198,105759.0,0.26262942751272955,0.6754982029249197,0.06187236956235082,0.4901411892511804,826621.0,0.18671264367816093,0.7692307692307693,0.27329104477611943,0.8269230769230769,1,1,1,0,1,0,0,0,0
383361,ZA9,Limpopo,ZA7,Gauteng,ZA935,Capricorn,ZA798,City of Johannesburg,2020-10-13,2020-10-13,3,3,3,1611551.748680679,984975.7006073412,51002,20201013,20201013,0.3265897738288558,0.6007690312860821,0.07264119488506209,0.472231826966417,1295656.0,0.2220629170143196,0.7299897648810346,0.047947318104645836,0.5097433964893054,5540727.0,0.07397387387387387,0.6346153846153846,0.8818060606060606,1.0,1,1,1,0,1,0,0,0,0
383362,ZA5,KwaZulu-Natal,ZA4,Free State,ZA522,Umgungundlovu,ZA494,Mangaung,2020-10-13,2020-10-13,1,1,1,1000206.5067473073,496381.93462315487,20307,20201013,20201013,0.2748377359932372,0.663873035280183,0.06128922872657978,0.48236181888519014,1046905.0,0.26262942751272955,0.6754982029249197,0.06187236956235082,0.4901411892511804,826621.0,0.0061256544502617805,0.5769230769230769,0.27329104477611943,0.8269230769230769,1,1,1,0,1,0,0,0,0
383363,ZA5,KwaZulu-Natal,ZA7,Gauteng,ZA595,eThekwini,ZA742,Sedibeng,2020-10-13,2020-10-17,1,1,1,959895.9225221656,479746.5200533641,357341,20201013,20201017,0.2446364969883556,0.6990922562931536,0.05627124671849075,0.494610924976595,3587907.0,0.24393339879416723,0.6953819961266214,0.06068460507921129,0.5059130831550246,994997.0,0.5666580406654343,0.9230769230769231,0.2808379746835443,0.8461538461538461,1,1,1,0,1,0,0,0,0
383364,ZA7,Gauteng,ZA5,KwaZulu-Natal,ZA798,City of Johannesburg,ZA522,Umgungundlovu,2020-10-13,2020-10-13,2,2,2,1864722.4665598515,839405.2175669814,62734,20201013,20201013,0.2220629170143196,0.7299897648810346,0.047947318104645836,0.5097433964893054,5540727.0,0.2748377359932372,0.663873035280183,0.06128922872657978,0.48236181888519014,1046905.0,0.8818060606060606,1.0,0.0061256544502617805,0.5769230769230769,1,1,1,0,1,0,0,0,0
383365,ZA4,Free State,ZA2,Eastern Cape,ZA418,Lejweleputswa,ZA210,Cacadu,2020-10-13,2020-10-13,1,1,1,1172751.6127872209,688760.3616848581,34270,20201013,20201013,0.27941650281351393,0.6617931601395349,0.058790337046951115,0.500105365269169,574193.0,0.2618455236218228,0.6571170870354837,0.08103738934269357,0.4975242081945451,491156.0,0.29495049504950493,0.8653846153846154,-0.01848062015503876,0.5,1,1,1,0,1,0,0,0,0
383366,ZA5,KwaZulu-Natal,ZA5,KwaZulu-Natal,ZA526,Zululand,ZA527,Umkhanyakude,2020-10-13,2020-10-13,6,6,6,2643986.558163435,862830.4017912466,90032,20201013,20201013,0.392497537624586,0.5542130860581069,0.053289376317307055,0.4651401640222711,783796.0,0.40017378652548197,0.5489306999026919,0.05089551357182606,0.4622270789873748,643318.0,-0.2762355212355212,0.09615384615384616,-0.31784377542717657,0.038461538461538464,1,1,1,0,1,0,0,0,0
383367,ZA5,KwaZulu-Natal,ZA5,KwaZulu-Natal,ZA595,eThekwini,ZA525,Amajuba,2020-10-13,2020-10-13,3,3,3,1738530.5865679025,785741.3894590391,73609,20201013,20201013,0.2446364969883556,0.6990922562931536,0.05627124671849075,0.494610924976595,3587907.0,0.3311353387795859,0.6144200377537888,0.05444462346662529,0.48045773982507545,502731.0,0.5666580406654343,0.9230769230769231,-0.16864155251141552,0.25,1,1,1,0,1,0,0,0,0
383368,ZA1,Western Cape,ZA1,Western Cape,ZA105,Central Karoo,ZA104,Eden,2020-10-13,2020-10-13,1,1,1,206743.4434696776,92137.84214971335,29710,20201013,20201013,0.29415328297801036,0.633639246216906,0.07220747080508365,0.4979247763656518,77582.0,0.24710205256745305,0.6628052101466374,0.09009273728590954,0.4993180863678119,673839.0,-0.12604477611940298,0.3269230769230769,0.0004522691705790296,0.5384615384615384,1,1,1,0,1,0,0,0,0
383369,ZA8,Mpumalanga,ZA9,Limpopo,ZA832,Ehlanzeni,ZA933,Mopani,2020-10-13,2020-10-16,1,1,1,340925.8561969357,168669.90380849663,289914,20201013,20201016,0.32438893780700045,0.6235217992770762,0.05208926291592337,0.47979089412028486,1837538.0,0.3329418650827259,0.6026296126910996,0.06442852222617454,0.46142626187343905,1062666.0,0.1315940928270042,0.7307692307692307,-0.037928345626975765,0.4807692307692308,1,1,1,0,1,0,0,0,0
383370,ZA7,Gauteng,ZA2,Eastern Cape,ZA742,Sedibeng,ZA213,Chris Hani,2020-10-13,2020-10-13,1,1,1,1894047.267548659,737658.0740626382,35565,20201013,20201013,0.24393339879416723,0.6953819961266214,0.06068460507921129,0.5059130831550246,994997.0,0.334940582305372,0.572656560540376,0.09240285715425203,0.478383232498069,752217.0,0.2808379746835443,0.8461538461538461,-0.29251697892271666,0.057692307692307696,1,1,1,0,1,0,0,0,0
383371,ZA8,Mpumalanga,ZA5,KwaZulu-Natal,ZA830,Gert Sibande,ZA526,Zululand,2020-10-13,2020-10-14,1,1,1,109881.29553460098,7610.297005923868,24395,20201013,20201014,0.30688245639051287,0.6412288994160756,0.05188864419341153,0.49968312815881616,1136106.0,0.392497537624586,0.5542130860581069,0.053289376317307055,0.4651401640222711,783796.0,-0.11248741610738255,0.36538461538461536,-0.2762355212355212,0.09615384615384616,1,1,1,0,1,0,0,0,0
383372,ZA6,North West,ZA7,Gauteng,ZA640,Dr Kenneth Kaunda,ZA748,West Rand,2020-10-13,2020-10-17,1,1,1,181504.1376792524,87656.50958217477,292391,20201013,20201017,0.27505895171327793,0.6602340041700301,0.06470704411669191,0.5065976875287468,754431.0,0.23154887232085752,0.7207832829912092,0.047667844687933295,0.5288128906961219,856804.0,-0.10069384057971015,0.38461538461538464,0.23715802469135805,0.8076923076923077,1,1,1,0,1,0,0,0,0
383373,ZA6,North West,ZA9,Limpopo,ZA637,Bojanala,ZA936,Waterberg,2020-10-13,2020-10-15,1,1,1,254305.14094859108,120797.43073242607,201892,20201013,20201015,0.25082919250139085,0.6903465537718604,0.05882425372674875,0.5380589003726469,1786678.0,0.2870915348782833,0.6477210572390478,0.06518740788266879,0.5138960603357211,718513.0,0.07430676328502415,0.6538461538461539,0.00236898395721925,0.5576923076923077,1,1,1,0,1,0,0,0,0
383374,ZA2,Eastern Cape,ZA2,Eastern Cape,ZA293,Nelson Mandela Bay,ZA212,Amathole,2020-10-13,2020-10-18,1,1,1,349477.84284048167,155375.942156462,369210,20201013,20201018,0.2465186661259611,0.6842154879637478,0.0692658459102911,0.4877654529777138,1230491.0,0.32816698449842097,0.5696178168124134,0.1022151986891656,0.47434426623917664,789726.0,0.5740514018691588,0.9423076923076923,-0.3192883211678832,0.019230769230769232,1,1,1,0,1,0,0,0,0
383375,ZA5,KwaZulu-Natal,ZA5,KwaZulu-Natal,ZA529,iLembe,ZA522,Umgungundlovu,2020-10-13,2020-10-14,1,1,1,109689.89881166846,50110.31097957624,16136,20201013,20201014,0.32390440311621094,0.6202867780885334,0.05580881879525565,0.4827645772056803,636799.0,0.2748377359932372,0.663873035280183,0.06128922872657978,0.48236181888519014,1046905.0,-0.14951617873651774,0.28846153846153844,0.0061256544502617805,0.5769230769230769,1,1,1,0,1,0,0,0,0
383376,ZA1,Western Cape,ZA7,Gauteng,ZA191,City of Cape Town,ZA748,West Rand,2020-10-13,2020-10-13,1,1,1,2877066.687507011,1428417.933219356,40219,20201013,20201013,0.23849582985172932,0.697186217784503,0.06431795236376775,0.4976008771049945,4436413.0,0.23154887232085752,0.7207832829912092,0.047667844687933295,0.5288128906961219,856804.0,0.7687640750670242,0.9807692307692307,0.23715802469135805,0.8076923076923077,1,1,1,0,1,0,0,0,0
383377,ZA1,Western Cape,ZA7,Gauteng,ZA104,Eden,ZA799,City of Tshwane,2020-10-13,2020-10-13,3,3,3,6575465.970438693,3242250.5815177336,118516,20201013,20201013,0.24710205256745305,0.6628052101466374,0.09009273728590954,0.4993180863678119,673839.0,0.22283079372412132,0.7204843127840075,0.056684893491871245,0.5057337597223363,3627986.0,0.0004522691705790296,0.5384615384615384,0.48224212034383956,0.9038461538461539,1,1,1,0,1,0,0,0,0
383378,ZA3,Nothern Cape,ZA1,Western Cape,ZA306,Namakwa,ZA101,West Coast,2020-10-13,2020-10-16,1,1,1,603956.1891013113,225435.69956539903,307844,20201013,20201016,0.2479438366342976,0.6592106724059887,0.09284549095971371,0.5132337492633683,117087.0,0.24466466325617858,0.6852166396976793,0.0701186970461421,0.5060695297345649,497485.0,0.06505633802816901,0.6153846153846154,-0.12079976303317536,0.34615384615384615,1,1,1,0,1,0,0,0,0
383379,ZA6,North West,ZA8,Mpumalanga,ZA640,Dr Kenneth Kaunda,ZA830,Gert Sibande,2020-10-13,2020-10-13,1,1,1,568758.1823609455,284418.89461528126,44649,20201013,20201013,0.27505895171327793,0.6602340041700301,0.06470704411669191,0.5065976875287468,754431.0,0.30688245639051287,0.6412288994160756,0.05188864419341153,0.49968312815881616,1136106.0,-0.10069384057971015,0.38461538461538464,-0.11248741610738255,0.36538461538461536,1,1,1,0,1,0,0,0,0
383380,ZA5,KwaZulu-Natal,ZA5,KwaZulu-Natal,ZA543,Sisonke,ZA595,eThekwini,2020-10-13,2020-10-13,2,2,2,420222.54888216045,197959.58676858895,19687,20201013,20201013,0.37293146983899067,0.5707096800166399,0.05635885014436937,0.4671305273563743,447117.0,0.2446364969883556,0.6990922562931536,0.05627124671849075,0.494610924976595,3587907.0,-0.2112274881516588,0.17307692307692307,0.5666580406654343,0.9230769230769231,1,1,1,0,1,0,0,0,0
383381,ZA7,Gauteng,ZA9,Limpopo,ZA798,City of Johannesburg,ZA936,Waterberg,2020-10-13,2020-10-30,1,1,1,266567.48965068854,130110.99830226666,1490717,20201013,20201030,0.2220629170143196,0.7299897648810346,0.047947318104645836,0.5097433964893054,5540727.0,0.2870915348782833,0.6477210572390478,0.06518740788266879,0.5138960603357211,718513.0,0.8818060606060606,1.0,0.00236898395721925,0.5576923076923077,1,1,1,0,1,0,0,0,0
383382,ZA4,Free State,ZA3,Nothern Cape,ZA494,Mangaung,ZA345,John Taolo Gaetsewe,2020-10-13,2020-10-13,2,2,2,1505902.033756136,728912.8661319463,72817,20201013,20201013,0.26262942751272955,0.6754982029249197,0.06187236956235082,0.4901411892511804,826621.0,0.31986957060536586,0.628082594956317,0.05204783443831712,0.4959027820806741,258224.0,0.27329104477611943,0.8269230769230769,-0.13480926430517712,0.3076923076923077,1,1,1,0,1,0,0,0,0
383383,ZA9,Limpopo,ZA9,Limpopo,ZA935,Capricorn,ZA947,Sekhukhune,2020-10-13,2020-10-17,1,1,1,453177.7154000454,195213.24521784167,358013,20201013,20201017,0.3265897738288558,0.6007690312860821,0.07264119488506209,0.472231826966417,1295656.0,0.3536917516859454,0.5707075150199985,0.07560073329405607,0.46486328935523974,1125333.0,0.07397387387387387,0.6346153846153846,-0.06015677966101695,0.4423076923076923,1,1,1,0,1,0,0,0,0
383384,ZA2,Eastern Cape,ZA2,Eastern Cape,ZA293,Nelson Mandela Bay,ZA293,Nelson Mandela Bay,2020-10-13,2020-10-16,1,1,1,3424.078286641692,1712.039143320846,291921,20201013,20201016,0.2465186661259611,0.6842154879637478,0.0692658459102911,0.4877654529777138,1230491.0,0.2465186661259611,0.6842154879637478,0.0692658459102911,0.4877654529777138,1230491.0,0.5740514018691588,0.9423076923076923,0.5740514018691588,0.9423076923076923,1,1,1,0,1,0,0,0,0
383385,ZA3,Nothern Cape,ZA7,Gauteng,ZA307,Pixley ka Seme,ZA799,City of Tshwane,2020-10-13,2020-10-13,4,4,4,7527387.027099994,2462026.895400089,141919,20201013,20201013,0.3060749448635213,0.6232332132979509,0.0706918418385278,0.5011842246002923,196331.0,0.22283079372412132,0.7204843127840075,0.056684893491871245,0.5057337597223363,3627986.0,0.1854655172413793,0.75,0.48224212034383956,0.9038461538461539,1,1,1,0,1,0,0,0,0
383386,ZA9,Limpopo,ZA9,Limpopo,ZA936,Waterberg,ZA936,Waterberg,2020-10-13,2020-10-16,1,1,1,301069.0515258833,101816.98623478632,281654,20201013,20201016,0.2870915348782833,0.6477210572390478,0.06518740788266879,0.5138960603357211,718513.0,0.2870915348782833,0.6477210572390478,0.06518740788266879,0.5138960603357211,718513.0,0.00236898395721925,0.5576923076923077,0.00236898395721925,0.5576923076923077,1,1,1,0,1,0,0,0,0
383387,ZA5,KwaZulu-Natal,ZA2,Eastern Cape,ZA522,Umgungundlovu,ZA213,Chris Hani,2020-10-13,2020-10-14,1,1,1,831599.5716395598,800510.3755696097,51743,20201013,20201014,0.2748377359932372,0.663873035280183,0.06128922872657978,0.48236181888519014,1046905.0,0.334940582305372,0.572656560540376,0.09240285715425203,0.478383232498069,752217.0,0.0061256544502617805,0.5769230769230769,-0.29251697892271666,0.057692307692307696,1,1,1,0,1,0,0,0,0
383388,ZA4,Free State,ZA1,Western Cape,ZA494,Mangaung,ZA105,Central Karoo,2020-10-13,2020-10-13,2,2,2,5549539.426139378,1053986.6356495891,65703,20201013,20201013,0.26262942751272955,0.6754982029249197,0.06187236956235082,0.4901411892511804,826621.0,0.29415328297801036,0.633639246216906,0.07220747080508365,0.4979247763656518,77582.0,0.27329104477611943,0.8269230769230769,-0.12604477611940298,0.3269230769230769,1,1,1,0,1,0,0,0,0
383389,ZA4,Free State,ZA2,Eastern Cape,ZA418,Lejweleputswa,ZA213,Chris Hani,2020-10-13,2020-10-13,1,1,1,2384924.096770857,518390.77949142735,31238,20201013,20201013,0.27941650281351393,0.6617931601395349,0.058790337046951115,0.500105365269169,574193.0,0.334940582305372,0.572656560540376,0.09240285715425203,0.478383232498069,752217.0,0.29495049504950493,0.8653846153846154,-0.29251697892271666,0.057692307692307696,1,1,1,0,1,0,0,0,0
383390,ZA9,Limpopo,ZA7,Gauteng,ZA947,Sekhukhune,ZA798,City of Johannesburg,2020-10-13,2020-10-13,2,2,2,1125378.4083694457,463543.7638701363,25437,20201013,20201013,0.3536917516859454,0.5707075150199985,0.07560073329405607,0.46486328935523974,1125333.0,0.2220629170143196,0.7299897648810346,0.047947318104645836,0.5097433964893054,5540727.0,-0.06015677966101695,0.4423076923076923,0.8818060606060606,1.0,1,1,1,0,1,0,0,0,0
383391,ZA8,Mpumalanga,ZA8,Mpumalanga,ZA831,Nkangala,ZA830,Gert Sibande,2020-10-13,2020-10-24,1,1,1,193535.47142613897,191819.91847324208,976998,20201013,20201024,0.27290691475673784,0.6711806877078121,0.055912397535449986,0.5109201270525474,1573837.0,0.30688245639051287,0.6412288994160756,0.05188864419341153,0.49968312815881616,1136106.0,0.07867808219178082,0.6730769230769231,-0.11248741610738255,0.36538461538461536,1,1,1,0,1,0,0,0,0
383392,ZA3,Nothern Cape,ZA3,Nothern Cape,ZA308,Z F Mgcawu,ZA308,Z F Mgcawu,2020-10-13,2020-10-17,1,1,1,252904.2677483316,126376.25613830137,273665,20201013,20201017,0.27601757542529287,0.6641943181028425,0.059788106471864645,0.5142626583989065,258998.0,0.27601757542529287,0.6641943181028425,0.059788106471864645,0.5142626583989065,258998.0,-0.04016603773584906,0.46153846153846156,-0.04016603773584906,0.46153846153846156,1,1,1,0,1,0,0,0,0
383393,ZA7,Gauteng,ZA6,North West,ZA798,City of Johannesburg,ZA637,Bojanala,2020-10-13,2020-10-14,4,4,4,452964.9266733483,193787.13601424135,106665,20201013,20201014,0.2220629170143196,0.7299897648810346,0.047947318104645836,0.5097433964893054,5540727.0,0.25082919250139085,0.6903465537718604,0.05882425372674875,0.5380589003726469,1786678.0,0.8818060606060606,1.0,0.07430676328502415,0.6538461538461539,1,1,1,0,1,0,0,0,0
383394,ZA4,Free State,ZA7,Gauteng,ZA418,Lejweleputswa,ZA799,City of Tshwane,2020-10-13,2020-10-24,1,1,1,652553.3701122248,321222.56399988086,919484,20201013,20201024,0.27941650281351393,0.6617931601395349,0.058790337046951115,0.500105365269169,574193.0,0.22283079372412132,0.7204843127840075,0.056684893491871245,0.5057337597223363,3627986.0,0.29495049504950493,0.8653846153846154,0.48224212034383956,0.9038461538461539,1,1,1,0,1,0,0,0,0
383395,ZA3,Nothern Cape,ZA3,Nothern Cape,ZA309,Frances Baard,ZA309,Frances Baard,2020-10-13,2020-10-25,1,1,1,179236.5509143839,179236.5509143839,1082760,20201013,20201025,0.2860169290028057,0.6497360787483951,0.06424699224879928,0.49189928194398214,420580.0,0.2860169290028057,0.6497360787483951,0.06424699224879928,0.49189928194398214,420580.0,0.29907801418439717,0.8846153846153846,0.29907801418439717,0.8846153846153846,1,1,1,0,1,0,0,0,0
383396,ZA7,Gauteng,ZA9,Limpopo,ZA797,Ekurhuleni,ZA935,Capricorn,2020-10-13,2020-10-14,1,1,1,554381.1417115089,277285.2420667551,78114,20201013,20201014,0.23296733680905687,0.7203157619169479,0.04671690127399521,0.5205474946472306,3739653.0,0.3265897738288558,0.6007690312860821,0.07264119488506209,0.472231826966417,1295656.0,0.7435109289617486,0.9615384615384616,0.07397387387387387,0.6346153846153846,1,1,1,0,1,0,0,0,0
383397,ZA7,Gauteng,ZA9,Limpopo,ZA797,Ekurhuleni,ZA933,Mopani,2020-10-13,2020-10-13,1,1,1,2601920.701268753,332499.15789340937,31002,20201013,20201013,0.23296733680905687,0.7203157619169479,0.04671690127399521,0.5205474946472306,3739653.0,0.3329418650827259,0.6026296126910996,0.06442852222617454,0.46142626187343905,1062666.0,0.7435109289617486,0.9615384615384616,-0.037928345626975765,0.4807692307692308,1,1,1,0,1,0,0,0,0
383398,ZA9,Limpopo,ZA8,Mpumalanga,ZA935,Capricorn,ZA830,Gert Sibande,2020-10-13,2020-10-13,1,1,1,292941.10531001195,292941.10531001195,41094,20201013,20201013,0.3265897738288558,0.6007690312860821,0.07264119488506209,0.472231826966417,1295656.0,0.30688245639051287,0.6412288994160756,0.05188864419341153,0.49968312815881616,1136106.0,0.07397387387387387,0.6346153846153846,-0.11248741610738255,0.36538461538461536,1,1,1,0,1,0,0,0,0
383399,ZA5,KwaZulu-Natal,ZA5,KwaZulu-Natal,ZA521,Ugu,ZA595,eThekwini,2020-10-13,2020-10-14,2,2,2,74555.97818309063,37245.88714409023,55455,20201013,20201014,0.32122674606698143,0.6016982741355622,0.07707497979745637,0.47391596021954596,714019.0,0.2446364969883556,0.6990922562931536,0.05627124671849075,0.494610924976595,3587907.0,-0.09480895915678524,0.40384615384615385,0.5666580406654343,0.9230769230769231,1,1,1,0,1,0,0,0,0
383400,ZA7,Gauteng,ZA3,Nothern Cape,ZA742,Sedibeng,ZA308,Z F Mgcawu,2020-10-13,2020-10-13,1,1,1,1183513.4328557462,571319.278405364,37658,20201013,20201013,0.24393339879416723,0.6953819961266214,0.06068460507921129,0.5059130831550246,994997.0,0.27601757542529287,0.6641943181028425,0.059788106471864645,0.5142626583989065,258998.0,0.2808379746835443,0.8461538461538461,-0.04016603773584906,0.46153846153846156,1,1,1,0,1,0,0,0,0
383401,ZA7,Gauteng,ZA6,North West,ZA798,City of Johannesburg,ZA637,Bojanala,2020-10-13,2020-10-16,1,1,1,104748.51544514834,104748.51544514834,279870,20201013,20201016,0.2220629170143196,0.7299897648810346,0.047947318104645836,0.5097433964893054,5540727.0,0.25082919250139085,0.6903465537718604,0.05882425372674875,0.5380589003726469,1786678.0,0.8818060606060606,1.0,0.07430676328502415,0.6538461538461539,1,1,1,0,1,0,0,0,0
383402,ZA2,Eastern Cape,ZA2,Eastern Cape,ZA293,Nelson Mandela Bay,ZA292,Buffalo City,2020-10-13,2020-10-26,1,1,1,428060.4888389637,210819.6413385924,1153362,20201013,20201026,0.2465186661259611,0.6842154879637478,0.0692658459102911,0.4877654529777138,1230491.0,0.254980022080858,0.6758306608485358,0.06918931707060617,0.48177934914042375,760840.0,0.5740514018691588,0.9423076923076923,0.09585175879396986,0.6923076923076923,1,1,1,0,1,0,0,0,0
383403,ZA4,Free State,ZA1,Western Cape,ZA420,Fezile Dabi,ZA104,Eden,2020-10-13,2020-10-13,1,1,1,1847593.0961883808,923796.8192162204,10672,20201013,20201013,0.2705098118551487,0.6604572122193,0.06903297592555128,0.5050070807202104,494300.0,0.24710205256745305,0.6628052101466374,0.09009273728590954,0.4993180863678119,673839.0,0.2276555023923445,0.7884615384615384,0.0004522691705790296,0.5384615384615384,1,1,1,0,1,0,0,0,0
383404,ZA6,North West,ZA8,Mpumalanga,ZA638,Ngaka Modiri Molema,ZA831,Nkangala,2020-10-13,2020-10-13,1,1,1,314363.5380875635,313781.23236087954,18779,20201013,20201013,0.3236353449196357,0.6078801705223251,0.06848448455803925,0.4964769205863341,870971.0,0.27290691475673784,0.6711806877078121,0.055912397535449986,0.5109201270525474,1573837.0,-0.18344824707846413,0.23076923076923078,0.07867808219178082,0.6730769230769231,1,1,1,0,1,0,0,0,0
383405,ZA8,Mpumalanga,ZA9,Limpopo,ZA831,Nkangala,ZA936,Waterberg,2020-10-13,2020-10-18,1,1,1,198015.11393609332,198015.11393609332,454152,20201013,20201018,0.27290691475673784,0.6711806877078121,0.055912397535449986,0.5109201270525474,1573837.0,0.2870915348782833,0.6477210572390478,0.06518740788266879,0.5138960603357211,718513.0,0.07867808219178082,0.6730769230769231,0.00236898395721925,0.5576923076923077,1,1,1,0,1,0,0,0,0
383406,ZA7,Gauteng,ZA1,Western Cape,ZA798,City of Johannesburg,ZA191,City of Cape Town,2020-10-13,2020-10-20,1,1,1,2664149.505067419,1382582.6331470534,575900,20201013,20201020,0.2220629170143196,0.7299897648810346,0.047947318104645836,0.5097433964893054,5540727.0,0.23849582985172932,0.697186217784503,0.06431795236376775,0.4976008771049945,4436413.0,0.8818060606060606,1.0,0.7687640750670242,0.9807692307692307,1,1,1,0,1,0,0,0,0
383407,ZA7,Gauteng,ZA4,Free State,ZA742,Sedibeng,ZA419,Thabo Mofutsanyane,2020-10-13,2020-10-13,3,3,3,1594100.9510907023,701426.1326934288,37170,20201013,20201013,0.24393339879416723,0.6953819961266214,0.06068460507921129,0.5059130831550246,994997.0,0.31143326559338835,0.6251823622683981,0.06338437213821363,0.47028720831466336,662829.0,0.2808379746835443,0.8461538461538461,0.10770218579234972,0.7115384615384616,1,1,1,0,1,0,0,0,0
383408,ZA9,Limpopo,ZA7,Gauteng,ZA936,Waterberg,ZA799,City of Tshwane,2020-10-13,2020-10-30,1,1,1,255014.02175368177,232972.89760412788,1536137,20201013,20201030,0.2870915348782833,0.6477210572390478,0.06518740788266879,0.5138960603357211,718513.0,0.22283079372412132,0.7204843127840075,0.056684893491871245,0.5057337597223363,3627986.0,0.00236898395721925,0.5576923076923077,0.48224212034383956,0.9038461538461539,1,1,1,0,1,0,0,0,0
383409,ZA3,Nothern Cape,ZA4,Free State,ZA307,Pixley ka Seme,ZA494,Mangaung,2020-10-13,2020-10-13,2,2,2,1561558.3168147472,807063.9756525967,42676,20201013,20201013,0.3060749448635213,0.6232332132979509,0.0706918418385278,0.5011842246002923,196331.0,0.26262942751272955,0.6754982029249197,0.06187236956235082,0.4901411892511804,826621.0,0.1854655172413793,0.75,0.27329104477611943,0.8269230769230769,1,1,1,0,1,0,0,0,0
383410,ZA4,Free State,ZA6,North West,ZA418,Lejweleputswa,ZA639,Dr Ruth Segomotsi Mompati,2020-10-13,2020-10-14,1,1,1,70187.2811561492,34500.43627555272,36812,20201013,20201014,0.27941650281351393,0.6617931601395349,0.058790337046951115,0.500105365269169,574193.0,0.3412335579082451,0.5850872971649528,0.07367914492680208,0.4911837461796937,473784.0,0.29495049504950493,0.8653846153846154,-0.16626678765880218,0.2692307692307692,1,1,1,0,1,0,0,0,0
383411,ZA7,Gauteng,ZA9,Limpopo,ZA742,Sedibeng,ZA947,Sekhukhune,2020-10-13,2020-10-13,1,1,1,705588.2883478717,248171.80647689133,31400,20201013,20201013,0.24393339879416723,0.6953819961266214,0.06068460507921129,0.5059130831550246,994997.0,0.3536917516859454,0.5707075150199985,0.07560073329405607,0.46486328935523974,1125333.0,0.2808379746835443,0.8461538461538461,-0.06015677966101695,0.4423076923076923,1,1,1,0,1,0,0,0,0
383412,ZA4,Free State,ZA8,Mpumalanga,ZA420,Fezile Dabi,ZA830,Gert Sibande,2020-10-13,2020-10-14,1,1,1,131880.02153473132,65940.01076736566,38117,20201013,20201014,0.2705098118551487,0.6604572122193,0.06903297592555128,0.5050070807202104,494300.0,0.30688245639051287,0.6412288994160756,0.05188864419341153,0.49968312815881616,1136106.0,0.2276555023923445,0.7884615384615384,-0.11248741610738255,0.36538461538461536,1,1,1,0,1,0,0,0,0
383413,ZA2,Eastern Cape,ZA1,Western Cape,ZA210,Cacadu,ZA191,City of Cape Town,2020-10-13,2020-10-14,1,1,1,2358191.437219433,595131.3365695499,84538,20201013,20201014,0.2618455236218228,0.6571170870354837,0.08103738934269357,0.4975242081945451,491156.0,0.23849582985172932,0.697186217784503,0.06431795236376775,0.4976008771049945,4436413.0,-0.01848062015503876,0.5,0.7687640750670242,0.9807692307692307,1,1,1,0,1,0,0,0,0
383414,ZA5,KwaZulu-Natal,ZA5,KwaZulu-Natal,ZA595,eThekwini,ZA523,Uthukela,2020-10-13,2020-10-14,1,1,1,1930027.4391507984,231475.6823143937,7707,20201013,20201014,0.2446364969883556,0.6990922562931536,0.05627124671849075,0.494610924976595,3587907.0,0.36014331224838336,0.5864396074090654,0.05341708034255123,0.46782833191779016,652282.0,0.5666580406654343,0.9230769230769231,-0.19841226215644822,0.19230769230769232,1,1,1,0,1,0,0,0,0
383415,ZA1,Western Cape,ZA1,Western Cape,ZA102,Cape Winelands,ZA104,Eden,2020-10-13,2020-10-17,1,1,1,472374.7179966962,159715.79894460447,316945,20201013,20201017,0.24989252608235304,0.6902123420738123,0.059895131843834624,0.5011121214086944,909523.0,0.24710205256745305,0.6628052101466374,0.09009273728590954,0.4993180863678119,673839.0,-0.012388831437435367,0.5192307692307693,0.0004522691705790296,0.5384615384615384,1,1,1,0,1,0,0,0,0
383416,ZA9,Limpopo,ZA7,Gauteng,ZA936,Waterberg,ZA742,Sedibeng,2020-10-13,2020-10-13,1,1,1,941321.2345614284,241075.55653891235,9526,20201013,20201013,0.2870915348782833,0.6477210572390478,0.06518740788266879,0.5138960603357211,718513.0,0.24393339879416723,0.6953819961266214,0.06068460507921129,0.5059130831550246,994997.0,0.00236898395721925,0.5576923076923077,0.2808379746835443,0.8461538461538461,1,1,1,0,1,0,0,0,0
383417,ZA2,Eastern Cape,ZA5,KwaZulu-Natal,ZA213,Chris Hani,ZA595,eThekwini,2020-10-13,2020-10-14,1,1,1,627806.9305716272,413634.6850833038,28600,20201013,20201014,0.334940582305372,0.572656560540376,0.09240285715425203,0.478383232498069,752217.0,0.2446364969883556,0.6990922562931536,0.05627124671849075,0.494610924976595,3587907.0,-0.29251697892271666,0.057692307692307696,0.5666580406654343,0.9230769230769231,1,1,1,0,1,0,0,0,0
383418,ZA2,Eastern Cape,ZA2,Eastern Cape,ZA215,O.R.Tambo,ZA215,O.R.Tambo,2020-10-13,2020-10-15,1,1,1,10198.151564491156,5101.142381371266,139033,20201013,20201015,0.38804558548824664,0.5482866433400703,0.06366777117168307,0.4623163104135049,1358678.0,0.38804558548824664,0.5482866433400703,0.06366777117168307,0.4623163104135049,1358678.0,-0.23807536101083035,0.1346153846153846,-0.23807536101083035,0.1346153846153846,1,1,1,0,1,0,0,0,0
383419,ZA7,Gauteng,ZA9,Limpopo,ZA798,City of Johannesburg,ZA934,Vhembe,2020-10-13,2020-10-13,4,4,4,2574296.9626853187,1922520.8698122224,95400,20201013,20201013,0.2220629170143196,0.7299897648810346,0.047947318104645836,0.5097433964893054,5540727.0,0.3433867460978093,0.5887604530714541,0.06785280083073665,0.4597374214109392,1325089.0,0.8818060606060606,1.0,-0.0767829596412556,0.4230769230769231,1,1,1,0,1,0,0,0,0
383420,ZA7,Gauteng,ZA5,KwaZulu-Natal,ZA748,West Rand,ZA595,eThekwini,2020-10-13,2020-10-13,1,1,1,1035111.2783291312,505819.14665317786,31137,20201013,20201013,0.23154887232085752,0.7207832829912092,0.047667844687933295,0.5288128906961219,856804.0,0.2446364969883556,0.6990922562931536,0.05627124671849075,0.494610924976595,3587907.0,0.23715802469135805,0.8076923076923077,0.5666580406654343,0.9230769230769231,1,1,1,0,1,0,0,0,0
383421,ZA3,Nothern Cape,ZA4,Free State,ZA307,Pixley ka Seme,ZA418,Lejweleputswa,2020-10-13,2020-10-13,1,1,1,461082.846690242,229414.52185125608,26246,20201013,20201013,0.3060749448635213,0.6232332132979509,0.0706918418385278,0.5011842246002923,196331.0,0.27941650281351393,0.6617931601395349,0.058790337046951115,0.500105365269169,574193.0,0.1854655172413793,0.75,0.29495049504950493,0.8653846153846154,1,1,1,0,1,0,0,0,0
383422,ZA2,Eastern Cape,ZA1,Western Cape,ZA293,Nelson Mandela Bay,ZA101,West Coast,2020-10-13,2020-10-27,1,1,1,753939.6966294149,704326.8005046688,1219644,20201013,20201027,0.2465186661259611,0.6842154879637478,0.0692658459102911,0.4877654529777138,1230491.0,0.24466466325617858,0.6852166396976793,0.0701186970461421,0.5060695297345649,497485.0,0.5740514018691588,0.9423076923076923,-0.12079976303317536,0.34615384615384615,1,1,1,0,1,0,0,0,0
383423,ZA2,Eastern Cape,ZA2,Eastern Cape,ZA214,Joe Gqabi,ZA215,O.R.Tambo,2020-10-13,2020-10-13,1,1,1,331850.5562188048,75622.9372418849,4169,20201013,20201013,0.3340471849013029,0.5799636495391386,0.08598916555955849,0.47733103958194023,339473.0,0.38804558548824664,0.5482866433400703,0.06366777117168307,0.4623163104135049,1358678.0,-0.1839776119402985,0.21153846153846154,-0.23807536101083035,0.1346153846153846,1,1,1,0,1,0,0,0,0
383424,ZA2,Eastern Cape,ZA2,Eastern Cape,ZA215,O.R.Tambo,ZA214,Joe Gqabi,2020-10-13,2020-10-13,1,1,1,110768.30083904872,50040.787135464845,10907,20201013,20201013,0.38804558548824664,0.5482866433400703,0.06366777117168307,0.4623163104135049,1358678.0,0.3340471849013029,0.5799636495391386,0.08598916555955849,0.47733103958194023,339473.0,-0.23807536101083035,0.1346153846153846,-0.1839776119402985,0.21153846153846154,1,1,1,0,1,0,0,0,0
383425,ZA5,KwaZulu-Natal,ZA5,KwaZulu-Natal,ZA527,Umkhanyakude,ZA526,Zululand,2020-10-13,2020-10-14,1,1,1,330728.4937653246,159371.52761688898,55035,20201013,20201014,0.40017378652548197,0.5489306999026919,0.05089551357182606,0.4622270789873748,643318.0,0.392497537624586,0.5542130860581069,0.053289376317307055,0.4651401640222711,783796.0,-0.31784377542717657,0.038461538461538464,-0.2762355212355212,0.09615384615384616,1,1,1,0,1,0,0,0,0
383426,ZA2,Eastern Cape,ZA2,Eastern Cape,ZA292,Buffalo City,ZA292,Buffalo City,2020-10-13,2020-10-18,1,1,1,1546697.6808896929,1532197.86173707,435753,20201013,20201018,0.254980022080858,0.6758306608485358,0.06918931707060617,0.48177934914042375,760840.0,0.254980022080858,0.6758306608485358,0.06918931707060617,0.48177934914042375,760840.0,0.09585175879396986,0.6923076923076923,0.09585175879396986,0.6923076923076923,1,1,1,0,1,0,0,0,0
383427,ZA8,Mpumalanga,ZA7,Gauteng,ZA832,Ehlanzeni,ZA799,City of Tshwane,2020-10-13,2020-10-19,2,2,2,548084.4736670465,548084.4736670465,1088458,20201013,20201019,0.32438893780700045,0.6235217992770762,0.05208926291592337,0.47979089412028486,1837538.0,0.22283079372412132,0.7204843127840075,0.056684893491871245,0.5057337597223363,3627986.0,0.1315940928270042,0.7307692307692307,0.48224212034383956,0.9038461538461539,1,1,1,0,1,0,0,0,0
383428,ZA2,Eastern Cape,ZA2,Eastern Cape,ZA210,Cacadu,ZA212,Amathole,2020-10-13,2020-10-14,1,1,1,46392.31124467893,23415.169751376336,38403,20201013,20201014,0.2618455236218228,0.6571170870354837,0.08103738934269357,0.4975242081945451,491156.0,0.32816698449842097,0.5696178168124134,0.1022151986891656,0.47434426623917664,789726.0,-0.01848062015503876,0.5,-0.3192883211678832,0.019230769230769232,1,1,1,0,1,0,0,0,0
383429,ZA1,Western Cape,ZA9,Limpopo,ZA104,Eden,ZA936,Waterberg,2020-10-13,2020-10-18,1,1,1,2443379.7074430645,1221671.4517537684,397343,20201013,20201018,0.24710205256745305,0.6628052101466374,0.09009273728590954,0.4993180863678119,673839.0,0.2870915348782833,0.6477210572390478,0.06518740788266879,0.5138960603357211,718513.0,0.0004522691705790296,0.5384615384615384,0.00236898395721925,0.5576923076923077,1,1,1,0,1,0,0,0,0
383430,ZA8,Mpumalanga,ZA6,North West,ZA832,Ehlanzeni,ZA639,Dr Ruth Segomotsi Mompati,2020-10-13,2020-10-13,1,1,1,1290754.2852218286,657352.153370929,43650,20201013,20201013,0.32438893780700045,0.6235217992770762,0.05208926291592337,0.47979089412028486,1837538.0,0.3412335579082451,0.5850872971649528,0.07367914492680208,0.4911837461796937,473784.0,0.1315940928270042,0.7307692307692307,-0.16626678765880218,0.2692307692307692,1,1,1,0,1,0,0,0,0
383431,ZA8,Mpumalanga,ZA5,KwaZulu-Natal,ZA831,Nkangala,ZA528,Uthungulu,2020-10-13,2020-10-13,1,1,1,866242.4356538082,409478.1015097256,31040,20201013,20201013,0.27290691475673784,0.6711806877078121,0.055912397535449986,0.5109201270525474,1573837.0,0.3398562749304085,0.6096443299200878,0.05049939514950375,0.4759701217345943,889476.0,0.07867808219178082,0.6730769230769231,-0.2202014106583072,0.15384615384615385,1,1,1,0,1,0,0,0,0
383432,ZA4,Free State,ZA5,KwaZulu-Natal,ZA494,Mangaung,ZA595,eThekwini,2020-10-13,2020-10-16,1,1,1,486406.2857752867,486406.2857752867,301933,20201013,20201016,0.26262942751272955,0.6754982029249197,0.06187236956235082,0.4901411892511804,826621.0,0.2446364969883556,0.6990922562931536,0.05627124671849075,0.494610924976595,3587907.0,0.27329104477611943,0.8269230769230769,0.5666580406654343,0.9230769230769231,1,1,1,0,1,0,0,0,0
383433,ZA8,Mpumalanga,ZA7,Gauteng,ZA831,Nkangala,ZA799,City of Tshwane,2020-10-13,2020-10-17,1,1,1,195941.54825657737,106695.89973695064,354632,20201013,20201017,0.27290691475673784,0.6711806877078121,0.055912397535449986,0.5109201270525474,1573837.0,0.22283079372412132,0.7204843127840075,0.056684893491871245,0.5057337597223363,3627986.0,0.07867808219178082,0.6730769230769231,0.48224212034383956,0.9038461538461539,1,1,1,0,1,0,0,0,0
383434,ZA5,KwaZulu-Natal,ZA2,Eastern Cape,ZA521,Ugu,ZA210,Cacadu,2020-10-13,2020-10-13,1,1,1,882778.2752537434,441392.25066632585,67862,20201013,20201013,0.32122674606698143,0.6016982741355622,0.07707497979745637,0.47391596021954596,714019.0,0.2618455236218228,0.6571170870354837,0.08103738934269357,0.4975242081945451,491156.0,-0.09480895915678524,0.40384615384615385,-0.01848062015503876,0.5,1,1,1,0,1,0,0,0,0
383435,ZA2,Eastern Cape,ZA5,KwaZulu-Natal,ZA214,Joe Gqabi,ZA543,Sisonke,2020-10-13,2020-10-13,1,1,1,261763.85280772476,148343.23375384227,5977,20201013,20201013,0.3340471849013029,0.5799636495391386,0.08598916555955849,0.47733103958194023,339473.0,0.37293146983899067,0.5707096800166399,0.05635885014436937,0.4671305273563743,447117.0,-0.1839776119402985,0.21153846153846154,-0.2112274881516588,0.17307692307692307,1,1,1,0,1,0,0,0,0
383436,ZA6,North West,ZA7,Gauteng,ZA639,Dr Ruth Segomotsi Mompati,ZA798,City of Johannesburg,2020-10-13,2020-10-14,1,1,1,702592.9850188484,349585.1915226105,77370,20201013,20201014,0.3412335579082451,0.5850872971649528,0.07367914492680208,0.4911837461796937,473784.0,0.2220629170143196,0.7299897648810346,0.047947318104645836,0.5097433964893054,5540727.0,-0.16626678765880218,0.2692307692307692,0.8818060606060606,1.0,1,1,1,0,1,0,0,0,0
383437,ZA7,Gauteng,ZA1,Western Cape,ZA798,City of Johannesburg,ZA101,West Coast,2020-10-13,2020-10-27,1,1,1,2733470.77825505,1247744.6353061008,1227691,20201013,20201027,0.2220629170143196,0.7299897648810346,0.047947318104645836,0.5097433964893054,5540727.0,0.24466466325617858,0.6852166396976793,0.0701186970461421,0.5060695297345649,497485.0,0.8818060606060606,1.0,-0.12079976303317536,0.34615384615384615,1,1,1,0,1,0,0,0,0
383438,ZA5,KwaZulu-Natal,ZA4,Free State,ZA524,Umzinyathi,ZA419,Thabo Mofutsanyane,2020-10-13,2020-10-13,1,1,1,621542.6509915509,83438.27209651787,30829,20201013,20201013,0.3952311253914291,0.5454951881678106,0.05927368644076033,0.451447242842509,514461.0,0.31143326559338835,0.6251823622683981,0.06338437213821363,0.47028720831466336,662829.0,-0.28225945945945946,0.07692307692307693,0.10770218579234972,0.7115384615384616,1,1,1,0,1,0,0,0,0
383439,ZA5,KwaZulu-Natal,ZA5,KwaZulu-Natal,ZA528,Uthungulu,ZA524,Umzinyathi,2020-10-13,2020-10-13,2,2,2,275014.7892312288,207509.38011575348,16667,20201013,20201013,0.3398562749304085,0.6096443299200878,0.05049939514950375,0.4759701217345943,889476.0,0.3952311253914291,0.5454951881678106,0.05927368644076033,0.451447242842509,514461.0,-0.2202014106583072,0.15384615384615385,-0.28225945945945946,0.07692307692307693,1,1,1,0,1,0,0,0,0
383440,ZA1,Western Cape,ZA1,Western Cape,ZA102,Cape Winelands,ZA105,Central Karoo,2020-10-13,2020-10-13,1,1,1,3020916.816973932,271471.91543120623,34567,20201013,20201013,0.24989252608235304,0.6902123420738123,0.059895131843834624,0.5011121214086944,909523.0,0.29415328297801036,0.633639246216906,0.07220747080508365,0.4979247763656518,77582.0,-0.012388831437435367,0.5192307692307693,-0.12604477611940298,0.3269230769230769,1,1,1,0,1,0,0,0,0
383441,ZA1,Western Cape,ZA9,Limpopo,ZA191,City of Cape Town,ZA933,Mopani,2020-10-13,2020-10-14,1,1,1,1561176.2442057354,1561176.2442057354,68973,20201013,20201014,0.23849582985172932,0.697186217784503,0.06431795236376775,0.4976008771049945,4436413.0,0.3329418650827259,0.6026296126910996,0.06442852222617454,0.46142626187343905,1062666.0,0.7687640750670242,0.9807692307692307,-0.037928345626975765,0.4807692307692308,1,1,1,0,1,0,0,0,0
383442,ZA5,KwaZulu-Natal,ZA4,Free State,ZA522,Umgungundlovu,ZA420,Fezile Dabi,2020-10-13,2020-10-14,1,1,1,547443.1767644613,439063.1694324881,58273,20201013,20201014,0.2748377359932372,0.663873035280183,0.06128922872657978,0.48236181888519014,1046905.0,0.2705098118551487,0.6604572122193,0.06903297592555128,0.5050070807202104,494300.0,0.0061256544502617805,0.5769230769230769,0.2276555023923445,0.7884615384615384,1,1,1,0,1,0,0,0,0
383443,ZA2,Eastern Cape,ZA2,Eastern Cape,ZA293,Nelson Mandela Bay,ZA293,Nelson Mandela Bay,2020-10-13,2020-10-15,1,1,1,35598.50303794921,26294.73493171505,154500,20201013,20201015,0.2465186661259611,0.6842154879637478,0.0692658459102911,0.4877654529777138,1230491.0,0.2465186661259611,0.6842154879637478,0.0692658459102911,0.4877654529777138,1230491.0,0.5740514018691588,0.9423076923076923,0.5740514018691588,0.9423076923076923,1,1,1,0,1,0,0,0,0
383444,ZA7,Gauteng,ZA4,Free State,ZA797,Ekurhuleni,ZA420,Fezile Dabi,2020-10-13,2020-10-14,1,1,1,166675.19407801604,83248.30858958447,32537,20201013,20201014,0.23296733680905687,0.7203157619169479,0.04671690127399521,0.5205474946472306,3739653.0,0.2705098118551487,0.6604572122193,0.06903297592555128,0.5050070807202104,494300.0,0.7435109289617486,0.9615384615384616,0.2276555023923445,0.7884615384615384,1,1,1,0,1,0,0,0,0
383445,ZA8,Mpumalanga,ZA5,KwaZulu-Natal,ZA830,Gert Sibande,ZA523,Uthukela,2020-10-13,2020-10-20,1,1,1,877072.096324098,225927.98476645752,643233,20201013,20201020,0.30688245639051287,0.6412288994160756,0.05188864419341153,0.49968312815881616,1136106.0,0.36014331224838336,0.5864396074090654,0.05341708034255123,0.46782833191779016,652282.0,-0.11248741610738255,0.36538461538461536,-0.19841226215644822,0.19230769230769232,1,1,1,0,1,0,0,0,0
383446,ZA8,Mpumalanga,ZA6,North West,ZA831,Nkangala,ZA637,Bojanala,2020-10-13,2020-10-14,1,1,1,194354.17880080023,65507.22066707573,28988,20201013,20201014,0.27290691475673784,0.6711806877078121,0.055912397535449986,0.5109201270525474,1573837.0,0.25082919250139085,0.6903465537718604,0.05882425372674875,0.5380589003726469,1786678.0,0.07867808219178082,0.6730769230769231,0.07430676328502415,0.6538461538461539,1,1,1,0,1,0,0,0,0
383447,ZA4,Free State,ZA7,Gauteng,ZA420,Fezile Dabi,ZA799,City of Tshwane,2020-10-13,2020-10-17,1,1,1,320353.3196437319,154157.1945291766,389098,20201013,20201017,0.2705098118551487,0.6604572122193,0.06903297592555128,0.5050070807202104,494300.0,0.22283079372412132,0.7204843127840075,0.056684893491871245,0.5057337597223363,3627986.0,0.2276555023923445,0.7884615384615384,0.48224212034383956,0.9038461538461539,1,1,1,0,1,0,0,0,0
383448,ZA7,Gauteng,ZA8,Mpumalanga,ZA799,City of Tshwane,ZA830,Gert Sibande,2020-10-13,2020-10-15,1,1,1,252180.48763396783,123409.62658710274,142456,20201013,20201015,0.22283079372412132,0.7204843127840075,0.056684893491871245,0.5057337597223363,3627986.0,0.30688245639051287,0.6412288994160756,0.05188864419341153,0.49968312815881616,1136106.0,0.48224212034383956,0.9038461538461539,-0.11248741610738255,0.36538461538461536,1,1,1,0,1,0,0,0,0
383449,ZA6,North West,ZA8,Mpumalanga,ZA637,Bojanala,ZA831,Nkangala,2020-10-13,2020-10-17,1,1,1,396642.7660603735,192957.71097538865,382059,20201013,20201017,0.25082919250139085,0.6903465537718604,0.05882425372674875,0.5380589003726469,1786678.0,0.27290691475673784,0.6711806877078121,0.055912397535449986,0.5109201270525474,1573837.0,0.07430676328502415,0.6538461538461539,0.07867808219178082,0.6730769230769231,1,1,1,0,1,0,0,0,0
383450,ZA9,Limpopo,ZA6,North West,ZA934,Vhembe,ZA637,Bojanala,2020-10-13,2020-10-13,1,1,1,680351.5915245117,340171.40209931147,36090,20201013,20201013,0.3433867460978093,0.5887604530714541,0.06785280083073665,0.4597374214109392,1325089.0,0.25082919250139085,0.6903465537718604,0.05882425372674875,0.5380589003726469,1786678.0,-0.0767829596412556,0.4230769230769231,0.07430676328502415,0.6538461538461539,1,1,1,0,1,0,0,0,0
383451,ZA7,Gauteng,ZA9,Limpopo,ZA799,City of Tshwane,ZA936,Waterberg,2020-10-13,2020-10-25,1,1,1,319928.516655384,190392.3144848583,1064948,20201013,20201025,0.22283079372412132,0.7204843127840075,0.056684893491871245,0.5057337597223363,3627986.0,0.2870915348782833,0.6477210572390478,0.06518740788266879,0.5138960603357211,718513.0,0.48224212034383956,0.9038461538461539,0.00236898395721925,0.5576923076923077,1,1,1,0,1,0,0,0,0
383452,ZA5,KwaZulu-Natal,ZA5,KwaZulu-Natal,ZA528,Uthungulu,ZA529,iLembe,2020-10-13,2020-10-20,1,1,1,241252.0415956101,267668.1938562882,610032,20201013,20201020,0.3398562749304085,0.6096443299200878,0.05049939514950375,0.4759701217345943,889476.0,0.32390440311621094,0.6202867780885334,0.05580881879525565,0.4827645772056803,636799.0,-0.2202014106583072,0.15384615384615385,-0.14951617873651774,0.28846153846153844,1,1,1,0,1,0,0,0,0
383453,ZA9,Limpopo,ZA7,Gauteng,ZA936,Waterberg,ZA798,City of Johannesburg,2020-10-13,2020-10-14,1,1,1,465354.03526231897,262293.25058271305,57523,20201013,20201014,0.2870915348782833,0.6477210572390478,0.06518740788266879,0.5138960603357211,718513.0,0.2220629170143196,0.7299897648810346,0.047947318104645836,0.5097433964893054,5540727.0,0.00236898395721925,0.5576923076923077,0.8818060606060606,1.0,1,1,1,0,1,0,0,0,0
383454,ZA7,Gauteng,ZA9,Limpopo,ZA797,Ekurhuleni,ZA936,Waterberg,2020-10-13,2020-10-24,1,1,1,354128.28333437856,176946.79499087686,933004,20201013,20201024,0.23296733680905687,0.7203157619169479,0.04671690127399521,0.5205474946472306,3739653.0,0.2870915348782833,0.6477210572390478,0.06518740788266879,0.5138960603357211,718513.0,0.7435109289617486,0.9615384615384616,0.00236898395721925,0.5576923076923077,1,1,1,0,1,0,0,0,0
383455,ZA7,Gauteng,ZA7,Gauteng,ZA799,City of Tshwane,ZA799,City of Tshwane,2020-10-13,2020-10-28,1,1,1,121951.06489768848,10634.915007375745,1323011,20201013,20201028,0.22283079372412132,0.7204843127840075,0.056684893491871245,0.5057337597223363,3627986.0,0.22283079372412132,0.7204843127840075,0.056684893491871245,0.5057337597223363,3627986.0,0.48224212034383956,0.9038461538461539,0.48224212034383956,0.9038461538461539,1,1,1,0,1,0,0,0,0
383456,ZA6,North West,ZA6,North West,ZA638,Ngaka Modiri Molema,ZA637,Bojanala,2020-10-13,2020-10-24,1,1,1,276574.83986048936,138287.41993024468,984608,20201013,20201024,0.3236353449196357,0.6078801705223251,0.06848448455803925,0.4964769205863341,870971.0,0.25082919250139085,0.6903465537718604,0.05882425372674875,0.5380589003726469,1786678.0,-0.18344824707846413,0.23076923076923078,0.07430676328502415,0.6538461538461539,1,1,1,0,1,0,0,0,0
383457,ZA7,Gauteng,ZA2,Eastern Cape,ZA799,City of Tshwane,ZA210,Cacadu,2020-10-13,2020-10-13,1,1,1,1330157.456791816,977784.5005576108,49773,20201013,20201013,0.22283079372412132,0.7204843127840075,0.056684893491871245,0.5057337597223363,3627986.0,0.2618455236218228,0.6571170870354837,0.08103738934269357,0.4975242081945451,491156.0,0.48224212034383956,0.9038461538461539,-0.01848062015503876,0.5,1,1,1,0,1,0,0,0,0
383458,ZA9,Limpopo,ZA5,KwaZulu-Natal,ZA933,Mopani,ZA523,Uthukela,2020-10-13,2020-10-14,1,1,1,1375707.515506955,643372.9201832185,73081,20201013,20201014,0.3329418650827259,0.6026296126910996,0.06442852222617454,0.46142626187343905,1062666.0,0.36014331224838336,0.5864396074090654,0.05341708034255123,0.46782833191779016,652282.0,-0.037928345626975765,0.4807692307692308,-0.19841226215644822,0.19230769230769232,1,1,1,0,1,0,0,0,0
383459,ZA5,KwaZulu-Natal,ZA5,KwaZulu-Natal,ZA595,eThekwini,ZA526,Zululand,2020-10-13,2020-10-13,3,3,3,1448872.386847561,676019.9108815438,93104,20201013,20201013,0.2446364969883556,0.6990922562931536,0.05627124671849075,0.494610924976595,3587907.0,0.392497537624586,0.5542130860581069,0.053289376317307055,0.4651401640222711,783796.0,0.5666580406654343,0.9230769230769231,-0.2762355212355212,0.09615384615384616,1,1,1,0,1,0,0,0,0
383460,ZA1,Western Cape,ZA6,North West,ZA191,City of Cape Town,ZA640,Dr Kenneth Kaunda,2020-10-13,2020-10-13,1,1,1,2850524.948577826,1398063.0056033975,18282,20201013,20201013,0.23849582985172932,0.697186217784503,0.06431795236376775,0.4976008771049945,4436413.0,0.27505895171327793,0.6602340041700301,0.06470704411669191,0.5065976875287468,754431.0,0.7687640750670242,0.9807692307692307,-0.10069384057971015,0.38461538461538464,1,1,1,0,1,0,0,0,0
383461,ZA6,North West,ZA8,Mpumalanga,ZA640,Dr Kenneth Kaunda,ZA831,Nkangala,2020-10-13,2020-10-14,1,1,1,642442.1312447427,304155.09712927067,106245,20201013,20201014,0.27505895171327793,0.6602340041700301,0.06470704411669191,0.5065976875287468,754431.0,0.27290691475673784,0.6711806877078121,0.055912397535449986,0.5109201270525474,1573837.0,-0.10069384057971015,0.38461538461538464,0.07867808219178082,0.6730769230769231,1,1,1,0,1,0,0,0,0
383462,ZA6,North West,ZA6,North West,ZA638,Ngaka Modiri Molema,ZA640,Dr Kenneth Kaunda,2020-10-13,2020-10-18,1,1,1,184651.7454484736,159579.20942699665,498374,20201013,20201018,0.3236353449196357,0.6078801705223251,0.06848448455803925,0.4964769205863341,870971.0,0.27505895171327793,0.6602340041700301,0.06470704411669191,0.5065976875287468,754431.0,-0.18344824707846413,0.23076923076923078,-0.10069384057971015,0.38461538461538464,1,1,1,0,1,0,0,0,0
383463,ZA1,Western Cape,ZA3,Nothern Cape,ZA191,City of Cape Town,ZA309,Frances Baard,2020-10-13,2020-10-13,1,1,1,840042.5389999049,828581.8943809709,8306,20201013,20201013,0.23849582985172932,0.697186217784503,0.06431795236376775,0.4976008771049945,4436413.0,0.2860169290028057,0.6497360787483951,0.06424699224879928,0.49189928194398214,420580.0,0.7687640750670242,0.9807692307692307,0.29907801418439717,0.8846153846153846,1,1,1,0,1,0,0,0,0
383464,ZA5,KwaZulu-Natal,ZA4,Free State,ZA521,Ugu,ZA418,Lejweleputswa,2020-10-13,2020-10-13,1,1,1,941536.651668636,470772.227697643,199,20201013,20201013,0.32122674606698143,0.6016982741355622,0.07707497979745637,0.47391596021954596,714019.0,0.27941650281351393,0.6617931601395349,0.058790337046951115,0.500105365269169,574193.0,-0.09480895915678524,0.40384615384615385,0.29495049504950493,0.8653846153846154,1,1,1,0,1,0,0,0,0
383465,ZA7,Gauteng,ZA4,Free State,ZA742,Sedibeng,ZA416,Xhariep,2020-10-13,2020-10-13,1,1,1,2770625.705910586,537205.17145592,33451,20201013,20201013,0.24393339879416723,0.6953819961266214,0.06068460507921129,0.5059130831550246,994997.0,0.29515218562959183,0.6325513667867511,0.07229644758365718,0.5005153225730198,105759.0,0.2808379746835443,0.8461538461538461,0.18671264367816093,0.7692307692307693,1,1,1,0,1,0,0,0,0
383466,ZA6,North West,ZA7,Gauteng,ZA637,Bojanala,ZA742,Sedibeng,2020-10-13,2020-10-13,1,1,1,313359.0820863258,103223.946655446,8248,20201013,20201013,0.25082919250139085,0.6903465537718604,0.05882425372674875,0.5380589003726469,1786678.0,0.24393339879416723,0.6953819961266214,0.06068460507921129,0.5059130831550246,994997.0,0.07430676328502415,0.6538461538461539,0.2808379746835443,0.8461538461538461,1,1,1,0,1,0,0,0,0
383467,ZA3,Nothern Cape,ZA6,North West,ZA309,Frances Baard,ZA639,Dr Ruth Segomotsi Mompati,2020-10-13,2020-10-17,1,1,1,256283.95526666575,133866.8825338794,362885,20201013,20201017,0.2860169290028057,0.6497360787483951,0.06424699224879928,0.49189928194398214,420580.0,0.3412335579082451,0.5850872971649528,0.07367914492680208,0.4911837461796937,473784.0,0.29907801418439717,0.8846153846153846,-0.16626678765880218,0.2692307692307692,1,1,1,0,1,0,0,0,0
383468,ZA4,Free State,ZA8,Mpumalanga,ZA494,Mangaung,ZA831,Nkangala,2020-10-13,2020-10-13,1,1,1,935633.0664612204,467816.78588527377,4002,20201013,20201013,0.26262942751272955,0.6754982029249197,0.06187236956235082,0.4901411892511804,826621.0,0.27290691475673784,0.6711806877078121,0.055912397535449986,0.5109201270525474,1573837.0,0.27329104477611943,0.8269230769230769,0.07867808219178082,0.6730769230769231,1,1,1,0,1,0,0,0,0
383469,ZA2,Eastern Cape,ZA2,Eastern Cape,ZA213,Chris Hani,ZA214,Joe Gqabi,2020-10-13,2020-10-14,1,1,1,109088.59398608358,54499.393098157576,43140,20201013,20201014,0.334940582305372,0.572656560540376,0.09240285715425203,0.478383232498069,752217.0,0.3340471849013029,0.5799636495391386,0.08598916555955849,0.47733103958194023,339473.0,-0.29251697892271666,0.057692307692307696,-0.1839776119402985,0.21153846153846154,1,1,1,0,1,0,0,0,0
383470,ZA4,Free State,ZA4,Free State,ZA418,Lejweleputswa,ZA420,Fezile Dabi,2020-10-13,2020-10-14,2,2,2,74973.37528684184,27507.56565680892,65107,20201013,20201014,0.27941650281351393,0.6617931601395349,0.058790337046951115,0.500105365269169,574193.0,0.2705098118551487,0.6604572122193,0.06903297592555128,0.5050070807202104,494300.0,0.29495049504950493,0.8653846153846154,0.2276555023923445,0.7884615384615384,1,1,1,0,1,0,0,0,0
383471,ZA5,KwaZulu-Natal,ZA3,Nothern Cape,ZA522,Umgungundlovu,ZA307,Pixley ka Seme,2020-10-13,2020-10-13,1,1,1,1317549.9845562135,602523.9712615131,42044,20201013,20201013,0.2748377359932372,0.663873035280183,0.06128922872657978,0.48236181888519014,1046905.0,0.3060749448635213,0.6232332132979509,0.0706918418385278,0.5011842246002923,196331.0,0.0061256544502617805,0.5769230769230769,0.1854655172413793,0.75,1,1,1,0,1,0,0,0,0
383472,ZA2,Eastern Cape,ZA4,Free State,ZA293,Nelson Mandela Bay,ZA416,Xhariep,2020-10-13,2020-10-13,1,1,1,1014579.6584036858,450529.9202091146,27606,20201013,20201013,0.2465186661259611,0.6842154879637478,0.0692658459102911,0.4877654529777138,1230491.0,0.29515218562959183,0.6325513667867511,0.07229644758365718,0.5005153225730198,105759.0,0.5740514018691588,0.9423076923076923,0.18671264367816093,0.7692307692307693,1,1,1,0,1,0,0,0,0
383473,ZA4,Free State,ZA5,KwaZulu-Natal,ZA419,Thabo Mofutsanyane,ZA543,Sisonke,2020-10-13,2020-10-13,1,1,1,804506.6573135142,289764.97240176285,14000,20201013,20201013,0.31143326559338835,0.6251823622683981,0.06338437213821363,0.47028720831466336,662829.0,0.37293146983899067,0.5707096800166399,0.05635885014436937,0.4671305273563743,447117.0,0.10770218579234972,0.7115384615384616,-0.2112274881516588,0.17307692307692307,1,1,1,0,1,0,0,0,0
383474,ZA4,Free State,ZA4,Free State,ZA416,Xhariep,ZA494,Mangaung,2020-10-13,2020-10-13,28,28,26,7506260.525375337,2387696.2066686274,373382,20201013,20201013,0.29515218562959183,0.6325513667867511,0.07229644758365718,0.5005153225730198,105759.0,0.26262942751272955,0.6754982029249197,0.06187236956235082,0.4901411892511804,826621.0,0.18671264367816093,0.7692307692307693,0.27329104477611943,0.8269230769230769,1,1,1,0,1,0,0,0,0
383475,ZA1,Western Cape,ZA1,Western Cape,ZA191,City of Cape Town,ZA101,West Coast,2020-10-13,2020-10-14,7,7,7,964074.9388288764,615793.653710032,268608,20201013,20201014,0.23849582985172932,0.697186217784503,0.06431795236376775,0.4976008771049945,4436413.0,0.24466466325617858,0.6852166396976793,0.0701186970461421,0.5060695297345649,497485.0,0.7687640750670242,0.9807692307692307,-0.12079976303317536,0.34615384615384615,1,1,1,0,1,0,0,0,0
383476,ZA7,Gauteng,ZA3,Nothern Cape,ZA799,City of Tshwane,ZA345,John Taolo Gaetsewe,2020-10-13,2020-10-13,3,3,3,4073798.425598922,1784979.5782738589,106081,20201013,20201013,0.22283079372412132,0.7204843127840075,0.056684893491871245,0.5057337597223363,3627986.0,0.31986957060536586,0.628082594956317,0.05204783443831712,0.4959027820806741,258224.0,0.48224212034383956,0.9038461538461539,-0.13480926430517712,0.3076923076923077,1,1,1,0,1,0,0,0,0
383477,ZA5,KwaZulu-Natal,ZA4,Free State,ZA595,eThekwini,ZA420,Fezile Dabi,2020-10-13,2020-10-13,1,1,1,1090053.0569012428,369324.8377134885,17574,20201013,20201013,0.2446364969883556,0.6990922562931536,0.05627124671849075,0.494610924976595,3587907.0,0.2705098118551487,0.6604572122193,0.06903297592555128,0.5050070807202104,494300.0,0.5666580406654343,0.9230769230769231,0.2276555023923445,0.7884615384615384,1,1,1,0,1,0,0,0,0
383478,ZA1,Western Cape,ZA7,Gauteng,ZA191,City of Cape Town,ZA798,City of Johannesburg,2020-10-13,2020-10-13,38,38,36,100898639.78810792,53721987.01378806,966428,20201013,20201013,0.23849582985172932,0.697186217784503,0.06431795236376775,0.4976008771049945,4436413.0,0.2220629170143196,0.7299897648810346,0.047947318104645836,0.5097433964893054,5540727.0,0.7687640750670242,0.9807692307692307,0.8818060606060606,1.0,1,1,1,0,1,0,0,0,0
383479,ZA5,KwaZulu-Natal,ZA7,Gauteng,ZA595,eThekwini,ZA798,City of Johannesburg,2020-10-13,2020-10-13,21,21,21,21366812.279214405,10877363.219394626,503565,20201013,20201013,0.2446364969883556,0.6990922562931536,0.05627124671849075,0.494610924976595,3587907.0,0.2220629170143196,0.7299897648810346,0.047947318104645836,0.5097433964893054,5540727.0,0.5666580406654343,0.9230769230769231,0.8818060606060606,1.0,1,1,1,0,1,0,0,0,0
383480,ZA5,KwaZulu-Natal,ZA5,KwaZulu-Natal,ZA595,eThekwini,ZA529,iLembe,2020-10-13,2020-10-13,222,220,218,25414235.13543568,8638219.382562106,2392914,20201013,20201013,0.2446364969883556,0.6990922562931536,0.05627124671849075,0.494610924976595,3587907.0,0.32390440311621094,0.6202867780885334,0.05580881879525565,0.4827645772056803,636799.0,0.5666580406654343,0.9230769230769231,-0.14951617873651774,0.28846153846153844,1,1,1,0,1,0,0,0,0
383481,ZA7,Gauteng,ZA8,Mpumalanga,ZA797,Ekurhuleni,ZA832,Ehlanzeni,2020-10-13,2020-10-13,8,8,8,6004940.866789858,2642574.1298724506,255430,20201013,20201013,0.23296733680905687,0.7203157619169479,0.04671690127399521,0.5205474946472306,3739653.0,0.32438893780700045,0.6235217992770762,0.05208926291592337,0.47979089412028486,1837538.0,0.7435109289617486,0.9615384615384616,0.1315940928270042,0.7307692307692307,1,1,1,0,1,0,0,0,0
383482,ZA7,Gauteng,ZA7,Gauteng,ZA799,City of Tshwane,ZA748,West Rand,2020-10-13,2020-10-14,9,9,9,1119569.1328747107,527240.8643507154,262903,20201013,20201014,0.22283079372412132,0.7204843127840075,0.056684893491871245,0.5057337597223363,3627986.0,0.23154887232085752,0.7207832829912092,0.047667844687933295,0.5288128906961219,856804.0,0.48224212034383956,0.9038461538461539,0.23715802469135805,0.8076923076923077,1,1,1,0,1,0,0,0,0
383483,ZA5,KwaZulu-Natal,ZA5,KwaZulu-Natal,ZA543,Sisonke,ZA521,Ugu,2020-10-13,2020-10-13,10,10,10,2558206.768120687,745726.1360236428,87135,20201013,20201013,0.37293146983899067,0.5707096800166399,0.05635885014436937,0.4671305273563743,447117.0,0.32122674606698143,0.6016982741355622,0.07707497979745637,0.47391596021954596,714019.0,-0.2112274881516588,0.17307692307692307,-0.09480895915678524,0.40384615384615385,1,1,1,0,1,0,0,0,0
383484,ZA7,Gauteng,ZA5,KwaZulu-Natal,ZA797,Ekurhuleni,ZA595,eThekwini,2020-10-13,2020-10-13,21,21,21,26433993.039895136,10345436.44915533,399518,20201013,20201013,0.23296733680905687,0.7203157619169479,0.04671690127399521,0.5205474946472306,3739653.0,0.2446364969883556,0.6990922562931536,0.05627124671849075,0.494610924976595,3587907.0,0.7435109289617486,0.9615384615384616,0.5666580406654343,0.9230769230769231,1,1,1,0,1,0,0,0,0
383485,ZA2,Eastern Cape,ZA2,Eastern Cape,ZA213,Chris Hani,ZA213,Chris Hani,2020-10-13,2020-10-14,165,165,165,2401987.5677261744,680899.6387598536,6189812,20201013,20201014,0.334940582305372,0.572656560540376,0.09240285715425203,0.478383232498069,752217.0,0.334940582305372,0.572656560540376,0.09240285715425203,0.478383232498069,752217.0,-0.29251697892271666,0.057692307692307696,-0.29251697892271666,0.057692307692307696,1,1,1,0,1,0,0,0,0
383486,ZA1,Western Cape,ZA1,Western Cape,ZA103,Overberg,ZA191,City of Cape Town,2020-10-13,2020-10-13,129,128,123,29520621.67617229,9089093.769446235,1712379,20201013,20201013,0.22836513904770692,0.6721314716747349,0.09950338927755827,0.511077351980676,303457.0,0.23849582985172932,0.697186217784503,0.06431795236376775,0.4976008771049945,4436413.0,0.051486772486772484,0.5961538461538461,0.7687640750670242,0.9807692307692307,1,1,1,0,1,0,0,0,0
383487,ZA5,KwaZulu-Natal,ZA5,KwaZulu-Natal,ZA523,Uthukela,ZA523,Uthukela,2020-10-13,2020-10-14,115,115,115,2604297.8457788285,472447.09087682527,4084713,20201013,20201014,0.36014331224838336,0.5864396074090654,0.05341708034255123,0.46782833191779016,652282.0,0.36014331224838336,0.5864396074090654,0.05341708034255123,0.46782833191779016,652282.0,-0.19841226215644822,0.19230769230769232,-0.19841226215644822,0.19230769230769232,1,1,1,0,1,0,0,0,0
383488,ZA5,KwaZulu-Natal,ZA5,KwaZulu-Natal,ZA595,eThekwini,ZA521,Ugu,2020-10-13,2020-10-14,2,2,2,149522.1307686022,68770.73074869161,51778,20201013,20201014,0.2446364969883556,0.6990922562931536,0.05627124671849075,0.494610924976595,3587907.0,0.32122674606698143,0.6016982741355622,0.07707497979745637,0.47391596021954596,714019.0,0.5666580406654343,0.9230769230769231,-0.09480895915678524,0.40384615384615385,1,1,1,0,1,0,0,0,0
383489,ZA4,Free State,ZA4,Free State,ZA494,Mangaung,ZA494,Mangaung,2020-10-13,2020-10-13,5863,2846,2055,185054527.16990337,45297113.12593306,45771785,20201013,20201013,0.26262942751272955,0.6754982029249197,0.06187236956235082,0.4901411892511804,826621.0,0.26262942751272955,0.6754982029249197,0.06187236956235082,0.4901411892511804,826621.0,0.27329104477611943,0.8269230769230769,0.27329104477611943,0.8269230769230769,1,1,1,0,1,0,0,0,0
383490,ZA5,KwaZulu-Natal,ZA5,KwaZulu-Natal,ZA522,Umgungundlovu,ZA522,Umgungundlovu,2020-10-13,2020-10-14,433,433,433,8839977.821827829,3484454.454166311,14397271,20201013,20201014,0.2748377359932372,0.663873035280183,0.06128922872657978,0.48236181888519014,1046905.0,0.2748377359932372,0.663873035280183,0.06128922872657978,0.48236181888519014,1046905.0,0.0061256544502617805,0.5769230769230769,0.0061256544502617805,0.5769230769230769,1,1,1,0,1,0,0,0,0
383491,ZA9,Limpopo,ZA9,Limpopo,ZA934,Vhembe,ZA935,Capricorn,2020-10-13,2020-10-14,2,2,2,919913.3858913544,431169.2099738364,124799,20201013,20201014,0.3433867460978093,0.5887604530714541,0.06785280083073665,0.4597374214109392,1325089.0,0.3265897738288558,0.6007690312860821,0.07264119488506209,0.472231826966417,1295656.0,-0.0767829596412556,0.4230769230769231,0.07397387387387387,0.6346153846153846,1,1,1,0,1,0,0,0,0
383492,ZA7,Gauteng,ZA7,Gauteng,ZA748,West Rand,ZA742,Sedibeng,2020-10-13,2020-10-14,4,4,4,541889.1196331807,236472.6802265583,67335,20201013,20201014,0.23154887232085752,0.7207832829912092,0.047667844687933295,0.5288128906961219,856804.0,0.24393339879416723,0.6953819961266214,0.06068460507921129,0.5059130831550246,994997.0,0.23715802469135805,0.8076923076923077,0.2808379746835443,0.8461538461538461,1,1,1,0,1,0,0,0,0
383493,ZA7,Gauteng,ZA7,Gauteng,ZA797,Ekurhuleni,ZA742,Sedibeng,2020-10-13,2020-10-13,389,387,381,40509181.43740968,16656405.181478402,4132622,20201013,20201013,0.23296733680905687,0.7203157619169479,0.04671690127399521,0.5205474946472306,3739653.0,0.24393339879416723,0.6953819961266214,0.06068460507921129,0.5059130831550246,994997.0,0.7435109289617486,0.9615384615384616,0.2808379746835443,0.8461538461538461,1,1,1,0,1,0,0,0,0
383494,ZA4,Free State,ZA3,Nothern Cape,ZA416,Xhariep,ZA309,Frances Baard,2020-10-13,2020-10-13,8,8,8,1550978.9681700207,421587.5521439607,124819,20201013,20201013,0.29515218562959183,0.6325513667867511,0.07229644758365718,0.5005153225730198,105759.0,0.2860169290028057,0.6497360787483951,0.06424699224879928,0.49189928194398214,420580.0,0.18671264367816093,0.7692307692307693,0.29907801418439717,0.8846153846153846,1,1,1,0,1,0,0,0,0
383495,ZA4,Free State,ZA7,Gauteng,ZA416,Xhariep,ZA742,Sedibeng,2020-10-13,2020-10-13,3,3,3,5060436.278555344,1457224.275876573,93766,20201013,20201013,0.29515218562959183,0.6325513667867511,0.07229644758365718,0.5005153225730198,105759.0,0.24393339879416723,0.6953819961266214,0.06068460507921129,0.5059130831550246,994997.0,0.18671264367816093,0.7692307692307693,0.2808379746835443,0.8461538461538461,1,1,1,0,1,0,0,0,0
383496,ZA7,Gauteng,ZA5,KwaZulu-Natal,ZA798,City of Johannesburg,ZA524,Umzinyathi,2020-10-13,2020-10-13,1,1,1,706128.9697973112,343214.73406048806,47455,20201013,20201013,0.2220629170143196,0.7299897648810346,0.047947318104645836,0.5097433964893054,5540727.0,0.3952311253914291,0.5454951881678106,0.05927368644076033,0.451447242842509,514461.0,0.8818060606060606,1.0,-0.28225945945945946,0.07692307692307693,1,1,1,0,1,0,0,0,0
383497,ZA8,Mpumalanga,ZA8,Mpumalanga,ZA831,Nkangala,ZA832,Ehlanzeni,2020-10-13,2020-10-13,27,27,27,10189303.542347344,4154808.6238401625,554411,20201013,20201013,0.27290691475673784,0.6711806877078121,0.055912397535449986,0.5109201270525474,1573837.0,0.32438893780700045,0.6235217992770762,0.05208926291592337,0.47979089412028486,1837538.0,0.07867808219178082,0.6730769230769231,0.1315940928270042,0.7307692307692307,1,1,1,0,1,0,0,0,0
383498,ZA5,KwaZulu-Natal,ZA5,KwaZulu-Natal,ZA529,iLembe,ZA595,eThekwini,2020-10-13,2020-10-13,216,215,207,30030535.223642983,8487717.480755774,2691780,20201013,20201013,0.32390440311621094,0.6202867780885334,0.05580881879525565,0.4827645772056803,636799.0,0.2446364969883556,0.6990922562931536,0.05627124671849075,0.494610924976595,3587907.0,-0.14951617873651774,0.28846153846153844,0.5666580406654343,0.9230769230769231,1,1,1,0,1,0,0,0,0
383499,ZA9,Limpopo,ZA5,KwaZulu-Natal,ZA935,Capricorn,ZA595,eThekwini,2020-10-13,2020-10-13,1,1,1,1370647.253782763,678686.2137415508,18304,20201013,20201013,0.3265897738288558,0.6007690312860821,0.07264119488506209,0.472231826966417,1295656.0,0.2446364969883556,0.6990922562931536,0.05627124671849075,0.494610924976595,3587907.0,0.07397387387387387,0.6346153846153846,0.5666580406654343,0.9230769230769231,1,1,1,0,1,0,0,0,0
383500,ZA1,Western Cape,ZA1,Western Cape,ZA191,City of Cape Town,ZA102,Cape Winelands,2020-10-13,2020-10-18,1,1,1,206741.5943234862,103008.6098944658,433059,20201013,20201018,0.23849582985172932,0.697186217784503,0.06431795236376775,0.4976008771049945,4436413.0,0.24989252608235304,0.6902123420738123,0.059895131843834624,0.5011121214086944,909523.0,0.7687640750670242,0.9807692307692307,-0.012388831437435367,0.5192307692307693,1,1,1,0,1,0,0,0,0
383501,ZA8,Mpumalanga,ZA7,Gauteng,ZA830,Gert Sibande,ZA799,City of Tshwane,2020-10-13,2020-10-13,21,21,21,7157180.338458927,3487285.2389779,433358,20201013,20201013,0.30688245639051287,0.6412288994160756,0.05188864419341153,0.49968312815881616,1136106.0,0.22283079372412132,0.7204843127840075,0.056684893491871245,0.5057337597223363,3627986.0,-0.11248741610738255,0.36538461538461536,0.48224212034383956,0.9038461538461539,1,1,1,0,1,0,0,0,0
383502,ZA7,Gauteng,ZA7,Gauteng,ZA799,City of Tshwane,ZA799,City of Tshwane,2020-10-13,2020-10-14,2449,2449,2449,52241392.160820186,19743403.48120045,82751090,20201013,20201014,0.22283079372412132,0.7204843127840075,0.056684893491871245,0.5057337597223363,3627986.0,0.22283079372412132,0.7204843127840075,0.056684893491871245,0.5057337597223363,3627986.0,0.48224212034383956,0.9038461538461539,0.48224212034383956,0.9038461538461539,1,1,1,0,1,0,0,0,0
383503,ZA5,KwaZulu-Natal,ZA5,KwaZulu-Natal,ZA529,iLembe,ZA529,iLembe,2020-10-13,2020-10-13,1815,943,693,54480793.645406775,13080573.912948737,12779318,20201013,20201013,0.32390440311621094,0.6202867780885334,0.05580881879525565,0.4827645772056803,636799.0,0.32390440311621094,0.6202867780885334,0.05580881879525565,0.4827645772056803,636799.0,-0.14951617873651774,0.28846153846153844,-0.14951617873651774,0.28846153846153844,1,1,1,0,1,0,0,0,0
383504,ZA7,Gauteng,ZA1,Western Cape,ZA798,City of Johannesburg,ZA191,City of Cape Town,2020-10-13,2020-10-13,19,19,17,50548020.86088149,26848853.29733661,424604,20201013,20201013,0.2220629170143196,0.7299897648810346,0.047947318104645836,0.5097433964893054,5540727.0,0.23849582985172932,0.697186217784503,0.06431795236376775,0.4976008771049945,4436413.0,0.8818060606060606,1.0,0.7687640750670242,0.9807692307692307,1,1,1,0,1,0,0,0,0
383505,ZA2,Eastern Cape,ZA2,Eastern Cape,ZA244,Alfred Nzo,ZA244,Alfred Nzo,2020-10-13,2020-10-14,81,81,81,3312319.459200372,365441.1932107593,2769744,20201013,20201014,0.40782127157510134,0.5221222097470932,0.07005651867780548,0.4576553946475353,788235.0,0.40782127157510134,0.5221222097470932,0.07005651867780548,0.4576553946475353,788235.0,-0.27396673320026615,0.11538461538461539,-0.27396673320026615,0.11538461538461539,1,1,1,0,1,0,0,0,0
383506,ZA1,Western Cape,ZA2,Eastern Cape,ZA104,Eden,ZA210,Cacadu,2020-10-13,2020-10-13,11,11,11,8046567.017402418,2086089.4958815293,262575,20201013,20201013,0.24710205256745305,0.6628052101466374,0.09009273728590954,0.4993180863678119,673839.0,0.2618455236218228,0.6571170870354837,0.08103738934269357,0.4975242081945451,491156.0,0.0004522691705790296,0.5384615384615384,-0.01848062015503876,0.5,1,1,1,0,1,0,0,0,0
383507,ZA2,Eastern Cape,ZA2,Eastern Cape,ZA210,Cacadu,ZA292,Buffalo City,2020-10-13,2020-10-13,7,7,7,4060360.9258524855,1632495.5982248248,121565,20201013,20201013,0.2618455236218228,0.6571170870354837,0.08103738934269357,0.4975242081945451,491156.0,0.254980022080858,0.6758306608485358,0.06918931707060617,0.48177934914042375,760840.0,-0.01848062015503876,0.5,0.09585175879396986,0.6923076923076923,1,1,1,0,1,0,0,0,0
383508,ZA6,North West,ZA3,Nothern Cape,ZA640,Dr Kenneth Kaunda,ZA309,Frances Baard,2020-10-13,2020-10-13,2,2,2,589292.7793137698,426896.58820019104,48936,20201013,20201013,0.27505895171327793,0.6602340041700301,0.06470704411669191,0.5065976875287468,754431.0,0.2860169290028057,0.6497360787483951,0.06424699224879928,0.49189928194398214,420580.0,-0.10069384057971015,0.38461538461538464,0.29907801418439717,0.8846153846153846,1,1,1,0,1,0,0,0,0
383509,ZA1,Western Cape,ZA7,Gauteng,ZA191,City of Cape Town,ZA797,Ekurhuleni,2020-10-13,2020-10-13,23,23,23,56165079.57223145,29479463.710913703,486268,20201013,20201013,0.23849582985172932,0.697186217784503,0.06431795236376775,0.4976008771049945,4436413.0,0.23296733680905687,0.7203157619169479,0.04671690127399521,0.5205474946472306,3739653.0,0.7687640750670242,0.9807692307692307,0.7435109289617486,0.9615384615384616,1,1,1,0,1,0,0,0,0
383510,ZA2,Eastern Cape,ZA2,Eastern Cape,ZA214,Joe Gqabi,ZA214,Joe Gqabi,2020-10-13,2020-10-13,478,248,194,18479608.035733897,4227068.803345356,4435313,20201013,20201013,0.3340471849013029,0.5799636495391386,0.08598916555955849,0.47733103958194023,339473.0,0.3340471849013029,0.5799636495391386,0.08598916555955849,0.47733103958194023,339473.0,-0.1839776119402985,0.21153846153846154,-0.1839776119402985,0.21153846153846154,1,1,1,0,1,0,0,0,0
383511,ZA8,Mpumalanga,ZA8,Mpumalanga,ZA832,Ehlanzeni,ZA832,Ehlanzeni,2020-10-13,2020-10-13,5345,2664,1950,283041618.604384,58848207.07913659,43591366,20201013,20201013,0.32438893780700045,0.6235217992770762,0.05208926291592337,0.47979089412028486,1837538.0,0.32438893780700045,0.6235217992770762,0.05208926291592337,0.47979089412028486,1837538.0,0.1315940928270042,0.7307692307692307,0.1315940928270042,0.7307692307692307,1,1,1,0,1,0,0,0,0
383512,ZA7,Gauteng,ZA1,Western Cape,ZA798,City of Johannesburg,ZA105,Central Karoo,2020-10-13,2020-10-13,7,6,6,19076333.07463853,6412304.646214329,309292,20201013,20201013,0.2220629170143196,0.7299897648810346,0.047947318104645836,0.5097433964893054,5540727.0,0.29415328297801036,0.633639246216906,0.07220747080508365,0.4979247763656518,77582.0,0.8818060606060606,1.0,-0.12604477611940298,0.3269230769230769,1,1,1,0,1,0,0,0,0
383514,ZA9,Limpopo,ZA9,Limpopo,ZA947,Sekhukhune,ZA947,Sekhukhune,2020-10-13,2020-10-13,1827,865,610,73578559.5038366,18006421.571178675,13359489,20201013,20201013,0.3536917516859454,0.5707075150199985,0.07560073329405607,0.46486328935523974,1125333.0,0.3536917516859454,0.5707075150199985,0.07560073329405607,0.46486328935523974,1125333.0,-0.06015677966101695,0.4423076923076923,-0.06015677966101695,0.4423076923076923,1,1,1,0,1,0,0,0,0
383515,ZA5,KwaZulu-Natal,ZA5,KwaZulu-Natal,ZA543,Sisonke,ZA543,Sisonke,2020-10-13,2020-10-14,46,46,46,2016973.140394223,308468.53328863566,1560058,20201013,20201014,0.37293146983899067,0.5707096800166399,0.05635885014436937,0.4671305273563743,447117.0,0.37293146983899067,0.5707096800166399,0.05635885014436937,0.4671305273563743,447117.0,-0.2112274881516588,0.17307692307692307,-0.2112274881516588,0.17307692307692307,1,1,1,0,1,0,0,0,0
383516,ZA7,Gauteng,ZA7,Gauteng,ZA799,City of Tshwane,ZA797,Ekurhuleni,2020-10-13,2020-10-14,58,58,58,7599161.731921555,2777466.419197421,1830739,20201013,20201014,0.22283079372412132,0.7204843127840075,0.056684893491871245,0.5057337597223363,3627986.0,0.23296733680905687,0.7203157619169479,0.04671690127399521,0.5205474946472306,3739653.0,0.48224212034383956,0.9038461538461539,0.7435109289617486,0.9615384615384616,1,1,1,0,1,0,0,0,0
383517,ZA4,Free State,ZA7,Gauteng,ZA419,Thabo Mofutsanyane,ZA797,Ekurhuleni,2020-10-13,2020-10-16,1,1,1,235189.4660603579,235189.4660603579,241045,20201013,20201016,0.31143326559338835,0.6251823622683981,0.06338437213821363,0.47028720831466336,662829.0,0.23296733680905687,0.7203157619169479,0.04671690127399521,0.5205474946472306,3739653.0,0.10770218579234972,0.7115384615384616,0.7435109289617486,0.9615384615384616,1,1,1,0,1,0,0,0,0
383518,ZA9,Limpopo,ZA9,Limpopo,ZA935,Capricorn,ZA934,Vhembe,2020-10-13,2020-10-13,27,27,27,8597473.320016019,2857761.515384598,388970,20201013,20201013,0.3265897738288558,0.6007690312860821,0.07264119488506209,0.472231826966417,1295656.0,0.3433867460978093,0.5887604530714541,0.06785280083073665,0.4597374214109392,1325089.0,0.07397387387387387,0.6346153846153846,-0.0767829596412556,0.4230769230769231,1,1,1,0,1,0,0,0,0
383519,ZA7,Gauteng,ZA7,Gauteng,ZA797,Ekurhuleni,ZA797,Ekurhuleni,2020-10-13,2020-10-14,2238,2238,2237,41653389.65051496,14218788.32786604,78221760,20201013,20201014,0.23296733680905687,0.7203157619169479,0.04671690127399521,0.5205474946472306,3739653.0,0.23296733680905687,0.7203157619169479,0.04671690127399521,0.5205474946472306,3739653.0,0.7435109289617486,0.9615384615384616,0.7435109289617486,0.9615384615384616,1,1,1,0,1,0,0,0,0
383520,ZA7,Gauteng,ZA7,Gauteng,ZA799,City of Tshwane,ZA797,Ekurhuleni,2020-10-13,2020-10-13,1048,1043,1017,136251650.73254597,41338395.62183028,13577883,20201013,20201013,0.22283079372412132,0.7204843127840075,0.056684893491871245,0.5057337597223363,3627986.0,0.23296733680905687,0.7203157619169479,0.04671690127399521,0.5205474946472306,3739653.0,0.48224212034383956,0.9038461538461539,0.7435109289617486,0.9615384615384616,1,1,1,0,1,0,0,0,0
383521,ZA4,Free State,ZA3,Nothern Cape,ZA416,Xhariep,ZA307,Pixley ka Seme,2020-10-13,2020-10-13,11,11,11,7335439.862969184,1725119.095089642,201453,20201013,20201013,0.29515218562959183,0.6325513667867511,0.07229644758365718,0.5005153225730198,105759.0,0.3060749448635213,0.6232332132979509,0.0706918418385278,0.5011842246002923,196331.0,0.18671264367816093,0.7692307692307693,0.1854655172413793,0.75,1,1,1,0,1,0,0,0,0
383522,ZA2,Eastern Cape,ZA5,KwaZulu-Natal,ZA244,Alfred Nzo,ZA543,Sisonke,2020-10-13,2020-10-13,15,14,13,1632093.7501403862,831668.0584225694,189700,20201013,20201013,0.40782127157510134,0.5221222097470932,0.07005651867780548,0.4576553946475353,788235.0,0.37293146983899067,0.5707096800166399,0.05635885014436937,0.4671305273563743,447117.0,-0.27396673320026615,0.11538461538461539,-0.2112274881516588,0.17307692307692307,1,1,1,0,1,0,0,0,0
383523,ZA9,Limpopo,ZA8,Mpumalanga,ZA947,Sekhukhune,ZA832,Ehlanzeni,2020-10-13,2020-10-13,62,60,57,9343448.072455795,3436409.556738147,500352,20201013,20201013,0.3536917516859454,0.5707075150199985,0.07560073329405607,0.46486328935523974,1125333.0,0.32438893780700045,0.6235217992770762,0.05208926291592337,0.47979089412028486,1837538.0,-0.06015677966101695,0.4423076923076923,0.1315940928270042,0.7307692307692307,1,1,1,0,1,0,0,0,0
383524,ZA2,Eastern Cape,ZA2,Eastern Cape,ZA213,Chris Hani,ZA214,Joe Gqabi,2020-10-13,2020-10-13,11,11,11,1005624.0114008564,526534.8150781885,26303,20201013,20201013,0.334940582305372,0.572656560540376,0.09240285715425203,0.478383232498069,752217.0,0.3340471849013029,0.5799636495391386,0.08598916555955849,0.47733103958194023,339473.0,-0.29251697892271666,0.057692307692307696,-0.1839776119402985,0.21153846153846154,1,1,1,0,1,0,0,0,0
383525,ZA5,KwaZulu-Natal,ZA5,KwaZulu-Natal,ZA522,Umgungundlovu,ZA543,Sisonke,2020-10-13,2020-10-13,13,13,13,2789956.547200185,1414286.1339266915,159296,20201013,20201013,0.2748377359932372,0.663873035280183,0.06128922872657978,0.48236181888519014,1046905.0,0.37293146983899067,0.5707096800166399,0.05635885014436937,0.4671305273563743,447117.0,0.0061256544502617805,0.5769230769230769,-0.2112274881516588,0.17307692307692307,1,1,1,0,1,0,0,0,0
383526,ZA4,Free State,ZA4,Free State,ZA494,Mangaung,ZA416,Xhariep,2020-10-13,2020-10-13,33,33,32,7803896.828258883,3499760.1772309053,524854,20201013,20201013,0.26262942751272955,0.6754982029249197,0.06187236956235082,0.4901411892511804,826621.0,0.29515218562959183,0.6325513667867511,0.07229644758365718,0.5005153225730198,105759.0,0.27329104477611943,0.8269230769230769,0.18671264367816093,0.7692307692307693,1,1,1,0,1,0,0,0,0
383527,ZA6,North West,ZA6,North West,ZA638,Ngaka Modiri Molema,ZA637,Bojanala,2020-10-13,2020-10-13,10,10,10,3627685.553614124,1458513.9892761891,173215,20201013,20201013,0.3236353449196357,0.6078801705223251,0.06848448455803925,0.4964769205863341,870971.0,0.25082919250139085,0.6903465537718604,0.05882425372674875,0.5380589003726469,1786678.0,-0.18344824707846413,0.23076923076923078,0.07430676328502415,0.6538461538461539,1,1,1,0,1,0,0,0,0
383528,ZA3,Nothern Cape,ZA3,Nothern Cape,ZA307,Pixley ka Seme,ZA307,Pixley ka Seme,2020-10-13,2020-10-13,697,371,238,44107056.78580574,9065883.389155457,5205658,20201013,20201013,0.3060749448635213,0.6232332132979509,0.0706918418385278,0.5011842246002923,196331.0,0.3060749448635213,0.6232332132979509,0.0706918418385278,0.5011842246002923,196331.0,0.1854655172413793,0.75,0.1854655172413793,0.75,1,1,1,0,1,0,0,0,0
383529,ZA1,Western Cape,ZA1,Western Cape,ZA102,Cape Winelands,ZA102,Cape Winelands,2020-10-13,2020-10-14,314,314,314,6705753.447789485,2119055.614149367,11438938,20201013,20201014,0.24989252608235304,0.6902123420738123,0.059895131843834624,0.5011121214086944,909523.0,0.24989252608235304,0.6902123420738123,0.059895131843834624,0.5011121214086944,909523.0,-0.012388831437435367,0.5192307692307693,-0.012388831437435367,0.5192307692307693,1,1,1,0,1,0,0,0,0
383530,ZA5,KwaZulu-Natal,ZA5,KwaZulu-Natal,ZA525,Amajuba,ZA525,Amajuba,2020-10-13,2020-10-14,148,148,148,2217909.3583776047,853292.2376572851,5520255,20201013,20201014,0.3311353387795859,0.6144200377537888,0.05444462346662529,0.48045773982507545,502731.0,0.3311353387795859,0.6144200377537888,0.05444462346662529,0.48045773982507545,502731.0,-0.16864155251141552,0.25,-0.16864155251141552,0.25,1,1,1,0,1,0,0,0,0
383531,ZA5,KwaZulu-Natal,ZA4,Free State,ZA523,Uthukela,ZA419,Thabo Mofutsanyane,2020-10-13,2020-10-13,10,10,10,2988944.5869755745,1157030.1083860062,111189,20201013,20201013,0.36014331224838336,0.5864396074090654,0.05341708034255123,0.46782833191779016,652282.0,0.31143326559338835,0.6251823622683981,0.06338437213821363,0.47028720831466336,662829.0,-0.19841226215644822,0.19230769230769232,0.10770218579234972,0.7115384615384616,1,1,1,0,1,0,0,0,0
383532,ZA4,Free State,ZA7,Gauteng,ZA494,Mangaung,ZA797,Ekurhuleni,2020-10-13,2020-10-13,2,2,2,3860921.774428137,1198220.341478503,65114,20201013,20201013,0.26262942751272955,0.6754982029249197,0.06187236956235082,0.4901411892511804,826621.0,0.23296733680905687,0.7203157619169479,0.04671690127399521,0.5205474946472306,3739653.0,0.27329104477611943,0.8269230769230769,0.7435109289617486,0.9615384615384616,1,1,1,0,1,0,0,0,0
383533,ZA5,KwaZulu-Natal,ZA5,KwaZulu-Natal,ZA522,Umgungundlovu,ZA522,Umgungundlovu,2020-10-13,2020-10-13,4108,2082,1536,128134755.80800216,31703091.129688025,34793375,20201013,20201013,0.2748377359932372,0.663873035280183,0.06128922872657978,0.48236181888519014,1046905.0,0.2748377359932372,0.663873035280183,0.06128922872657978,0.48236181888519014,1046905.0,0.0061256544502617805,0.5769230769230769,0.0061256544502617805,0.5769230769230769,1,1,1,0,1,0,0,0,0
383534,ZA5,KwaZulu-Natal,ZA5,KwaZulu-Natal,ZA522,Umgungundlovu,ZA595,eThekwini,2020-10-13,2020-10-13,154,153,149,25009674.785906862,8912928.862673072,1941333,20201013,20201013,0.2748377359932372,0.663873035280183,0.06128922872657978,0.48236181888519014,1046905.0,0.2446364969883556,0.6990922562931536,0.05627124671849075,0.494610924976595,3587907.0,0.0061256544502617805,0.5769230769230769,0.5666580406654343,0.9230769230769231,1,1,1,0,1,0,0,0,0
383535,ZA8,Mpumalanga,ZA5,KwaZulu-Natal,ZA830,Gert Sibande,ZA595,eThekwini,2020-10-13,2020-10-13,4,4,4,3486472.9065077296,1621045.5437863665,125927,20201013,20201013,0.30688245639051287,0.6412288994160756,0.05188864419341153,0.49968312815881616,1136106.0,0.2446364969883556,0.6990922562931536,0.05627124671849075,0.494610924976595,3587907.0,-0.11248741610738255,0.36538461538461536,0.5666580406654343,0.9230769230769231,1,1,1,0,1,0,0,0,0
383536,ZA3,Nothern Cape,ZA3,Nothern Cape,ZA307,Pixley ka Seme,ZA307,Pixley ka Seme,2020-10-13,2020-10-14,59,59,59,3528793.5706869606,393767.98418468353,2393689,20201013,20201014,0.3060749448635213,0.6232332132979509,0.0706918418385278,0.5011842246002923,196331.0,0.3060749448635213,0.6232332132979509,0.0706918418385278,0.5011842246002923,196331.0,0.1854655172413793,0.75,0.1854655172413793,0.75,1,1,1,0,1,0,0,0,0
383537,ZA4,Free State,ZA4,Free State,ZA418,Lejweleputswa,ZA420,Fezile Dabi,2020-10-13,2020-10-13,33,33,33,5702410.007913652,2171597.868727444,471447,20201013,20201013,0.27941650281351393,0.6617931601395349,0.058790337046951115,0.500105365269169,574193.0,0.2705098118551487,0.6604572122193,0.06903297592555128,0.5050070807202104,494300.0,0.29495049504950493,0.8653846153846154,0.2276555023923445,0.7884615384615384,1,1,1,0,1,0,0,0,0
383538,ZA7,Gauteng,ZA4,Free State,ZA799,City of Tshwane,ZA418,Lejweleputswa,2020-10-13,2020-10-13,3,3,3,10781763.622039106,5060226.361991091,98006,20201013,20201013,0.22283079372412132,0.7204843127840075,0.056684893491871245,0.5057337597223363,3627986.0,0.27941650281351393,0.6617931601395349,0.058790337046951115,0.500105365269169,574193.0,0.48224212034383956,0.9038461538461539,0.29495049504950493,0.8653846153846154,1,1,1,0,1,0,0,0,0
383539,ZA8,Mpumalanga,ZA8,Mpumalanga,ZA832,Ehlanzeni,ZA832,Ehlanzeni,2020-10-13,2020-10-14,532,531,531,14896069.748165973,3830781.746718891,18714428,20201013,20201014,0.32438893780700045,0.6235217992770762,0.05208926291592337,0.47979089412028486,1837538.0,0.32438893780700045,0.6235217992770762,0.05208926291592337,0.47979089412028486,1837538.0,0.1315940928270042,0.7307692307692307,0.1315940928270042,0.7307692307692307,1,1,1,0,1,0,0,0,0
383540,ZA9,Limpopo,ZA9,Limpopo,ZA947,Sekhukhune,ZA933,Mopani,2020-10-13,2020-10-13,5,5,5,2573634.5339772697,592060.8815974197,81476,20201013,20201013,0.3536917516859454,0.5707075150199985,0.07560073329405607,0.46486328935523974,1125333.0,0.3329418650827259,0.6026296126910996,0.06442852222617454,0.46142626187343905,1062666.0,-0.06015677966101695,0.4423076923076923,-0.037928345626975765,0.4807692307692308,1,1,1,0,1,0,0,0,0
383541,ZA9,Limpopo,ZA7,Gauteng,ZA935,Capricorn,ZA799,City of Tshwane,2020-10-13,2020-10-13,14,14,14,7140607.1900812695,3774899.4113810775,312060,20201013,20201013,0.3265897738288558,0.6007690312860821,0.07264119488506209,0.472231826966417,1295656.0,0.22283079372412132,0.7204843127840075,0.056684893491871245,0.5057337597223363,3627986.0,0.07397387387387387,0.6346153846153846,0.48224212034383956,0.9038461538461539,1,1,1,0,1,0,0,0,0
383542,ZA2,Eastern Cape,ZA2,Eastern Cape,ZA212,Amathole,ZA212,Amathole,2020-10-13,2020-10-13,645,357,274,24729565.344039317,6909083.530999394,6731308,20201013,20201013,0.32816698449842097,0.5696178168124134,0.1022151986891656,0.47434426623917664,789726.0,0.32816698449842097,0.5696178168124134,0.1022151986891656,0.47434426623917664,789726.0,-0.3192883211678832,0.019230769230769232,-0.3192883211678832,0.019230769230769232,1,1,1,0,1,0,0,0,0
383543,ZA6,North West,ZA6,North West,ZA640,Dr Kenneth Kaunda,ZA640,Dr Kenneth Kaunda,2020-10-13,2020-10-13,5028,2525,1717,180132687.5176845,45943689.41689064,37189565,20201013,20201013,0.27505895171327793,0.6602340041700301,0.06470704411669191,0.5065976875287468,754431.0,0.27505895171327793,0.6602340041700301,0.06470704411669191,0.5065976875287468,754431.0,-0.10069384057971015,0.38461538461538464,-0.10069384057971015,0.38461538461538464,1,1,1,0,1,0,0,0,0
383544,ZA9,Limpopo,ZA9,Limpopo,ZA933,Mopani,ZA933,Mopani,2020-10-13,2020-10-14,243,243,243,5576154.357787278,2620879.9511095565,8882012,20201013,20201014,0.3329418650827259,0.6026296126910996,0.06442852222617454,0.46142626187343905,1062666.0,0.3329418650827259,0.6026296126910996,0.06442852222617454,0.46142626187343905,1062666.0,-0.037928345626975765,0.4807692307692308,-0.037928345626975765,0.4807692307692308,1,1,1,0,1,0,0,0,0
383545,ZA1,Western Cape,ZA1,Western Cape,ZA105,Central Karoo,ZA102,Cape Winelands,2020-10-13,2020-10-13,2,2,2,2759079.631021866,245645.15526713757,23289,20201013,20201013,0.29415328297801036,0.633639246216906,0.07220747080508365,0.4979247763656518,77582.0,0.24989252608235304,0.6902123420738123,0.059895131843834624,0.5011121214086944,909523.0,-0.12604477611940298,0.3269230769230769,-0.012388831437435367,0.5192307692307693,1,1,1,0,1,0,0,0,0
383546,ZA7,Gauteng,ZA1,Western Cape,ZA797,Ekurhuleni,ZA102,Cape Winelands,2020-10-13,2020-10-23,1,1,1,1257697.723464358,1257697.723464358,842776,20201013,20201023,0.23296733680905687,0.7203157619169479,0.04671690127399521,0.5205474946472306,3739653.0,0.24989252608235304,0.6902123420738123,0.059895131843834624,0.5011121214086944,909523.0,0.7435109289617486,0.9615384615384616,-0.012388831437435367,0.5192307692307693,1,1,1,0,1,0,0,0,0
383547,ZA7,Gauteng,ZA7,Gauteng,ZA798,City of Johannesburg,ZA748,West Rand,2020-10-13,2020-10-14,55,55,55,2428667.014395237,1035097.7805037724,1905744,20201013,20201014,0.2220629170143196,0.7299897648810346,0.047947318104645836,0.5097433964893054,5540727.0,0.23154887232085752,0.7207832829912092,0.047667844687933295,0.5288128906961219,856804.0,0.8818060606060606,1.0,0.23715802469135805,0.8076923076923077,1,1,1,0,1,0,0,0,0
383548,ZA7,Gauteng,ZA7,Gauteng,ZA742,Sedibeng,ZA798,City of Johannesburg,2020-10-13,2020-10-13,298,292,285,35472256.942826524,14010304.99851834,4635591,20201013,20201013,0.24393339879416723,0.6953819961266214,0.06068460507921129,0.5059130831550246,994997.0,0.2220629170143196,0.7299897648810346,0.047947318104645836,0.5097433964893054,5540727.0,0.2808379746835443,0.8461538461538461,0.8818060606060606,1.0,1,1,1,0,1,0,0,0,0
383549,ZA9,Limpopo,ZA6,North West,ZA936,Waterberg,ZA637,Bojanala,2020-10-13,2020-10-13,26,25,25,4648670.654973984,1575818.7621317832,333042,20201013,20201013,0.2870915348782833,0.6477210572390478,0.06518740788266879,0.5138960603357211,718513.0,0.25082919250139085,0.6903465537718604,0.05882425372674875,0.5380589003726469,1786678.0,0.00236898395721925,0.5576923076923077,0.07430676328502415,0.6538461538461539,1,1,1,0,1,0,0,0,0
383550,ZA9,Limpopo,ZA7,Gauteng,ZA947,Sekhukhune,ZA799,City of Tshwane,2020-10-13,2020-10-21,1,1,1,285817.92429837416,134873.0593248094,663276,20201013,20201021,0.3536917516859454,0.5707075150199985,0.07560073329405607,0.46486328935523974,1125333.0,0.22283079372412132,0.7204843127840075,0.056684893491871245,0.5057337597223363,3627986.0,-0.06015677966101695,0.4423076923076923,0.48224212034383956,0.9038461538461539,1,1,1,0,1,0,0,0,0
383551,ZA9,Limpopo,ZA9,Limpopo,ZA947,Sekhukhune,ZA947,Sekhukhune,2020-10-13,2020-10-14,162,162,162,3510016.877387845,1043606.5203051368,5576842,20201013,20201014,0.3536917516859454,0.5707075150199985,0.07560073329405607,0.46486328935523974,1125333.0,0.3536917516859454,0.5707075150199985,0.07560073329405607,0.46486328935523974,1125333.0,-0.06015677966101695,0.4423076923076923,-0.06015677966101695,0.4423076923076923,1,1,1,0,1,0,0,0,0
383552,ZA6,North West,ZA6,North West,ZA638,Ngaka Modiri Molema,ZA638,Ngaka Modiri Molema,2020-10-13,2020-10-14,196,196,196,4742125.581646616,887569.4687393596,6634313,20201013,20201014,0.3236353449196357,0.6078801705223251,0.06848448455803925,0.4964769205863341,870971.0,0.3236353449196357,0.6078801705223251,0.06848448455803925,0.4964769205863341,870971.0,-0.18344824707846413,0.23076923076923078,-0.18344824707846413,0.23076923076923078,1,1,1,0,1,0,0,0,0
383553,ZA5,KwaZulu-Natal,ZA5,KwaZulu-Natal,ZA521,Ugu,ZA521,Ugu,2020-10-13,2020-10-13,1585,795,584,102156376.0873443,14762431.799833924,11508281,20201013,20201013,0.32122674606698143,0.6016982741355622,0.07707497979745637,0.47391596021954596,714019.0,0.32122674606698143,0.6016982741355622,0.07707497979745637,0.47391596021954596,714019.0,-0.09480895915678524,0.40384615384615385,-0.09480895915678524,0.40384615384615385,1,1,1,0,1,0,0,0,0
383554,ZA6,North West,ZA6,North West,ZA638,Ngaka Modiri Molema,ZA639,Dr Ruth Segomotsi Mompati,2020-10-13,2020-10-13,15,15,15,3399720.003122465,1481155.5667231493,324323,20201013,20201013,0.3236353449196357,0.6078801705223251,0.06848448455803925,0.4964769205863341,870971.0,0.3412335579082451,0.5850872971649528,0.07367914492680208,0.4911837461796937,473784.0,-0.18344824707846413,0.23076923076923078,-0.16626678765880218,0.2692307692307692,1,1,1,0,1,0,0,0,0
383555,ZA5,KwaZulu-Natal,ZA5,KwaZulu-Natal,ZA522,Umgungundlovu,ZA528,Uthungulu,2020-10-13,2020-10-15,1,1,1,413637.4337012231,197705.3798273206,173938,20201013,20201015,0.2748377359932372,0.663873035280183,0.06128922872657978,0.48236181888519014,1046905.0,0.3398562749304085,0.6096443299200878,0.05049939514950375,0.4759701217345943,889476.0,0.0061256544502617805,0.5769230769230769,-0.2202014106583072,0.15384615384615385,1,1,1,0,1,0,0,0,0
383556,ZA7,Gauteng,ZA6,North West,ZA748,West Rand,ZA637,Bojanala,2020-10-13,2020-10-13,49,49,47,6566732.564753776,2622458.409910709,606439,20201013,20201013,0.23154887232085752,0.7207832829912092,0.047667844687933295,0.5288128906961219,856804.0,0.25082919250139085,0.6903465537718604,0.05882425372674875,0.5380589003726469,1786678.0,0.23715802469135805,0.8076923076923077,0.07430676328502415,0.6538461538461539,1,1,1,0,1,0,0,0,0
383557,ZA5,KwaZulu-Natal,ZA5,KwaZulu-Natal,ZA595,eThekwini,ZA523,Uthukela,2020-10-13,2020-10-13,10,10,10,6074822.393615663,1924652.8284976764,221693,20201013,20201013,0.2446364969883556,0.6990922562931536,0.05627124671849075,0.494610924976595,3587907.0,0.36014331224838336,0.5864396074090654,0.05341708034255123,0.46782833191779016,652282.0,0.5666580406654343,0.9230769230769231,-0.19841226215644822,0.19230769230769232,1,1,1,0,1,0,0,0,0
383558,ZA1,Western Cape,ZA1,Western Cape,ZA102,Cape Winelands,ZA103,Overberg,2020-10-13,2020-10-28,1,1,1,141702.6942850039,141702.6942850039,1326619,20201013,20201028,0.24989252608235304,0.6902123420738123,0.059895131843834624,0.5011121214086944,909523.0,0.22836513904770692,0.6721314716747349,0.09950338927755827,0.511077351980676,303457.0,-0.012388831437435367,0.5192307692307693,0.051486772486772484,0.5961538461538461,1,1,1,0,1,0,0,0,0
383559,ZA8,Mpumalanga,ZA8,Mpumalanga,ZA832,Ehlanzeni,ZA830,Gert Sibande,2020-10-13,2020-10-13,11,11,11,3503807.6854474638,1629105.8291102285,328227,20201013,20201013,0.32438893780700045,0.6235217992770762,0.05208926291592337,0.47979089412028486,1837538.0,0.30688245639051287,0.6412288994160756,0.05188864419341153,0.49968312815881616,1136106.0,0.1315940928270042,0.7307692307692307,-0.11248741610738255,0.36538461538461536,1,1,1,0,1,0,0,0,0
383560,ZA4,Free State,ZA3,Nothern Cape,ZA494,Mangaung,ZA307,Pixley ka Seme,2020-10-13,2020-10-13,4,4,4,2285732.838194985,1216550.0650232474,147952,20201013,20201013,0.26262942751272955,0.6754982029249197,0.06187236956235082,0.4901411892511804,826621.0,0.3060749448635213,0.6232332132979509,0.0706918418385278,0.5011842246002923,196331.0,0.27329104477611943,0.8269230769230769,0.1854655172413793,0.75,1,1,1,0,1,0,0,0,0
383561,ZA1,Western Cape,ZA1,Western Cape,ZA191,City of Cape Town,ZA102,Cape Winelands,2020-10-13,2020-10-13,886,878,851,85699077.723511,30142097.56857545,14054833,20201013,20201013,0.23849582985172932,0.697186217784503,0.06431795236376775,0.4976008771049945,4436413.0,0.24989252608235304,0.6902123420738123,0.059895131843834624,0.5011121214086944,909523.0,0.7687640750670242,0.9807692307692307,-0.012388831437435367,0.5192307692307693,1,1,1,0,1,0,0,0,0
383562,ZA1,Western Cape,ZA1,Western Cape,ZA104,Eden,ZA104,Eden,2020-10-13,2020-10-14,404,404,404,8912372.608075557,1919151.5466352552,14284490,20201013,20201014,0.24710205256745305,0.6628052101466374,0.09009273728590954,0.4993180863678119,673839.0,0.24710205256745305,0.6628052101466374,0.09009273728590954,0.4993180863678119,673839.0,0.0004522691705790296,0.5384615384615384,0.0004522691705790296,0.5384615384615384,1,1,1,0,1,0,0,0,0
383563,ZA3,Nothern Cape,ZA3,Nothern Cape,ZA308,Z F Mgcawu,ZA308,Z F Mgcawu,2020-10-13,2020-10-13,869,426,320,63208855.499287,8650429.149172585,7137343,20201013,20201013,0.27601757542529287,0.6641943181028425,0.059788106471864645,0.5142626583989065,258998.0,0.27601757542529287,0.6641943181028425,0.059788106471864645,0.5142626583989065,258998.0,-0.04016603773584906,0.46153846153846156,-0.04016603773584906,0.46153846153846156,1,1,1,0,1,0,0,0,0
383564,ZA7,Gauteng,ZA4,Free State,ZA742,Sedibeng,ZA420,Fezile Dabi,2020-10-13,2020-10-13,276,274,262,16699995.413354011,6732184.245556193,3117206,20201013,20201013,0.24393339879416723,0.6953819961266214,0.06068460507921129,0.5059130831550246,994997.0,0.2705098118551487,0.6604572122193,0.06903297592555128,0.5050070807202104,494300.0,0.2808379746835443,0.8461538461538461,0.2276555023923445,0.7884615384615384,1,1,1,0,1,0,0,0,0
383565,ZA5,KwaZulu-Natal,ZA7,Gauteng,ZA529,iLembe,ZA799,City of Tshwane,2020-10-13,2020-10-13,4,4,4,4762834.705583649,2406929.7519542505,97615,20201013,20201013,0.32390440311621094,0.6202867780885334,0.05580881879525565,0.4827645772056803,636799.0,0.22283079372412132,0.7204843127840075,0.056684893491871245,0.5057337597223363,3627986.0,-0.14951617873651774,0.28846153846153844,0.48224212034383956,0.9038461538461539,1,1,1,0,1,0,0,0,0
383566,ZA6,North West,ZA6,North West,ZA639,Dr Ruth Segomotsi Mompati,ZA639,Dr Ruth Segomotsi Mompati,2020-10-13,2020-10-14,72,72,72,3017606.238027662,400435.3661576072,2291643,20201013,20201014,0.3412335579082451,0.5850872971649528,0.07367914492680208,0.4911837461796937,473784.0,0.3412335579082451,0.5850872971649528,0.07367914492680208,0.4911837461796937,473784.0,-0.16626678765880218,0.2692307692307692,-0.16626678765880218,0.2692307692307692,1,1,1,0,1,0,0,0,0
383567,ZA4,Free State,ZA5,KwaZulu-Natal,ZA419,Thabo Mofutsanyane,ZA525,Amajuba,2020-10-13,2020-10-13,2,2,2,585644.3621083952,189564.7520735748,6840,20201013,20201013,0.31143326559338835,0.6251823622683981,0.06338437213821363,0.47028720831466336,662829.0,0.3311353387795859,0.6144200377537888,0.05444462346662529,0.48045773982507545,502731.0,0.10770218579234972,0.7115384615384616,-0.16864155251141552,0.25,1,1,1,0,1,0,0,0,0
383568,ZA2,Eastern Cape,ZA5,KwaZulu-Natal,ZA215,O.R.Tambo,ZA521,Ugu,2020-10-13,2020-10-13,1,1,1,185568.59122874436,88543.69590708542,11585,20201013,20201013,0.38804558548824664,0.5482866433400703,0.06366777117168307,0.4623163104135049,1358678.0,0.32122674606698143,0.6016982741355622,0.07707497979745637,0.47391596021954596,714019.0,-0.23807536101083035,0.1346153846153846,-0.09480895915678524,0.40384615384615385,1,1,1,0,1,0,0,0,0
383569,ZA6,North West,ZA7,Gauteng,ZA640,Dr Kenneth Kaunda,ZA798,City of Johannesburg,2020-10-13,2020-10-14,1,1,1,522025.4003090674,133254.87408534694,49282,20201013,20201014,0.27505895171327793,0.6602340041700301,0.06470704411669191,0.5065976875287468,754431.0,0.2220629170143196,0.7299897648810346,0.047947318104645836,0.5097433964893054,5540727.0,-0.10069384057971015,0.38461538461538464,0.8818060606060606,1.0,1,1,1,0,1,0,0,0,0
383570,ZA7,Gauteng,ZA4,Free State,ZA742,Sedibeng,ZA420,Fezile Dabi,2020-10-13,2020-10-14,8,8,8,424140.3478945596,168635.07808480263,208548,20201013,20201014,0.24393339879416723,0.6953819961266214,0.06068460507921129,0.5059130831550246,994997.0,0.2705098118551487,0.6604572122193,0.06903297592555128,0.5050070807202104,494300.0,0.2808379746835443,0.8461538461538461,0.2276555023923445,0.7884615384615384,1,1,1,0,1,0,0,0,0
383571,ZA7,Gauteng,ZA2,Eastern Cape,ZA799,City of Tshwane,ZA292,Buffalo City,2020-10-13,2020-10-13,3,3,3,4057109.097061834,2429962.1187778367,134123,20201013,20201013,0.22283079372412132,0.7204843127840075,0.056684893491871245,0.5057337597223363,3627986.0,0.254980022080858,0.6758306608485358,0.06918931707060617,0.48177934914042375,760840.0,0.48224212034383956,0.9038461538461539,0.09585175879396986,0.6923076923076923,1,1,1,0,1,0,0,0,0
383572,ZA5,KwaZulu-Natal,ZA5,KwaZulu-Natal,ZA595,eThekwini,ZA521,Ugu,2020-10-13,2020-10-13,69,65,63,24448539.56677853,4404413.081758585,952098,20201013,20201013,0.2446364969883556,0.6990922562931536,0.05627124671849075,0.494610924976595,3587907.0,0.32122674606698143,0.6016982741355622,0.07707497979745637,0.47391596021954596,714019.0,0.5666580406654343,0.9230769230769231,-0.09480895915678524,0.40384615384615385,1,1,1,0,1,0,0,0,0
383573,ZA4,Free State,ZA6,North West,ZA420,Fezile Dabi,ZA640,Dr Kenneth Kaunda,2020-10-13,2020-10-14,4,4,4,1116186.8135031543,489557.74183220754,215416,20201013,20201014,0.2705098118551487,0.6604572122193,0.06903297592555128,0.5050070807202104,494300.0,0.27505895171327793,0.6602340041700301,0.06470704411669191,0.5065976875287468,754431.0,0.2276555023923445,0.7884615384615384,-0.10069384057971015,0.38461538461538464,1,1,1,0,1,0,0,0,0
383574,ZA5,KwaZulu-Natal,ZA5,KwaZulu-Natal,ZA527,Umkhanyakude,ZA528,Uthungulu,2020-10-13,2020-10-13,10,10,9,1640714.14817011,627402.5938859438,157917,20201013,20201013,0.40017378652548197,0.5489306999026919,0.05089551357182606,0.4622270789873748,643318.0,0.3398562749304085,0.6096443299200878,0.05049939514950375,0.4759701217345943,889476.0,-0.31784377542717657,0.038461538461538464,-0.2202014106583072,0.15384615384615385,1,1,1,0,1,0,0,0,0
383575,ZA6,North West,ZA6,North West,ZA639,Dr Ruth Segomotsi Mompati,ZA638,Ngaka Modiri Molema,2020-10-13,2020-10-13,14,14,14,3784781.819059056,1429257.417417206,198468,20201013,20201013,0.3412335579082451,0.5850872971649528,0.07367914492680208,0.4911837461796937,473784.0,0.3236353449196357,0.6078801705223251,0.06848448455803925,0.4964769205863341,870971.0,-0.16626678765880218,0.2692307692307692,-0.18344824707846413,0.23076923076923078,1,1,1,0,1,0,0,0,0
383576,ZA8,Mpumalanga,ZA7,Gauteng,ZA831,Nkangala,ZA799,City of Tshwane,2020-10-13,2020-10-13,124,124,120,25578242.35751897,11263097.335427577,1255221,20201013,20201013,0.27290691475673784,0.6711806877078121,0.055912397535449986,0.5109201270525474,1573837.0,0.22283079372412132,0.7204843127840075,0.056684893491871245,0.5057337597223363,3627986.0,0.07867808219178082,0.6730769230769231,0.48224212034383956,0.9038461538461539,1,1,1,0,1,0,0,0,0
383577,ZA5,KwaZulu-Natal,ZA5,KwaZulu-Natal,ZA529,iLembe,ZA528,Uthungulu,2020-10-13,2020-10-13,13,13,13,2498626.3781285253,1099322.4764945563,192847,20201013,20201013,0.32390440311621094,0.6202867780885334,0.05580881879525565,0.4827645772056803,636799.0,0.3398562749304085,0.6096443299200878,0.05049939514950375,0.4759701217345943,889476.0,-0.14951617873651774,0.28846153846153844,-0.2202014106583072,0.15384615384615385,1,1,1,0,1,0,0,0,0
383578,ZA3,Nothern Cape,ZA1,Western Cape,ZA306,Namakwa,ZA105,Central Karoo,2020-10-13,2020-10-13,2,2,2,414978.6333311406,124561.73222946236,20482,20201013,20201013,0.2479438366342976,0.6592106724059887,0.09284549095971371,0.5132337492633683,117087.0,0.29415328297801036,0.633639246216906,0.07220747080508365,0.4979247763656518,77582.0,0.06505633802816901,0.6153846153846154,-0.12604477611940298,0.3269230769230769,1,1,1,0,1,0,0,0,0
383579,ZA8,Mpumalanga,ZA5,KwaZulu-Natal,ZA830,Gert Sibande,ZA526,Zululand,2020-10-13,2020-10-17,1,1,1,205060.45729704987,205060.45729704987,320868,20201013,20201017,0.30688245639051287,0.6412288994160756,0.05188864419341153,0.49968312815881616,1136106.0,0.392497537624586,0.5542130860581069,0.053289376317307055,0.4651401640222711,783796.0,-0.11248741610738255,0.36538461538461536,-0.2762355212355212,0.09615384615384616,1,1,1,0,1,0,0,0,0
383580,ZA2,Eastern Cape,ZA2,Eastern Cape,ZA244,Alfred Nzo,ZA214,Joe Gqabi,2020-10-13,2020-10-13,4,4,3,181238.06601836483,64624.242467380056,95670,20201013,20201013,0.40782127157510134,0.5221222097470932,0.07005651867780548,0.4576553946475353,788235.0,0.3340471849013029,0.5799636495391386,0.08598916555955849,0.47733103958194023,339473.0,-0.27396673320026615,0.11538461538461539,-0.1839776119402985,0.21153846153846154,1,1,1,0,1,0,0,0,0
383581,ZA6,North West,ZA7,Gauteng,ZA637,Bojanala,ZA748,West Rand,2020-10-13,2020-10-14,10,10,10,1545961.726045645,676443.9239406115,297908,20201013,20201014,0.25082919250139085,0.6903465537718604,0.05882425372674875,0.5380589003726469,1786678.0,0.23154887232085752,0.7207832829912092,0.047667844687933295,0.5288128906961219,856804.0,0.07430676328502415,0.6538461538461539,0.23715802469135805,0.8076923076923077,1,1,1,0,1,0,0,0,0
383582,ZA1,Western Cape,ZA1,Western Cape,ZA102,Cape Winelands,ZA104,Eden,2020-10-13,2020-10-13,7,7,7,4326835.523973413,1907455.8743403037,188628,20201013,20201013,0.24989252608235304,0.6902123420738123,0.059895131843834624,0.5011121214086944,909523.0,0.24710205256745305,0.6628052101466374,0.09009273728590954,0.4993180863678119,673839.0,-0.012388831437435367,0.5192307692307693,0.0004522691705790296,0.5384615384615384,1,1,1,0,1,0,0,0,0
383583,ZA9,Limpopo,ZA9,Limpopo,ZA933,Mopani,ZA933,Mopani,2020-10-13,2020-10-13,2526,1256,875,98205959.75349888,23795012.062085588,20491198,20201013,20201013,0.3329418650827259,0.6026296126910996,0.06442852222617454,0.46142626187343905,1062666.0,0.3329418650827259,0.6026296126910996,0.06442852222617454,0.46142626187343905,1062666.0,-0.037928345626975765,0.4807692307692308,-0.037928345626975765,0.4807692307692308,1,1,1,0,1,0,0,0,0
383584,ZA1,Western Cape,ZA1,Western Cape,ZA102,Cape Winelands,ZA191,City of Cape Town,2020-10-13,2020-10-13,886,883,860,91467938.0595452,31865032.414608933,7115046,20201013,20201013,0.24989252608235304,0.6902123420738123,0.059895131843834624,0.5011121214086944,909523.0,0.23849582985172932,0.697186217784503,0.06431795236376775,0.4976008771049945,4436413.0,-0.012388831437435367,0.5192307692307693,0.7687640750670242,0.9807692307692307,1,1,1,0,1,0,0,0,0
383585,ZA8,Mpumalanga,ZA9,Limpopo,ZA831,Nkangala,ZA947,Sekhukhune,2020-10-13,2020-10-13,30,29,28,3311111.6464138427,1604826.1760791093,400817,20201013,20201013,0.27290691475673784,0.6711806877078121,0.055912397535449986,0.5109201270525474,1573837.0,0.3536917516859454,0.5707075150199985,0.07560073329405607,0.46486328935523974,1125333.0,0.07867808219178082,0.6730769230769231,-0.06015677966101695,0.4423076923076923,1,1,1,0,1,0,0,0,0
383586,ZA4,Free State,ZA7,Gauteng,ZA420,Fezile Dabi,ZA798,City of Johannesburg,2020-10-13,2020-10-13,30,30,30,9708326.10123352,3401267.6565947584,465380,20201013,20201013,0.2705098118551487,0.6604572122193,0.06903297592555128,0.5050070807202104,494300.0,0.2220629170143196,0.7299897648810346,0.047947318104645836,0.5097433964893054,5540727.0,0.2276555023923445,0.7884615384615384,0.8818060606060606,1.0,1,1,1,0,1,0,0,0,0
383587,ZA4,Free State,ZA4,Free State,ZA416,Xhariep,ZA416,Xhariep,2020-10-13,2020-10-14,39,39,39,1268589.0495221298,374088.4434298371,1225336,20201013,20201014,0.29515218562959183,0.6325513667867511,0.07229644758365718,0.5005153225730198,105759.0,0.29515218562959183,0.6325513667867511,0.07229644758365718,0.5005153225730198,105759.0,0.18671264367816093,0.7692307692307693,0.18671264367816093,0.7692307692307693,1,1,1,0,1,0,0,0,0
383588,ZA5,KwaZulu-Natal,ZA7,Gauteng,ZA526,Zululand,ZA797,Ekurhuleni,2020-10-13,2020-10-13,1,1,1,428626.73595974746,389671.5186975656,35043,20201013,20201013,0.392497537624586,0.5542130860581069,0.053289376317307055,0.4651401640222711,783796.0,0.23296733680905687,0.7203157619169479,0.04671690127399521,0.5205474946472306,3739653.0,-0.2762355212355212,0.09615384615384616,0.7435109289617486,0.9615384615384616,1,1,1,0,1,0,0,0,0
383589,ZA1,Western Cape,ZA1,Western Cape,ZA103,Overberg,ZA102,Cape Winelands,2020-10-13,2020-10-13,36,36,35,7332015.070462817,2423322.1642189543,522587,20201013,20201013,0.22836513904770692,0.6721314716747349,0.09950338927755827,0.511077351980676,303457.0,0.24989252608235304,0.6902123420738123,0.059895131843834624,0.5011121214086944,909523.0,0.051486772486772484,0.5961538461538461,-0.012388831437435367,0.5192307692307693,1,1,1,0,1,0,0,0,0
383590,ZA7,Gauteng,ZA7,Gauteng,ZA748,West Rand,ZA748,West Rand,2020-10-13,2020-10-14,419,419,419,5352067.447930849,1974785.4032567933,14912763,20201013,20201014,0.23154887232085752,0.7207832829912092,0.047667844687933295,0.5288128906961219,856804.0,0.23154887232085752,0.7207832829912092,0.047667844687933295,0.5288128906961219,856804.0,0.23715802469135805,0.8076923076923077,0.23715802469135805,0.8076923076923077,1,1,1,0,1,0,0,0,0
383591,ZA8,Mpumalanga,ZA8,Mpumalanga,ZA832,Ehlanzeni,ZA831,Nkangala,2020-10-13,2020-10-13,17,17,17,6392404.490945048,2471102.9660590105,305322,20201013,20201013,0.32438893780700045,0.6235217992770762,0.05208926291592337,0.47979089412028486,1837538.0,0.27290691475673784,0.6711806877078121,0.055912397535449986,0.5109201270525474,1573837.0,0.1315940928270042,0.7307692307692307,0.07867808219178082,0.6730769230769231,1,1,1,0,1,0,0,0,0
383592,ZA3,Nothern Cape,ZA6,North West,ZA309,Frances Baard,ZA640,Dr Kenneth Kaunda,2020-10-13,2020-10-13,1,1,1,2915414.8883642685,179139.7477758365,30805,20201013,20201013,0.2860169290028057,0.6497360787483951,0.06424699224879928,0.49189928194398214,420580.0,0.27505895171327793,0.6602340041700301,0.06470704411669191,0.5065976875287468,754431.0,0.29907801418439717,0.8846153846153846,-0.10069384057971015,0.38461538461538464,1,1,1,0,1,0,0,0,0
383593,ZA5,KwaZulu-Natal,ZA7,Gauteng,ZA522,Umgungundlovu,ZA798,City of Johannesburg,2020-10-13,2020-10-13,4,4,4,3855548.398341146,1923071.8226541425,149759,20201013,20201013,0.2748377359932372,0.663873035280183,0.06128922872657978,0.48236181888519014,1046905.0,0.2220629170143196,0.7299897648810346,0.047947318104645836,0.5097433964893054,5540727.0,0.0061256544502617805,0.5769230769230769,0.8818060606060606,1.0,1,1,1,0,1,0,0,0,0
383594,ZA6,North West,ZA7,Gauteng,ZA638,Ngaka Modiri Molema,ZA798,City of Johannesburg,2020-10-13,2020-10-20,1,1,1,388055.2789079866,183355.59743692144,553622,20201013,20201020,0.3236353449196357,0.6078801705223251,0.06848448455803925,0.4964769205863341,870971.0,0.2220629170143196,0.7299897648810346,0.047947318104645836,0.5097433964893054,5540727.0,-0.18344824707846413,0.23076923076923078,0.8818060606060606,1.0,1,1,1,0,1,0,0,0,0
383595,ZA2,Eastern Cape,ZA4,Free State,ZA214,Joe Gqabi,ZA416,Xhariep,2020-10-13,2020-10-13,20,18,18,2786940.4528846047,782018.3803495636,187387,20201013,20201013,0.3340471849013029,0.5799636495391386,0.08598916555955849,0.47733103958194023,339473.0,0.29515218562959183,0.6325513667867511,0.07229644758365718,0.5005153225730198,105759.0,-0.1839776119402985,0.21153846153846154,0.18671264367816093,0.7692307692307693,1,1,1,0,1,0,0,0,0
383596,ZA8,Mpumalanga,ZA7,Gauteng,ZA831,Nkangala,ZA798,City of Johannesburg,2020-10-13,2020-10-13,32,32,32,10283895.984671634,4420593.569144462,566419,20201013,20201013,0.27290691475673784,0.6711806877078121,0.055912397535449986,0.5109201270525474,1573837.0,0.2220629170143196,0.7299897648810346,0.047947318104645836,0.5097433964893054,5540727.0,0.07867808219178082,0.6730769230769231,0.8818060606060606,1.0,1,1,1,0,1,0,0,0,0
383597,ZA6,North West,ZA6,North West,ZA637,Bojanala,ZA638,Ngaka Modiri Molema,2020-10-13,2020-10-13,16,16,16,5025971.077487524,2297483.482354334,428537,20201013,20201013,0.25082919250139085,0.6903465537718604,0.05882425372674875,0.5380589003726469,1786678.0,0.3236353449196357,0.6078801705223251,0.06848448455803925,0.4964769205863341,870971.0,0.07430676328502415,0.6538461538461539,-0.18344824707846413,0.23076923076923078,1,1,1,0,1,0,0,0,0
383598,ZA5,KwaZulu-Natal,ZA5,KwaZulu-Natal,ZA526,Zululand,ZA526,Zululand,2020-10-13,2020-10-13,766,369,274,46004717.72401975,12199860.166199382,6273417,20201013,20201013,0.392497537624586,0.5542130860581069,0.053289376317307055,0.4651401640222711,783796.0,0.392497537624586,0.5542130860581069,0.053289376317307055,0.4651401640222711,783796.0,-0.2762355212355212,0.09615384615384616,-0.2762355212355212,0.09615384615384616,1,1,1,0,1,0,0,0,0
383599,ZA1,Western Cape,ZA1,Western Cape,ZA103,Overberg,ZA191,City of Cape Town,2020-10-13,2020-10-16,1,1,1,218859.8186913603,96410.764737718,279082,20201013,20201016,0.22836513904770692,0.6721314716747349,0.09950338927755827,0.511077351980676,303457.0,0.23849582985172932,0.697186217784503,0.06431795236376775,0.4976008771049945,4436413.0,0.051486772486772484,0.5961538461538461,0.7687640750670242,0.9807692307692307,1,1,1,0,1,0,0,0,0
383600,ZA3,Nothern Cape,ZA3,Nothern Cape,ZA308,Z F Mgcawu,ZA308,Z F Mgcawu,2020-10-13,2020-10-14,119,119,119,3394361.989178757,485453.8707384291,4447871,20201013,20201014,0.27601757542529287,0.6641943181028425,0.059788106471864645,0.5142626583989065,258998.0,0.27601757542529287,0.6641943181028425,0.059788106471864645,0.5142626583989065,258998.0,-0.04016603773584906,0.46153846153846156,-0.04016603773584906,0.46153846153846156,1,1,1,0,1,0,0,0,0
383601,ZA5,KwaZulu-Natal,ZA7,Gauteng,ZA595,eThekwini,ZA799,City of Tshwane,2020-10-13,2020-10-21,1,1,1,503813.54852980864,493250.8936359766,680870,20201013,20201021,0.2446364969883556,0.6990922562931536,0.05627124671849075,0.494610924976595,3587907.0,0.22283079372412132,0.7204843127840075,0.056684893491871245,0.5057337597223363,3627986.0,0.5666580406654343,0.9230769230769231,0.48224212034383956,0.9038461538461539,1,1,1,0,1,0,0,0,0
383602,ZA7,Gauteng,ZA7,Gauteng,ZA798,City of Johannesburg,ZA799,City of Tshwane,2020-10-13,2020-10-13,1423,1416,1387,147917777.36758214,59235519.34764228,14998943,20201013,20201013,0.2220629170143196,0.7299897648810346,0.047947318104645836,0.5097433964893054,5540727.0,0.22283079372412132,0.7204843127840075,0.056684893491871245,0.5057337597223363,3627986.0,0.8818060606060606,1.0,0.48224212034383956,0.9038461538461539,1,1,1,0,1,0,0,0,0
383603,ZA7,Gauteng,ZA6,North West,ZA748,West Rand,ZA637,Bojanala,2020-10-13,2020-10-14,2,2,2,278723.67438924446,140167.62976160363,92474,20201013,20201014,0.23154887232085752,0.7207832829912092,0.047667844687933295,0.5288128906961219,856804.0,0.25082919250139085,0.6903465537718604,0.05882425372674875,0.5380589003726469,1786678.0,0.23715802469135805,0.8076923076923077,0.07430676328502415,0.6538461538461539,1,1,1,0,1,0,0,0,0
383604,ZA5,KwaZulu-Natal,ZA5,KwaZulu-Natal,ZA524,Umzinyathi,ZA528,Uthungulu,2020-10-13,2020-10-13,2,2,2,684706.3186363223,249708.432066228,14697,20201013,20201013,0.3952311253914291,0.5454951881678106,0.05927368644076033,0.451447242842509,514461.0,0.3398562749304085,0.6096443299200878,0.05049939514950375,0.4759701217345943,889476.0,-0.28225945945945946,0.07692307692307693,-0.2202014106583072,0.15384615384615385,1,1,1,0,1,0,0,0,0
383605,ZA5,KwaZulu-Natal,ZA5,KwaZulu-Natal,ZA524,Umzinyathi,ZA524,Umzinyathi,2020-10-13,2020-10-13,523,258,204,20117927.245114207,3464691.254963355,4624981,20201013,20201013,0.3952311253914291,0.5454951881678106,0.05927368644076033,0.451447242842509,514461.0,0.3952311253914291,0.5454951881678106,0.05927368644076033,0.451447242842509,514461.0,-0.28225945945945946,0.07692307692307693,-0.28225945945945946,0.07692307692307693,1,1,1,0,1,0,0,0,0
383606,ZA4,Free State,ZA7,Gauteng,ZA420,Fezile Dabi,ZA748,West Rand,2020-10-13,2020-10-13,3,3,3,811426.5187329908,345132.7477377157,28016,20201013,20201013,0.2705098118551487,0.6604572122193,0.06903297592555128,0.5050070807202104,494300.0,0.23154887232085752,0.7207832829912092,0.047667844687933295,0.5288128906961219,856804.0,0.2276555023923445,0.7884615384615384,0.23715802469135805,0.8076923076923077,1,1,1,0,1,0,0,0,0
383607,ZA2,Eastern Cape,ZA3,Nothern Cape,ZA293,Nelson Mandela Bay,ZA307,Pixley ka Seme,2020-10-13,2020-10-14,1,1,1,954735.0922435276,416232.2014982613,27234,20201013,20201014,0.2465186661259611,0.6842154879637478,0.0692658459102911,0.4877654529777138,1230491.0,0.3060749448635213,0.6232332132979509,0.0706918418385278,0.5011842246002923,196331.0,0.5740514018691588,0.9423076923076923,0.1854655172413793,0.75,1,1,1,0,1,0,0,0,0
383608,ZA5,KwaZulu-Natal,ZA2,Eastern Cape,ZA521,Ugu,ZA293,Nelson Mandela Bay,2020-10-13,2020-10-15,1,1,1,1129729.744592033,565432.4916610373,110203,20201013,20201015,0.32122674606698143,0.6016982741355622,0.07707497979745637,0.47391596021954596,714019.0,0.2465186661259611,0.6842154879637478,0.0692658459102911,0.4877654529777138,1230491.0,-0.09480895915678524,0.40384615384615385,0.5740514018691588,0.9423076923076923,1,1,1,0,1,0,0,0,0
383609,ZA7,Gauteng,ZA7,Gauteng,ZA748,West Rand,ZA797,Ekurhuleni,2020-10-13,2020-10-14,5,5,5,636846.9891999972,284796.33120910474,188286,20201013,20201014,0.23154887232085752,0.7207832829912092,0.047667844687933295,0.5288128906961219,856804.0,0.23296733680905687,0.7203157619169479,0.04671690127399521,0.5205474946472306,3739653.0,0.23715802469135805,0.8076923076923077,0.7435109289617486,0.9615384615384616,1,1,1,0,1,0,0,0,0
383610,ZA4,Free State,ZA4,Free State,ZA418,Lejweleputswa,ZA416,Xhariep,2020-10-13,2020-10-13,3,3,3,790949.422300339,354038.8188861455,33875,20201013,20201013,0.27941650281351393,0.6617931601395349,0.058790337046951115,0.500105365269169,574193.0,0.29515218562959183,0.6325513667867511,0.07229644758365718,0.5005153225730198,105759.0,0.29495049504950493,0.8653846153846154,0.18671264367816093,0.7692307692307693,1,1,1,0,1,0,0,0,0
383611,ZA2,Eastern Cape,ZA2,Eastern Cape,ZA215,O.R.Tambo,ZA213,Chris Hani,2020-10-13,2020-10-17,1,1,1,182355.2030401577,182355.2030401577,374028,20201013,20201017,0.38804558548824664,0.5482866433400703,0.06366777117168307,0.4623163104135049,1358678.0,0.334940582305372,0.572656560540376,0.09240285715425203,0.478383232498069,752217.0,-0.23807536101083035,0.1346153846153846,-0.29251697892271666,0.057692307692307696,1,1,1,0,1,0,0,0,0
383612,ZA5,KwaZulu-Natal,ZA7,Gauteng,ZA521,Ugu,ZA797,Ekurhuleni,2020-10-13,2020-10-13,1,1,1,581397.9836507521,542119.2488212679,21243,20201013,20201013,0.32122674606698143,0.6016982741355622,0.07707497979745637,0.47391596021954596,714019.0,0.23296733680905687,0.7203157619169479,0.04671690127399521,0.5205474946472306,3739653.0,-0.09480895915678524,0.40384615384615385,0.7435109289617486,0.9615384615384616,1,1,1,0,1,0,0,0,0
383613,ZA7,Gauteng,ZA9,Limpopo,ZA798,City of Johannesburg,ZA936,Waterberg,2020-10-13,2020-10-13,7,7,7,4783145.671659415,1557759.751726301,137908,20201013,20201013,0.2220629170143196,0.7299897648810346,0.047947318104645836,0.5097433964893054,5540727.0,0.2870915348782833,0.6477210572390478,0.06518740788266879,0.5138960603357211,718513.0,0.8818060606060606,1.0,0.00236898395721925,0.5576923076923077,1,1,1,0,1,0,0,0,0
383614,ZA1,Western Cape,ZA2,Eastern Cape,ZA101,West Coast,ZA292,Buffalo City,2020-10-13,2020-10-13,1,1,1,1961869.171857132,950992.4403018274,38857,20201013,20201013,0.24466466325617858,0.6852166396976793,0.0701186970461421,0.5060695297345649,497485.0,0.254980022080858,0.6758306608485358,0.06918931707060617,0.48177934914042375,760840.0,-0.12079976303317536,0.34615384615384615,0.09585175879396986,0.6923076923076923,1,1,1,0,1,0,0,0,0
383615,ZA4,Free State,ZA5,KwaZulu-Natal,ZA419,Thabo Mofutsanyane,ZA523,Uthukela,2020-10-13,2020-10-13,6,6,6,836012.8995975096,341336.570883911,54030,20201013,20201013,0.31143326559338835,0.6251823622683981,0.06338437213821363,0.47028720831466336,662829.0,0.36014331224838336,0.5864396074090654,0.05341708034255123,0.46782833191779016,652282.0,0.10770218579234972,0.7115384615384616,-0.19841226215644822,0.19230769230769232,1,1,1,0,1,0,0,0,0
383616,ZA9,Limpopo,ZA9,Limpopo,ZA934,Vhembe,ZA933,Mopani,2020-10-13,2020-10-13,25,24,23,4755844.889887646,1645762.9758562923,375083,20201013,20201013,0.3433867460978093,0.5887604530714541,0.06785280083073665,0.4597374214109392,1325089.0,0.3329418650827259,0.6026296126910996,0.06442852222617454,0.46142626187343905,1062666.0,-0.0767829596412556,0.4230769230769231,-0.037928345626975765,0.4807692307692308,1,1,1,0,1,0,0,0,0
383617,ZA3,Nothern Cape,ZA7,Gauteng,ZA309,Frances Baard,ZA798,City of Johannesburg,2020-10-13,2020-10-13,1,1,1,456021.2604207012,456021.2604207012,37961,20201013,20201013,0.2860169290028057,0.6497360787483951,0.06424699224879928,0.49189928194398214,420580.0,0.2220629170143196,0.7299897648810346,0.047947318104645836,0.5097433964893054,5540727.0,0.29907801418439717,0.8846153846153846,0.8818060606060606,1.0,1,1,1,0,1,0,0,0,0
383618,ZA6,North West,ZA5,KwaZulu-Natal,ZA640,Dr Kenneth Kaunda,ZA595,eThekwini,2020-10-13,2020-10-14,1,1,1,1337340.3109812825,573545.0457712195,128428,20201013,20201014,0.27505895171327793,0.6602340041700301,0.06470704411669191,0.5065976875287468,754431.0,0.2446364969883556,0.6990922562931536,0.05627124671849075,0.494610924976595,3587907.0,-0.10069384057971015,0.38461538461538464,0.5666580406654343,0.9230769230769231,1,1,1,0,1,0,0,0,0
383619,ZA6,North West,ZA7,Gauteng,ZA640,Dr Kenneth Kaunda,ZA748,West Rand,2020-10-13,2020-10-14,4,4,4,540615.5512194975,253534.83416785236,186286,20201013,20201014,0.27505895171327793,0.6602340041700301,0.06470704411669191,0.5065976875287468,754431.0,0.23154887232085752,0.7207832829912092,0.047667844687933295,0.5288128906961219,856804.0,-0.10069384057971015,0.38461538461538464,0.23715802469135805,0.8076923076923077,1,1,1,0,1,0,0,0,0
383620,ZA6,North West,ZA4,Free State,ZA639,Dr Ruth Segomotsi Mompati,ZA418,Lejweleputswa,2020-10-13,2020-10-13,15,15,14,2001699.0551614808,520851.8476331023,111612,20201013,20201013,0.3412335579082451,0.5850872971649528,0.07367914492680208,0.4911837461796937,473784.0,0.27941650281351393,0.6617931601395349,0.058790337046951115,0.500105365269169,574193.0,-0.16626678765880218,0.2692307692307692,0.29495049504950493,0.8653846153846154,1,1,1,0,1,0,0,0,0
383621,ZA1,Western Cape,ZA1,Western Cape,ZA104,Eden,ZA104,Eden,2020-10-13,2020-10-16,1,1,1,1130565.767404979,12869.123043460491,255150,20201013,20201016,0.24710205256745305,0.6628052101466374,0.09009273728590954,0.4993180863678119,673839.0,0.24710205256745305,0.6628052101466374,0.09009273728590954,0.4993180863678119,673839.0,0.0004522691705790296,0.5384615384615384,0.0004522691705790296,0.5384615384615384,1,1,1,0,1,0,0,0,0
383622,ZA9,Limpopo,ZA8,Mpumalanga,ZA933,Mopani,ZA832,Ehlanzeni,2020-10-13,2020-10-13,22,22,22,6714397.247675264,2269003.943191472,427135,20201013,20201013,0.3329418650827259,0.6026296126910996,0.06442852222617454,0.46142626187343905,1062666.0,0.32438893780700045,0.6235217992770762,0.05208926291592337,0.47979089412028486,1837538.0,-0.037928345626975765,0.4807692307692308,0.1315940928270042,0.7307692307692307,1,1,1,0,1,0,0,0,0
383623,ZA2,Eastern Cape,ZA1,Western Cape,ZA292,Buffalo City,ZA191,City of Cape Town,2020-10-13,2020-10-13,3,3,3,5453090.204155141,2632555.482091712,26142,20201013,20201013,0.254980022080858,0.6758306608485358,0.06918931707060617,0.48177934914042375,760840.0,0.23849582985172932,0.697186217784503,0.06431795236376775,0.4976008771049945,4436413.0,0.09585175879396986,0.6923076923076923,0.7687640750670242,0.9807692307692307,1,1,1,0,1,0,0,0,0
383624,ZA2,Eastern Cape,ZA5,KwaZulu-Natal,ZA292,Buffalo City,ZA521,Ugu,2020-10-13,2020-10-13,2,2,2,1421308.5303147326,751285.2912936367,87736,20201013,20201013,0.254980022080858,0.6758306608485358,0.06918931707060617,0.48177934914042375,760840.0,0.32122674606698143,0.6016982741355622,0.07707497979745637,0.47391596021954596,714019.0,0.09585175879396986,0.6923076923076923,-0.09480895915678524,0.40384615384615385,1,1,1,0,1,0,0,0,0
383625,ZA6,North West,ZA7,Gauteng,ZA637,Bojanala,ZA799,City of Tshwane,2020-10-13,2020-10-14,33,33,33,2441870.431826089,1159851.2294498386,925914,20201013,20201014,0.25082919250139085,0.6903465537718604,0.05882425372674875,0.5380589003726469,1786678.0,0.22283079372412132,0.7204843127840075,0.056684893491871245,0.5057337597223363,3627986.0,0.07430676328502415,0.6538461538461539,0.48224212034383956,0.9038461538461539,1,1,1,0,1,0,0,0,0
383626,ZA5,KwaZulu-Natal,ZA5,KwaZulu-Natal,ZA528,Uthungulu,ZA529,iLembe,2020-10-13,2020-10-14,1,1,1,418373.920675949,11023.678111764468,47447,20201013,20201014,0.3398562749304085,0.6096443299200878,0.05049939514950375,0.4759701217345943,889476.0,0.32390440311621094,0.6202867780885334,0.05580881879525565,0.4827645772056803,636799.0,-0.2202014106583072,0.15384615384615385,-0.14951617873651774,0.28846153846153844,1,1,1,0,1,0,0,0,0
383627,ZA7,Gauteng,ZA1,Western Cape,ZA798,City of Johannesburg,ZA191,City of Cape Town,2020-10-13,2020-10-14,1,1,1,1254665.1091308445,1254470.6150535964,46119,20201013,20201014,0.2220629170143196,0.7299897648810346,0.047947318104645836,0.5097433964893054,5540727.0,0.23849582985172932,0.697186217784503,0.06431795236376775,0.4976008771049945,4436413.0,0.8818060606060606,1.0,0.7687640750670242,0.9807692307692307,1,1,1,0,1,0,0,0,0
383628,ZA4,Free State,ZA8,Mpumalanga,ZA420,Fezile Dabi,ZA832,Ehlanzeni,2020-10-13,2020-10-13,2,2,2,1915800.9430809496,769812.1358009537,54856,20201013,20201013,0.2705098118551487,0.6604572122193,0.06903297592555128,0.5050070807202104,494300.0,0.32438893780700045,0.6235217992770762,0.05208926291592337,0.47979089412028486,1837538.0,0.2276555023923445,0.7884615384615384,0.1315940928270042,0.7307692307692307,1,1,1,0,1,0,0,0,0
383629,ZA2,Eastern Cape,ZA2,Eastern Cape,ZA292,Buffalo City,ZA212,Amathole,2020-10-13,2020-10-14,4,4,4,672845.0145727461,300142.36936001567,131884,20201013,20201014,0.254980022080858,0.6758306608485358,0.06918931707060617,0.48177934914042375,760840.0,0.32816698449842097,0.5696178168124134,0.1022151986891656,0.47434426623917664,789726.0,0.09585175879396986,0.6923076923076923,-0.3192883211678832,0.019230769230769232,1,1,1,0,1,0,0,0,0
383630,ZA8,Mpumalanga,ZA4,Free State,ZA831,Nkangala,ZA418,Lejweleputswa,2020-10-13,2020-10-13,1,1,1,927950.8104293364,439734.3973914287,38534,20201013,20201013,0.27290691475673784,0.6711806877078121,0.055912397535449986,0.5109201270525474,1573837.0,0.27941650281351393,0.6617931601395349,0.058790337046951115,0.500105365269169,574193.0,0.07867808219178082,0.6730769230769231,0.29495049504950493,0.8653846153846154,1,1,1,0,1,0,0,0,0
383631,ZA9,Limpopo,ZA1,Western Cape,ZA934,Vhembe,ZA191,City of Cape Town,2020-10-13,2020-10-15,1,1,1,1782578.8831196495,1782578.8831196495,152480,20201013,20201015,0.3433867460978093,0.5887604530714541,0.06785280083073665,0.4597374214109392,1325089.0,0.23849582985172932,0.697186217784503,0.06431795236376775,0.4976008771049945,4436413.0,-0.0767829596412556,0.4230769230769231,0.7687640750670242,0.9807692307692307,1,1,1,0,1,0,0,0,0
383632,ZA6,North West,ZA9,Limpopo,ZA638,Ngaka Modiri Molema,ZA936,Waterberg,2020-10-13,2020-10-13,1,1,1,367566.0210972432,219632.3410435533,9966,20201013,20201013,0.3236353449196357,0.6078801705223251,0.06848448455803925,0.4964769205863341,870971.0,0.2870915348782833,0.6477210572390478,0.06518740788266879,0.5138960603357211,718513.0,-0.18344824707846413,0.23076923076923078,0.00236898395721925,0.5576923076923077,1,1,1,0,1,0,0,0,0
383633,ZA3,Nothern Cape,ZA3,Nothern Cape,ZA309,Frances Baard,ZA309,Frances Baard,2020-10-13,2020-10-15,2,2,2,942765.4736511467,7466.766439524353,314983,20201013,20201015,0.2860169290028057,0.6497360787483951,0.06424699224879928,0.49189928194398214,420580.0,0.2860169290028057,0.6497360787483951,0.06424699224879928,0.49189928194398214,420580.0,0.29907801418439717,0.8846153846153846,0.29907801418439717,0.8846153846153846,1,1,1,0,1,0,0,0,0
383634,ZA8,Mpumalanga,ZA7,Gauteng,ZA832,Ehlanzeni,ZA799,City of Tshwane,2020-10-13,2020-10-13,21,21,21,20066549.281302564,6492803.995287168,606896,20201013,20201013,0.32438893780700045,0.6235217992770762,0.05208926291592337,0.47979089412028486,1837538.0,0.22283079372412132,0.7204843127840075,0.056684893491871245,0.5057337597223363,3627986.0,0.1315940928270042,0.7307692307692307,0.48224212034383956,0.9038461538461539,1,1,1,0,1,0,0,0,0
383635,ZA5,KwaZulu-Natal,ZA5,KwaZulu-Natal,ZA523,Uthukela,ZA595,eThekwini,2020-10-13,2020-10-13,6,6,6,2035609.851798035,1252236.9898844613,79246,20201013,20201013,0.36014331224838336,0.5864396074090654,0.05341708034255123,0.46782833191779016,652282.0,0.2446364969883556,0.6990922562931536,0.05627124671849075,0.494610924976595,3587907.0,-0.19841226215644822,0.19230769230769232,0.5666580406654343,0.9230769230769231,1,1,1,0,1,0,0,0,0
383636,ZA7,Gauteng,ZA7,Gauteng,ZA798,City of Johannesburg,ZA742,Sedibeng,2020-10-13,2020-10-14,19,19,19,1939475.3528147908,769841.2891359497,624422,20201013,20201014,0.2220629170143196,0.7299897648810346,0.047947318104645836,0.5097433964893054,5540727.0,0.24393339879416723,0.6953819961266214,0.06068460507921129,0.5059130831550246,994997.0,0.8818060606060606,1.0,0.2808379746835443,0.8461538461538461,1,1,1,0,1,0,0,0,0
383637,ZA2,Eastern Cape,ZA2,Eastern Cape,ZA293,Nelson Mandela Bay,ZA213,Chris Hani,2020-10-13,2020-10-13,4,4,4,2527624.336850187,1072367.453224089,128921,20201013,20201013,0.2465186661259611,0.6842154879637478,0.0692658459102911,0.4877654529777138,1230491.0,0.334940582305372,0.572656560540376,0.09240285715425203,0.478383232498069,752217.0,0.5740514018691588,0.9423076923076923,-0.29251697892271666,0.057692307692307696,1,1,1,0,1,0,0,0,0
383638,ZA2,Eastern Cape,ZA2,Eastern Cape,ZA292,Buffalo City,ZA212,Amathole,2020-10-13,2020-10-15,1,1,1,190501.58199493468,87543.71334819807,217056,20201013,20201015,0.254980022080858,0.6758306608485358,0.06918931707060617,0.48177934914042375,760840.0,0.32816698449842097,0.5696178168124134,0.1022151986891656,0.47434426623917664,789726.0,0.09585175879396986,0.6923076923076923,-0.3192883211678832,0.019230769230769232,1,1,1,0,1,0,0,0,0
383639,ZA7,Gauteng,ZA1,Western Cape,ZA797,Ekurhuleni,ZA103,Overberg,2020-10-13,2020-10-13,3,3,3,8286528.495502683,3917320.380185167,102148,20201013,20201013,0.23296733680905687,0.7203157619169479,0.04671690127399521,0.5205474946472306,3739653.0,0.22836513904770692,0.6721314716747349,0.09950338927755827,0.511077351980676,303457.0,0.7435109289617486,0.9615384615384616,0.051486772486772484,0.5961538461538461,1,1,1,0,1,0,0,0,0
383640,ZA4,Free State,ZA4,Free State,ZA420,Fezile Dabi,ZA494,Mangaung,2020-10-13,2020-10-13,4,4,4,3276323.9679120285,990136.5148245636,91661,20201013,20201013,0.2705098118551487,0.6604572122193,0.06903297592555128,0.5050070807202104,494300.0,0.26262942751272955,0.6754982029249197,0.06187236956235082,0.4901411892511804,826621.0,0.2276555023923445,0.7884615384615384,0.27329104477611943,0.8269230769230769,1,1,1,0,1,0,0,0,0
383641,ZA4,Free State,ZA4,Free State,ZA494,Mangaung,ZA419,Thabo Mofutsanyane,2020-10-13,2020-10-14,1,1,1,167118.66362581385,78741.61373392024,14943,20201013,20201014,0.26262942751272955,0.6754982029249197,0.06187236956235082,0.4901411892511804,826621.0,0.31143326559338835,0.6251823622683981,0.06338437213821363,0.47028720831466336,662829.0,0.27329104477611943,0.8269230769230769,0.10770218579234972,0.7115384615384616,1,1,1,0,1,0,0,0,0
383642,ZA1,Western Cape,ZA7,Gauteng,ZA105,Central Karoo,ZA798,City of Johannesburg,2020-10-13,2020-10-14,2,2,2,3956652.731290799,1803329.1888485784,141465,20201013,20201014,0.29415328297801036,0.633639246216906,0.07220747080508365,0.4979247763656518,77582.0,0.2220629170143196,0.7299897648810346,0.047947318104645836,0.5097433964893054,5540727.0,-0.12604477611940298,0.3269230769230769,0.8818060606060606,1.0,1,1,1,0,1,0,0,0,0
383643,ZA7,Gauteng,ZA5,KwaZulu-Natal,ZA797,Ekurhuleni,ZA522,Umgungundlovu,2020-10-13,2020-10-13,3,3,3,3073999.098333814,1559993.4929761817,69176,20201013,20201013,0.23296733680905687,0.7203157619169479,0.04671690127399521,0.5205474946472306,3739653.0,0.2748377359932372,0.663873035280183,0.06128922872657978,0.48236181888519014,1046905.0,0.7435109289617486,0.9615384615384616,0.0061256544502617805,0.5769230769230769,1,1,1,0,1,0,0,0,0
383644,ZA5,KwaZulu-Natal,ZA2,Eastern Cape,ZA543,Sisonke,ZA214,Joe Gqabi,2020-10-13,2020-10-13,1,1,1,261763.85280772476,111052.4197233856,6644,20201013,20201013,0.37293146983899067,0.5707096800166399,0.05635885014436937,0.4671305273563743,447117.0,0.3340471849013029,0.5799636495391386,0.08598916555955849,0.47733103958194023,339473.0,-0.2112274881516588,0.17307692307692307,-0.1839776119402985,0.21153846153846154,1,1,1,0,1,0,0,0,0
383645,ZA5,KwaZulu-Natal,ZA2,Eastern Cape,ZA521,Ugu,ZA244,Alfred Nzo,2020-10-13,2020-10-13,12,12,12,3949608.397017801,584552.336845648,233613,20201013,20201013,0.32122674606698143,0.6016982741355622,0.07707497979745637,0.47391596021954596,714019.0,0.40782127157510134,0.5221222097470932,0.07005651867780548,0.4576553946475353,788235.0,-0.09480895915678524,0.40384615384615385,-0.27396673320026615,0.11538461538461539,1,1,1,0,1,0,0,0,0
383646,ZA5,KwaZulu-Natal,ZA2,Eastern Cape,ZA595,eThekwini,ZA215,O.R.Tambo,2020-10-13,2020-10-13,2,2,2,743002.840691248,452513.0782867356,37662,20201013,20201013,0.2446364969883556,0.6990922562931536,0.05627124671849075,0.494610924976595,3587907.0,0.38804558548824664,0.5482866433400703,0.06366777117168307,0.4623163104135049,1358678.0,0.5666580406654343,0.9230769230769231,-0.23807536101083035,0.1346153846153846,1,1,1,0,1,0,0,0,0
383647,ZA2,Eastern Cape,ZA7,Gauteng,ZA293,Nelson Mandela Bay,ZA799,City of Tshwane,2020-10-13,2020-10-13,8,8,8,13714615.925650258,7562742.209119486,178220,20201013,20201013,0.2465186661259611,0.6842154879637478,0.0692658459102911,0.4877654529777138,1230491.0,0.22283079372412132,0.7204843127840075,0.056684893491871245,0.5057337597223363,3627986.0,0.5740514018691588,0.9423076923076923,0.48224212034383956,0.9038461538461539,1,1,1,0,1,0,0,0,0
383648,ZA4,Free State,ZA7,Gauteng,ZA418,Lejweleputswa,ZA799,City of Tshwane,2020-10-13,2020-10-13,3,3,3,10220167.253043938,3848896.2544549913,56189,20201013,20201013,0.27941650281351393,0.6617931601395349,0.058790337046951115,0.500105365269169,574193.0,0.22283079372412132,0.7204843127840075,0.056684893491871245,0.5057337597223363,3627986.0,0.29495049504950493,0.8653846153846154,0.48224212034383956,0.9038461538461539,1,1,1,0,1,0,0,0,0
383649,ZA8,Mpumalanga,ZA8,Mpumalanga,ZA830,Gert Sibande,ZA832,Ehlanzeni,2020-10-13,2020-10-13,11,11,11,4140944.478281979,2062937.124483725,168865,20201013,20201013,0.30688245639051287,0.6412288994160756,0.05188864419341153,0.49968312815881616,1136106.0,0.32438893780700045,0.6235217992770762,0.05208926291592337,0.47979089412028486,1837538.0,-0.11248741610738255,0.36538461538461536,0.1315940928270042,0.7307692307692307,1,1,1,0,1,0,0,0,0
383650,ZA6,North West,ZA7,Gauteng,ZA638,Ngaka Modiri Molema,ZA798,City of Johannesburg,2020-10-13,2020-10-13,4,4,4,1942157.0009376293,939681.0068523318,79673,20201013,20201013,0.3236353449196357,0.6078801705223251,0.06848448455803925,0.4964769205863341,870971.0,0.2220629170143196,0.7299897648810346,0.047947318104645836,0.5097433964893054,5540727.0,-0.18344824707846413,0.23076923076923078,0.8818060606060606,1.0,1,1,1,0,1,0,0,0,0
383651,ZA8,Mpumalanga,ZA7,Gauteng,ZA830,Gert Sibande,ZA799,City of Tshwane,2020-10-13,2020-10-26,1,1,1,360230.61485098593,156513.92675746288,1077695,20201013,20201026,0.30688245639051287,0.6412288994160756,0.05188864419341153,0.49968312815881616,1136106.0,0.22283079372412132,0.7204843127840075,0.056684893491871245,0.5057337597223363,3627986.0,-0.11248741610738255,0.36538461538461536,0.48224212034383956,0.9038461538461539,1,1,1,0,1,0,0,0,0
383652,ZA5,KwaZulu-Natal,ZA5,KwaZulu-Natal,ZA523,Uthukela,ZA525,Amajuba,2020-10-13,2020-10-13,5,5,5,721198.565289913,395991.7309844013,50184,20201013,20201013,0.36014331224838336,0.5864396074090654,0.05341708034255123,0.46782833191779016,652282.0,0.3311353387795859,0.6144200377537888,0.05444462346662529,0.48045773982507545,502731.0,-0.19841226215644822,0.19230769230769232,-0.16864155251141552,0.25,1,1,1,0,1,0,0,0,0
383653,ZA8,Mpumalanga,ZA8,Mpumalanga,ZA830,Gert Sibande,ZA831,Nkangala,2020-10-13,2020-10-14,7,7,7,1850433.4493052831,467916.8182677557,249759,20201013,20201014,0.30688245639051287,0.6412288994160756,0.05188864419341153,0.49968312815881616,1136106.0,0.27290691475673784,0.6711806877078121,0.055912397535449986,0.5109201270525474,1573837.0,-0.11248741610738255,0.36538461538461536,0.07867808219178082,0.6730769230769231,1,1,1,0,1,0,0,0,0
383654,ZA8,Mpumalanga,ZA9,Limpopo,ZA832,Ehlanzeni,ZA933,Mopani,2020-10-13,2020-10-13,17,17,17,4402017.1875763,1152167.3808155137,324564,20201013,20201013,0.32438893780700045,0.6235217992770762,0.05208926291592337,0.47979089412028486,1837538.0,0.3329418650827259,0.6026296126910996,0.06442852222617454,0.46142626187343905,1062666.0,0.1315940928270042,0.7307692307692307,-0.037928345626975765,0.4807692307692308,1,1,1,0,1,0,0,0,0
383655,ZA8,Mpumalanga,ZA4,Free State,ZA831,Nkangala,ZA420,Fezile Dabi,2020-10-13,2020-10-13,5,5,5,3455777.258664109,1092794.997984019,149066,20201013,20201013,0.27290691475673784,0.6711806877078121,0.055912397535449986,0.5109201270525474,1573837.0,0.2705098118551487,0.6604572122193,0.06903297592555128,0.5050070807202104,494300.0,0.07867808219178082,0.6730769230769231,0.2276555023923445,0.7884615384615384,1,1,1,0,1,0,0,0,0
383656,ZA6,North West,ZA3,Nothern Cape,ZA639,Dr Ruth Segomotsi Mompati,ZA345,John Taolo Gaetsewe,2020-10-13,2020-10-14,2,2,2,237865.92397849957,118031.19138274917,34515,20201013,20201014,0.3412335579082451,0.5850872971649528,0.07367914492680208,0.4911837461796937,473784.0,0.31986957060536586,0.628082594956317,0.05204783443831712,0.4959027820806741,258224.0,-0.16626678765880218,0.2692307692307692,-0.13480926430517712,0.3076923076923077,1,1,1,0,1,0,0,0,0
383657,ZA8,Mpumalanga,ZA7,Gauteng,ZA830,Gert Sibande,ZA797,Ekurhuleni,2020-10-13,2020-10-14,5,5,5,1043289.3233532716,354699.49053478724,182055,20201013,20201014,0.30688245639051287,0.6412288994160756,0.05188864419341153,0.49968312815881616,1136106.0,0.23296733680905687,0.7203157619169479,0.04671690127399521,0.5205474946472306,3739653.0,-0.11248741610738255,0.36538461538461536,0.7435109289617486,0.9615384615384616,1,1,1,0,1,0,0,0,0
383658,ZA6,North West,ZA6,North West,ZA640,Dr Kenneth Kaunda,ZA639,Dr Ruth Segomotsi Mompati,2020-10-13,2020-10-13,10,10,10,2630595.7331125964,1161444.8878444002,154310,20201013,20201013,0.27505895171327793,0.6602340041700301,0.06470704411669191,0.5065976875287468,754431.0,0.3412335579082451,0.5850872971649528,0.07367914492680208,0.4911837461796937,473784.0,-0.10069384057971015,0.38461538461538464,-0.16626678765880218,0.2692307692307692,1,1,1,0,1,0,0,0,0
383659,ZA7,Gauteng,ZA7,Gauteng,ZA799,City of Tshwane,ZA798,City of Johannesburg,2020-10-13,2020-10-15,1,1,1,159961.95145648904,50570.54569186193,187199,20201013,20201015,0.22283079372412132,0.7204843127840075,0.056684893491871245,0.5057337597223363,3627986.0,0.2220629170143196,0.7299897648810346,0.047947318104645836,0.5097433964893054,5540727.0,0.48224212034383956,0.9038461538461539,0.8818060606060606,1.0,1,1,1,0,1,0,0,0,0
383660,ZA3,Nothern Cape,ZA4,Free State,ZA309,Frances Baard,ZA494,Mangaung,2020-10-13,2020-10-13,11,11,11,5308557.909874711,2089705.795836294,147941,20201013,20201013,0.2860169290028057,0.6497360787483951,0.06424699224879928,0.49189928194398214,420580.0,0.26262942751272955,0.6754982029249197,0.06187236956235082,0.4901411892511804,826621.0,0.29907801418439717,0.8846153846153846,0.27329104477611943,0.8269230769230769,1,1,1,0,1,0,0,0,0
383661,ZA7,Gauteng,ZA2,Eastern Cape,ZA797,Ekurhuleni,ZA293,Nelson Mandela Bay,2020-10-13,2020-10-13,4,4,4,8801298.719955971,3649809.597521171,90948,20201013,20201013,0.23296733680905687,0.7203157619169479,0.04671690127399521,0.5205474946472306,3739653.0,0.2465186661259611,0.6842154879637478,0.0692658459102911,0.4877654529777138,1230491.0,0.7435109289617486,0.9615384615384616,0.5740514018691588,0.9423076923076923,1,1,1,0,1,0,0,0,0
383662,ZA2,Eastern Cape,ZA2,Eastern Cape,ZA215,O.R.Tambo,ZA212,Amathole,2020-10-13,2020-10-13,5,5,5,667774.613388953,429381.0134249242,143269,20201013,20201013,0.38804558548824664,0.5482866433400703,0.06366777117168307,0.4623163104135049,1358678.0,0.32816698449842097,0.5696178168124134,0.1022151986891656,0.47434426623917664,789726.0,-0.23807536101083035,0.1346153846153846,-0.3192883211678832,0.019230769230769232,1,1,1,0,1,0,0,0,0
383663,ZA7,Gauteng,ZA7,Gauteng,ZA799,City of Tshwane,ZA799,City of Tshwane,2020-10-13,2020-10-15,4,4,4,2777767.17214706,1474232.6748505742,693965,20201013,20201015,0.22283079372412132,0.7204843127840075,0.056684893491871245,0.5057337597223363,3627986.0,0.22283079372412132,0.7204843127840075,0.056684893491871245,0.5057337597223363,3627986.0,0.48224212034383956,0.9038461538461539,0.48224212034383956,0.9038461538461539,1,1,1,0,1,0,0,0,0
383664,ZA7,Gauteng,ZA2,Eastern Cape,ZA798,City of Johannesburg,ZA210,Cacadu,2020-10-13,2020-10-13,3,3,3,5207733.843642294,2580109.771970235,104209,20201013,20201013,0.2220629170143196,0.7299897648810346,0.047947318104645836,0.5097433964893054,5540727.0,0.2618455236218228,0.6571170870354837,0.08103738934269357,0.4975242081945451,491156.0,0.8818060606060606,1.0,-0.01848062015503876,0.5,1,1,1,0,1,0,0,0,0
383665,ZA7,Gauteng,ZA9,Limpopo,ZA799,City of Tshwane,ZA934,Vhembe,2020-10-13,2020-10-13,6,6,5,4191636.272782888,2408319.569989196,155454,20201013,20201013,0.22283079372412132,0.7204843127840075,0.056684893491871245,0.5057337597223363,3627986.0,0.3433867460978093,0.5887604530714541,0.06785280083073665,0.4597374214109392,1325089.0,0.48224212034383956,0.9038461538461539,-0.0767829596412556,0.4230769230769231,1,1,1,0,1,0,0,0,0
383666,ZA1,Western Cape,ZA1,Western Cape,ZA104,Eden,ZA191,City of Cape Town,2020-10-13,2020-10-13,21,21,21,17195218.928315643,8080543.217443935,560401,20201013,20201013,0.24710205256745305,0.6628052101466374,0.09009273728590954,0.4993180863678119,673839.0,0.23849582985172932,0.697186217784503,0.06431795236376775,0.4976008771049945,4436413.0,0.0004522691705790296,0.5384615384615384,0.7687640750670242,0.9807692307692307,1,1,1,0,1,0,0,0,0
383667,ZA7,Gauteng,ZA1,Western Cape,ZA799,City of Tshwane,ZA102,Cape Winelands,2020-10-13,2020-10-13,3,3,3,8358253.8713375535,3934715.038237549,104531,20201013,20201013,0.22283079372412132,0.7204843127840075,0.056684893491871245,0.5057337597223363,3627986.0,0.24989252608235304,0.6902123420738123,0.059895131843834624,0.5011121214086944,909523.0,0.48224212034383956,0.9038461538461539,-0.012388831437435367,0.5192307692307693,1,1,1,0,1,0,0,0,0
383668,ZA2,Eastern Cape,ZA2,Eastern Cape,ZA210,Cacadu,ZA213,Chris Hani,2020-10-13,2020-10-13,3,3,3,1775139.0641039729,432067.8166807328,28561,20201013,20201013,0.2618455236218228,0.6571170870354837,0.08103738934269357,0.4975242081945451,491156.0,0.334940582305372,0.572656560540376,0.09240285715425203,0.478383232498069,752217.0,-0.01848062015503876,0.5,-0.29251697892271666,0.057692307692307696,1,1,1,0,1,0,0,0,0
383669,ZA8,Mpumalanga,ZA8,Mpumalanga,ZA832,Ehlanzeni,ZA831,Nkangala,2020-10-13,2020-10-14,2,2,2,1087647.0236249636,273914.1360505025,158079,20201013,20201014,0.32438893780700045,0.6235217992770762,0.05208926291592337,0.47979089412028486,1837538.0,0.27290691475673784,0.6711806877078121,0.055912397535449986,0.5109201270525474,1573837.0,0.1315940928270042,0.7307692307692307,0.07867808219178082,0.6730769230769231,1,1,1,0,1,0,0,0,0
383670,ZA3,Nothern Cape,ZA1,Western Cape,ZA307,Pixley ka Seme,ZA105,Central Karoo,2020-10-13,2020-10-14,1,1,1,1000969.7934065448,224465.80389748243,53084,20201013,20201014,0.3060749448635213,0.6232332132979509,0.0706918418385278,0.5011842246002923,196331.0,0.29415328297801036,0.633639246216906,0.07220747080508365,0.4979247763656518,77582.0,0.1854655172413793,0.75,-0.12604477611940298,0.3269230769230769,1,1,1,0,1,0,0,0,0
383671,ZA7,Gauteng,ZA7,Gauteng,ZA799,City of Tshwane,ZA799,City of Tshwane,2020-10-13,2020-10-20,1,1,1,537182.7938521246,985.3734279610007,598897,20201013,20201020,0.22283079372412132,0.7204843127840075,0.056684893491871245,0.5057337597223363,3627986.0,0.22283079372412132,0.7204843127840075,0.056684893491871245,0.5057337597223363,3627986.0,0.48224212034383956,0.9038461538461539,0.48224212034383956,0.9038461538461539,1,1,1,0,1,0,0,0,0
383672,ZA1,Western Cape,ZA1,Western Cape,ZA101,West Coast,ZA103,Overberg,2020-10-13,2020-10-13,5,5,5,2986622.5375849907,771931.7291755414,142224,20201013,20201013,0.24466466325617858,0.6852166396976793,0.0701186970461421,0.5060695297345649,497485.0,0.22836513904770692,0.6721314716747349,0.09950338927755827,0.511077351980676,303457.0,-0.12079976303317536,0.34615384615384615,0.051486772486772484,0.5961538461538461,1,1,1,0,1,0,0,0,0
383673,ZA5,KwaZulu-Natal,ZA5,KwaZulu-Natal,ZA526,Zululand,ZA524,Umzinyathi,2020-10-13,2020-10-13,2,2,2,260004.29657587284,135153.88125923183,46525,20201013,20201013,0.392497537624586,0.5542130860581069,0.053289376317307055,0.4651401640222711,783796.0,0.3952311253914291,0.5454951881678106,0.05927368644076033,0.451447242842509,514461.0,-0.2762355212355212,0.09615384615384616,-0.28225945945945946,0.07692307692307693,1,1,1,0,1,0,0,0,0
383674,ZA5,KwaZulu-Natal,ZA5,KwaZulu-Natal,ZA526,Zululand,ZA523,Uthukela,2020-10-13,2020-10-13,1,1,1,294288.3970393805,135140.17525970252,34358,20201013,20201013,0.392497537624586,0.5542130860581069,0.053289376317307055,0.4651401640222711,783796.0,0.36014331224838336,0.5864396074090654,0.05341708034255123,0.46782833191779016,652282.0,-0.2762355212355212,0.09615384615384616,-0.19841226215644822,0.19230769230769232,1,1,1,0,1,0,0,0,0
383675,ZA7,Gauteng,ZA4,Free State,ZA799,City of Tshwane,ZA419,Thabo Mofutsanyane,2020-10-13,2020-10-13,4,4,4,2898032.2777360124,1081033.9301042734,137532,20201013,20201013,0.22283079372412132,0.7204843127840075,0.056684893491871245,0.5057337597223363,3627986.0,0.31143326559338835,0.6251823622683981,0.06338437213821363,0.47028720831466336,662829.0,0.48224212034383956,0.9038461538461539,0.10770218579234972,0.7115384615384616,1,1,1,0,1,0,0,0,0
383676,ZA4,Free State,ZA4,Free State,ZA494,Mangaung,ZA419,Thabo Mofutsanyane,2020-10-13,2020-10-13,15,15,15,6093858.6614813,3016591.809941116,313730,20201013,20201013,0.26262942751272955,0.6754982029249197,0.06187236956235082,0.4901411892511804,826621.0,0.31143326559338835,0.6251823622683981,0.06338437213821363,0.47028720831466336,662829.0,0.27329104477611943,0.8269230769230769,0.10770218579234972,0.7115384615384616,1,1,1,0,1,0,0,0,0
383677,ZA7,Gauteng,ZA6,North West,ZA799,City of Tshwane,ZA639,Dr Ruth Segomotsi Mompati,2020-10-13,2020-10-13,3,3,3,3318643.779314684,1359682.6196454258,126698,20201013,20201013,0.22283079372412132,0.7204843127840075,0.056684893491871245,0.5057337597223363,3627986.0,0.3412335579082451,0.5850872971649528,0.07367914492680208,0.4911837461796937,473784.0,0.48224212034383956,0.9038461538461539,-0.16626678765880218,0.2692307692307692,1,1,1,0,1,0,0,0,0
383678,ZA6,North West,ZA7,Gauteng,ZA639,Dr Ruth Segomotsi Mompati,ZA799,City of Tshwane,2020-10-13,2020-10-13,1,1,1,1159812.9930558966,549769.6078728964,39092,20201013,20201013,0.3412335579082451,0.5850872971649528,0.07367914492680208,0.4911837461796937,473784.0,0.22283079372412132,0.7204843127840075,0.056684893491871245,0.5057337597223363,3627986.0,-0.16626678765880218,0.2692307692307692,0.48224212034383956,0.9038461538461539,1,1,1,0,1,0,0,0,0
383679,ZA5,KwaZulu-Natal,ZA5,KwaZulu-Natal,ZA522,Umgungundlovu,ZA524,Umzinyathi,2020-10-13,2020-10-13,11,11,11,1364649.110088959,687396.7508165678,161343,20201013,20201013,0.2748377359932372,0.663873035280183,0.06128922872657978,0.48236181888519014,1046905.0,0.3952311253914291,0.5454951881678106,0.05927368644076033,0.451447242842509,514461.0,0.0061256544502617805,0.5769230769230769,-0.28225945945945946,0.07692307692307693,1,1,1,0,1,0,0,0,0
383680,ZA8,Mpumalanga,ZA8,Mpumalanga,ZA830,Gert Sibande,ZA830,Gert Sibande,2020-10-13,2020-10-24,1,1,1,677789.9454184956,133849.9958771307,1020063,20201013,20201024,0.30688245639051287,0.6412288994160756,0.05188864419341153,0.49968312815881616,1136106.0,0.30688245639051287,0.6412288994160756,0.05188864419341153,0.49968312815881616,1136106.0,-0.11248741610738255,0.36538461538461536,-0.11248741610738255,0.36538461538461536,1,1,1,0,1,0,0,0,0
383681,ZA4,Free State,ZA7,Gauteng,ZA420,Fezile Dabi,ZA797,Ekurhuleni,2020-10-13,2020-10-19,1,1,1,165232.60577752467,82555.27045335555,488160,20201013,20201019,0.2705098118551487,0.6604572122193,0.06903297592555128,0.5050070807202104,494300.0,0.23296733680905687,0.7203157619169479,0.04671690127399521,0.5205474946472306,3739653.0,0.2276555023923445,0.7884615384615384,0.7435109289617486,0.9615384615384616,1,1,1,0,1,0,0,0,0
383682,ZA7,Gauteng,ZA8,Mpumalanga,ZA797,Ekurhuleni,ZA830,Gert Sibande,2020-10-13,2020-10-17,1,1,1,371628.9336883191,180613.0209381675,378068,20201013,20201017,0.23296733680905687,0.7203157619169479,0.04671690127399521,0.5205474946472306,3739653.0,0.30688245639051287,0.6412288994160756,0.05188864419341153,0.49968312815881616,1136106.0,0.7435109289617486,0.9615384615384616,-0.11248741610738255,0.36538461538461536,1,1,1,0,1,0,0,0,0
383683,ZA2,Eastern Cape,ZA5,KwaZulu-Natal,ZA293,Nelson Mandela Bay,ZA543,Sisonke,2020-10-13,2020-10-13,1,1,1,1210972.3542465167,536256.244276913,58314,20201013,20201013,0.2465186661259611,0.6842154879637478,0.0692658459102911,0.4877654529777138,1230491.0,0.37293146983899067,0.5707096800166399,0.05635885014436937,0.4671305273563743,447117.0,0.5740514018691588,0.9423076923076923,-0.2112274881516588,0.17307692307692307,1,1,1,0,1,0,0,0,0
383684,ZA2,Eastern Cape,ZA2,Eastern Cape,ZA293,Nelson Mandela Bay,ZA210,Cacadu,2020-10-13,2020-10-14,7,7,7,897325.235645253,422562.52047695377,170933,20201013,20201014,0.2465186661259611,0.6842154879637478,0.0692658459102911,0.4877654529777138,1230491.0,0.2618455236218228,0.6571170870354837,0.08103738934269357,0.4975242081945451,491156.0,0.5740514018691588,0.9423076923076923,-0.01848062015503876,0.5,1,1,1,0,1,0,0,0,0
383685,ZA8,Mpumalanga,ZA7,Gauteng,ZA832,Ehlanzeni,ZA798,City of Johannesburg,2020-10-13,2020-10-26,1,1,1,324724.1346396777,322376.0974853301,1080403,20201013,20201026,0.32438893780700045,0.6235217992770762,0.05208926291592337,0.47979089412028486,1837538.0,0.2220629170143196,0.7299897648810346,0.047947318104645836,0.5097433964893054,5540727.0,0.1315940928270042,0.7307692307692307,0.8818060606060606,1.0,1,1,1,0,1,0,0,0,0
383686,ZA5,KwaZulu-Natal,ZA5,KwaZulu-Natal,ZA526,Zululand,ZA595,eThekwini,2020-10-13,2020-10-13,1,1,1,540087.6597222803,242522.41440275757,36603,20201013,20201013,0.392497537624586,0.5542130860581069,0.053289376317307055,0.4651401640222711,783796.0,0.2446364969883556,0.6990922562931536,0.05627124671849075,0.494610924976595,3587907.0,-0.2762355212355212,0.09615384615384616,0.5666580406654343,0.9230769230769231,1,1,1,0,1,0,0,0,0
383687,ZA7,Gauteng,ZA8,Mpumalanga,ZA748,West Rand,ZA830,Gert Sibande,2020-10-13,2020-10-13,2,2,2,695216.6547122907,508062.7704506003,78529,20201013,20201013,0.23154887232085752,0.7207832829912092,0.047667844687933295,0.5288128906961219,856804.0,0.30688245639051287,0.6412288994160756,0.05188864419341153,0.49968312815881616,1136106.0,0.23715802469135805,0.8076923076923077,-0.11248741610738255,0.36538461538461536,1,1,1,0,1,0,0,0,0
383688,ZA2,Eastern Cape,ZA5,KwaZulu-Natal,ZA244,Alfred Nzo,ZA595,eThekwini,2020-10-13,2020-10-13,1,1,1,155137.2807578179,155123.44056854252,26252,20201013,20201013,0.40782127157510134,0.5221222097470932,0.07005651867780548,0.4576553946475353,788235.0,0.2446364969883556,0.6990922562931536,0.05627124671849075,0.494610924976595,3587907.0,-0.27396673320026615,0.11538461538461539,0.5666580406654343,0.9230769230769231,1,1,1,0,1,0,0,0,0
383689,ZA4,Free State,ZA4,Free State,ZA418,Lejweleputswa,ZA494,Mangaung,2020-10-13,2020-10-25,1,1,1,208491.20828053463,135496.14784849144,1090451,20201013,20201025,0.27941650281351393,0.6617931601395349,0.058790337046951115,0.500105365269169,574193.0,0.26262942751272955,0.6754982029249197,0.06187236956235082,0.4901411892511804,826621.0,0.29495049504950493,0.8653846153846154,0.27329104477611943,0.8269230769230769,1,1,1,0,1,0,0,0,0
383690,ZA6,North West,ZA6,North West,ZA637,Bojanala,ZA640,Dr Kenneth Kaunda,2020-10-13,2020-10-13,15,15,15,5466311.616455232,2106497.877217549,239364,20201013,20201013,0.25082919250139085,0.6903465537718604,0.05882425372674875,0.5380589003726469,1786678.0,0.27505895171327793,0.6602340041700301,0.06470704411669191,0.5065976875287468,754431.0,0.07430676328502415,0.6538461538461539,-0.10069384057971015,0.38461538461538464,1,1,1,0,1,0,0,0,0
383691,ZA9,Limpopo,ZA9,Limpopo,ZA935,Capricorn,ZA935,Capricorn,2020-10-13,2020-10-15,1,1,1,779.0344879193034,779.0344879193034,178653,20201013,20201015,0.3265897738288558,0.6007690312860821,0.07264119488506209,0.472231826966417,1295656.0,0.3265897738288558,0.6007690312860821,0.07264119488506209,0.472231826966417,1295656.0,0.07397387387387387,0.6346153846153846,0.07397387387387387,0.6346153846153846,1,1,1,0,1,0,0,0,0
383692,ZA1,Western Cape,ZA1,Western Cape,ZA101,West Coast,ZA105,Central Karoo,2020-10-13,2020-10-13,2,2,2,4419942.099567968,816880.3228948386,80940,20201013,20201013,0.24466466325617858,0.6852166396976793,0.0701186970461421,0.5060695297345649,497485.0,0.29415328297801036,0.633639246216906,0.07220747080508365,0.4979247763656518,77582.0,-0.12079976303317536,0.34615384615384615,-0.12604477611940298,0.3269230769230769,1,1,1,0,1,0,0,0,0
383693,ZA3,Nothern Cape,ZA3,Nothern Cape,ZA345,John Taolo Gaetsewe,ZA308,Z F Mgcawu,2020-10-13,2020-10-14,2,2,2,284794.16997444443,128705.71870747492,97975,20201013,20201014,0.31986957060536586,0.628082594956317,0.05204783443831712,0.4959027820806741,258224.0,0.27601757542529287,0.6641943181028425,0.059788106471864645,0.5142626583989065,258998.0,-0.13480926430517712,0.3076923076923077,-0.04016603773584906,0.46153846153846156,1,1,1,0,1,0,0,0,0
383694,ZA5,KwaZulu-Natal,ZA2,Eastern Cape,ZA521,Ugu,ZA215,O.R.Tambo,2020-10-13,2020-10-13,1,1,1,185568.59122874436,92066.39673585493,11089,20201013,20201013,0.32122674606698143,0.6016982741355622,0.07707497979745637,0.47391596021954596,714019.0,0.38804558548824664,0.5482866433400703,0.06366777117168307,0.4623163104135049,1358678.0,-0.09480895915678524,0.40384615384615385,-0.23807536101083035,0.1346153846153846,1,1,1,0,1,0,0,0,0
383695,ZA7,Gauteng,ZA4,Free State,ZA797,Ekurhuleni,ZA419,Thabo Mofutsanyane,2020-10-13,2020-10-13,8,8,8,6436698.845043362,2112914.8298434606,201319,20201013,20201013,0.23296733680905687,0.7203157619169479,0.04671690127399521,0.5205474946472306,3739653.0,0.31143326559338835,0.6251823622683981,0.06338437213821363,0.47028720831466336,662829.0,0.7435109289617486,0.9615384615384616,0.10770218579234972,0.7115384615384616,1,1,1,0,1,0,0,0,0
383696,ZA8,Mpumalanga,ZA4,Free State,ZA831,Nkangala,ZA419,Thabo Mofutsanyane,2020-10-13,2020-10-13,1,1,1,960240.7538268825,271595.735526757,43748,20201013,20201013,0.27290691475673784,0.6711806877078121,0.055912397535449986,0.5109201270525474,1573837.0,0.31143326559338835,0.6251823622683981,0.06338437213821363,0.47028720831466336,662829.0,0.07867808219178082,0.6730769230769231,0.10770218579234972,0.7115384615384616,1,1,1,0,1,0,0,0,0
383697,ZA1,Western Cape,ZA7,Gauteng,ZA191,City of Cape Town,ZA798,City of Johannesburg,2020-10-13,2020-10-14,2,2,2,4753020.968324624,2602725.132515059,133392,20201013,20201014,0.23849582985172932,0.697186217784503,0.06431795236376775,0.4976008771049945,4436413.0,0.2220629170143196,0.7299897648810346,0.047947318104645836,0.5097433964893054,5540727.0,0.7687640750670242,0.9807692307692307,0.8818060606060606,1.0,1,1,1,0,1,0,0,0,0
383698,ZA7,Gauteng,ZA9,Limpopo,ZA742,Sedibeng,ZA935,Capricorn,2020-10-13,2020-10-13,1,1,1,941495.0638689476,377899.47081664106,13140,20201013,20201013,0.24393339879416723,0.6953819961266214,0.06068460507921129,0.5059130831550246,994997.0,0.3265897738288558,0.6007690312860821,0.07264119488506209,0.472231826966417,1295656.0,0.2808379746835443,0.8461538461538461,0.07397387387387387,0.6346153846153846,1,1,1,0,1,0,0,0,0
383699,ZA5,KwaZulu-Natal,ZA8,Mpumalanga,ZA525,Amajuba,ZA830,Gert Sibande,2020-10-13,2020-10-13,4,4,4,1235624.3146805463,401015.39786844206,33721,20201013,20201013,0.3311353387795859,0.6144200377537888,0.05444462346662529,0.48045773982507545,502731.0,0.30688245639051287,0.6412288994160756,0.05188864419341153,0.49968312815881616,1136106.0,-0.16864155251141552,0.25,-0.11248741610738255,0.36538461538461536,1,1,1,0,1,0,0,0,0
383700,ZA7,Gauteng,ZA1,Western Cape,ZA799,City of Tshwane,ZA105,Central Karoo,2020-10-13,2020-10-13,1,1,1,1531950.207475423,939664.281539248,61646,20201013,20201013,0.22283079372412132,0.7204843127840075,0.056684893491871245,0.5057337597223363,3627986.0,0.29415328297801036,0.633639246216906,0.07220747080508365,0.4979247763656518,77582.0,0.48224212034383956,0.9038461538461539,-0.12604477611940298,0.3269230769230769,1,1,1,0,1,0,0,0,0
383701,ZA2,Eastern Cape,,,ZA293,Nelson Mandela Bay,,,2020-10-13,2020-10-13,2,2,2,107906.13137794372,1956.35094612659,7218,20201013,20201013,0.2465186661259611,0.6842154879637478,0.0692658459102911,0.4877654529777138,1230491.0,,,,,,0.5740514018691588,0.9423076923076923,,,1,1,1,0,1,0,0,0,0
383702,ZA6,North West,ZA5,KwaZulu-Natal,ZA640,Dr Kenneth Kaunda,ZA522,Umgungundlovu,2020-10-13,2020-10-13,1,1,1,1286020.99292287,460979.2358103012,31958,20201013,20201013,0.27505895171327793,0.6602340041700301,0.06470704411669191,0.5065976875287468,754431.0,0.2748377359932372,0.663873035280183,0.06128922872657978,0.48236181888519014,1046905.0,-0.10069384057971015,0.38461538461538464,0.0061256544502617805,0.5769230769230769,1,1,1,0,1,0,0,0,0
383703,ZA7,Gauteng,ZA8,Mpumalanga,ZA799,City of Tshwane,ZA830,Gert Sibande,2020-10-13,2020-10-14,2,2,2,719571.2187793718,283883.30238567514,153588,20201013,20201014,0.22283079372412132,0.7204843127840075,0.056684893491871245,0.5057337597223363,3627986.0,0.30688245639051287,0.6412288994160756,0.05188864419341153,0.49968312815881616,1136106.0,0.48224212034383956,0.9038461538461539,-0.11248741610738255,0.36538461538461536,1,1,1,0,1,0,0,0,0
383704,ZA2,Eastern Cape,ZA5,KwaZulu-Natal,ZA215,O.R.Tambo,ZA522,Umgungundlovu,2020-10-13,2020-10-14,1,1,1,342965.4911633647,275836.9251598021,104308,20201013,20201014,0.38804558548824664,0.5482866433400703,0.06366777117168307,0.4623163104135049,1358678.0,0.2748377359932372,0.663873035280183,0.06128922872657978,0.48236181888519014,1046905.0,-0.23807536101083035,0.1346153846153846,0.0061256544502617805,0.5769230769230769,1,1,1,0,1,0,0,0,0
383705,ZA1,Western Cape,ZA2,Eastern Cape,ZA102,Cape Winelands,ZA292,Buffalo City,2020-10-13,2020-10-13,1,1,1,1812844.3107436087,825808.7525019312,30826,20201013,20201013,0.24989252608235304,0.6902123420738123,0.059895131843834624,0.5011121214086944,909523.0,0.254980022080858,0.6758306608485358,0.06918931707060617,0.48177934914042375,760840.0,-0.012388831437435367,0.5192307692307693,0.09585175879396986,0.6923076923076923,1,1,1,0,1,0,0,0,0
383706,ZA1,Western Cape,ZA1,Western Cape,ZA104,Eden,ZA191,City of Cape Town,2020-10-13,2020-10-14,1,1,1,3101623.8744124905,323017.4451406061,31829,20201013,20201014,0.24710205256745305,0.6628052101466374,0.09009273728590954,0.4993180863678119,673839.0,0.23849582985172932,0.697186217784503,0.06431795236376775,0.4976008771049945,4436413.0,0.0004522691705790296,0.5384615384615384,0.7687640750670242,0.9807692307692307,1,1,1,0,1,0,0,0,0
383707,ZA5,KwaZulu-Natal,ZA5,KwaZulu-Natal,ZA529,iLembe,ZA527,Umkhanyakude,2020-10-13,2020-10-13,1,1,1,772256.5707489632,322829.60638225445,31737,20201013,20201013,0.32390440311621094,0.6202867780885334,0.05580881879525565,0.4827645772056803,636799.0,0.40017378652548197,0.5489306999026919,0.05089551357182606,0.4622270789873748,643318.0,-0.14951617873651774,0.28846153846153844,-0.31784377542717657,0.038461538461538464,1,1,1,0,1,0,0,0,0
383708,ZA9,Limpopo,ZA7,Gauteng,ZA936,Waterberg,ZA797,Ekurhuleni,2020-10-13,2020-10-13,8,8,8,4025258.1758543984,1639791.834983603,151136,20201013,20201013,0.2870915348782833,0.6477210572390478,0.06518740788266879,0.5138960603357211,718513.0,0.23296733680905687,0.7203157619169479,0.04671690127399521,0.5205474946472306,3739653.0,0.00236898395721925,0.5576923076923077,0.7435109289617486,0.9615384615384616,1,1,1,0,1,0,0,0,0
383709,ZA6,North West,ZA7,Gauteng,ZA637,Bojanala,ZA797,Ekurhuleni,2020-10-13,2020-10-14,9,9,9,1395701.9617692954,640249.8189750486,205640,20201013,20201014,0.25082919250139085,0.6903465537718604,0.05882425372674875,0.5380589003726469,1786678.0,0.23296733680905687,0.7203157619169479,0.04671690127399521,0.5205474946472306,3739653.0,0.07430676328502415,0.6538461538461539,0.7435109289617486,0.9615384615384616,1,1,1,0,1,0,0,0,0
383710,ZA7,Gauteng,ZA6,North West,ZA798,City of Johannesburg,ZA637,Bojanala,2020-10-13,2020-10-15,1,1,1,188794.76536970076,84892.38114900181,122906,20201013,20201015,0.2220629170143196,0.7299897648810346,0.047947318104645836,0.5097433964893054,5540727.0,0.25082919250139085,0.6903465537718604,0.05882425372674875,0.5380589003726469,1786678.0,0.8818060606060606,1.0,0.07430676328502415,0.6538461538461539,1,1,1,0,1,0,0,0,0
383711,ZA8,Mpumalanga,ZA7,Gauteng,ZA831,Nkangala,ZA742,Sedibeng,2020-10-13,2020-10-14,2,2,2,65571.37493775105,33008.330471117944,74723,20201013,20201014,0.27290691475673784,0.6711806877078121,0.055912397535449986,0.5109201270525474,1573837.0,0.24393339879416723,0.6953819961266214,0.06068460507921129,0.5059130831550246,994997.0,0.07867808219178082,0.6730769230769231,0.2808379746835443,0.8461538461538461,1,1,1,0,1,0,0,0,0
383712,ZA5,KwaZulu-Natal,ZA2,Eastern Cape,ZA543,Sisonke,ZA244,Alfred Nzo,2020-10-13,2020-10-14,2,2,2,130226.0870642966,58448.097170473135,107766,20201013,20201014,0.37293146983899067,0.5707096800166399,0.05635885014436937,0.4671305273563743,447117.0,0.40782127157510134,0.5221222097470932,0.07005651867780548,0.4576553946475353,788235.0,-0.2112274881516588,0.17307692307692307,-0.27396673320026615,0.11538461538461539,1,1,1,0,1,0,0,0,0
383713,ZA1,Western Cape,ZA1,Western Cape,ZA102,Cape Winelands,ZA101,West Coast,2020-10-13,2020-10-14,4,4,4,342198.17042617785,165366.4252206329,86500,20201013,20201014,0.24989252608235304,0.6902123420738123,0.059895131843834624,0.5011121214086944,909523.0,0.24466466325617858,0.6852166396976793,0.0701186970461421,0.5060695297345649,497485.0,-0.012388831437435367,0.5192307692307693,-0.12079976303317536,0.34615384615384615,1,1,1,0,1,0,0,0,0
383714,ZA6,North West,ZA6,North West,ZA639,Dr Ruth Segomotsi Mompati,ZA640,Dr Kenneth Kaunda,2020-10-13,2020-10-14,2,2,2,1815034.4676871528,691165.959590932,136980,20201013,20201014,0.3412335579082451,0.5850872971649528,0.07367914492680208,0.4911837461796937,473784.0,0.27505895171327793,0.6602340041700301,0.06470704411669191,0.5065976875287468,754431.0,-0.16626678765880218,0.2692307692307692,-0.10069384057971015,0.38461538461538464,1,1,1,0,1,0,0,0,0
383715,ZA5,KwaZulu-Natal,ZA4,Free State,ZA528,Uthungulu,ZA419,Thabo Mofutsanyane,2020-10-13,2020-10-13,1,1,1,702724.1185259696,351295.1520277045,53075,20201013,20201013,0.3398562749304085,0.6096443299200878,0.05049939514950375,0.4759701217345943,889476.0,0.31143326559338835,0.6251823622683981,0.06338437213821363,0.47028720831466336,662829.0,-0.2202014106583072,0.15384615384615385,0.10770218579234972,0.7115384615384616,1,1,1,0,1,0,0,0,0
383716,ZA2,Eastern Cape,ZA7,Gauteng,ZA293,Nelson Mandela Bay,ZA742,Sedibeng,2020-10-13,2020-10-13,1,1,1,877336.3230103934,877336.3230103934,46487,20201013,20201013,0.2465186661259611,0.6842154879637478,0.0692658459102911,0.4877654529777138,1230491.0,0.24393339879416723,0.6953819961266214,0.06068460507921129,0.5059130831550246,994997.0,0.5740514018691588,0.9423076923076923,0.2808379746835443,0.8461538461538461,1,1,1,0,1,0,0,0,0
383717,ZA9,Limpopo,ZA9,Limpopo,ZA947,Sekhukhune,ZA935,Capricorn,2020-10-13,2020-10-14,6,6,6,841944.1955527352,346235.8818065165,236574,20201013,20201014,0.3536917516859454,0.5707075150199985,0.07560073329405607,0.46486328935523974,1125333.0,0.3265897738288558,0.6007690312860821,0.07264119488506209,0.472231826966417,1295656.0,-0.06015677966101695,0.4423076923076923,0.07397387387387387,0.6346153846153846,1,1,1,0,1,0,0,0,0
383718,ZA8,Mpumalanga,ZA5,KwaZulu-Natal,ZA830,Gert Sibande,ZA526,Zululand,2020-10-13,2020-10-13,8,8,8,1860532.3967013357,737964.2640190903,161423,20201013,20201013,0.30688245639051287,0.6412288994160756,0.05188864419341153,0.49968312815881616,1136106.0,0.392497537624586,0.5542130860581069,0.053289376317307055,0.4651401640222711,783796.0,-0.11248741610738255,0.36538461538461536,-0.2762355212355212,0.09615384615384616,1,1,1,0,1,0,0,0,0
383719,ZA7,Gauteng,ZA5,KwaZulu-Natal,ZA799,City of Tshwane,ZA595,eThekwini,2020-10-13,2020-10-14,2,2,2,2323330.352248356,1245072.651063132,140376,20201013,20201014,0.22283079372412132,0.7204843127840075,0.056684893491871245,0.5057337597223363,3627986.0,0.2446364969883556,0.6990922562931536,0.05627124671849075,0.494610924976595,3587907.0,0.48224212034383956,0.9038461538461539,0.5666580406654343,0.9230769230769231,1,1,1,0,1,0,0,0,0
383720,ZA1,Western Cape,ZA7,Gauteng,ZA191,City of Cape Town,ZA799,City of Tshwane,2020-10-13,2020-10-13,8,8,8,20674927.756860472,10507434.09266837,227709,20201013,20201013,0.23849582985172932,0.697186217784503,0.06431795236376775,0.4976008771049945,4436413.0,0.22283079372412132,0.7204843127840075,0.056684893491871245,0.5057337597223363,3627986.0,0.7687640750670242,0.9807692307692307,0.48224212034383956,0.9038461538461539,1,1,1,0,1,0,0,0,0
383721,ZA5,KwaZulu-Natal,ZA5,KwaZulu-Natal,ZA595,eThekwini,ZA527,Umkhanyakude,2020-10-13,2020-10-15,1,1,1,743906.7832385489,244795.9577445,188003,20201013,20201015,0.2446364969883556,0.6990922562931536,0.05627124671849075,0.494610924976595,3587907.0,0.40017378652548197,0.5489306999026919,0.05089551357182606,0.4622270789873748,643318.0,0.5666580406654343,0.9230769230769231,-0.31784377542717657,0.038461538461538464,1,1,1,0,1,0,0,0,0
383722,ZA2,Eastern Cape,ZA5,KwaZulu-Natal,ZA215,O.R.Tambo,ZA595,eThekwini,2020-10-13,2020-10-14,1,1,1,579763.7441927621,289880.12698882504,74261,20201013,20201014,0.38804558548824664,0.5482866433400703,0.06366777117168307,0.4623163104135049,1358678.0,0.2446364969883556,0.6990922562931536,0.05627124671849075,0.494610924976595,3587907.0,-0.23807536101083035,0.1346153846153846,0.5666580406654343,0.9230769230769231,1,1,1,0,1,0,0,0,0
383723,ZA5,KwaZulu-Natal,ZA2,Eastern Cape,ZA526,Zululand,ZA215,O.R.Tambo,2020-10-13,2020-10-14,1,1,1,657983.5271266465,505442.9746039108,75487,20201013,20201014,0.392497537624586,0.5542130860581069,0.053289376317307055,0.4651401640222711,783796.0,0.38804558548824664,0.5482866433400703,0.06366777117168307,0.4623163104135049,1358678.0,-0.2762355212355212,0.09615384615384616,-0.23807536101083035,0.1346153846153846,1,1,1,0,1,0,0,0,0
383724,ZA5,KwaZulu-Natal,ZA7,Gauteng,ZA522,Umgungundlovu,ZA742,Sedibeng,2020-10-13,2020-10-13,1,1,1,985343.08339389,384677.6820932191,34353,20201013,20201013,0.2748377359932372,0.663873035280183,0.06128922872657978,0.48236181888519014,1046905.0,0.24393339879416723,0.6953819961266214,0.06068460507921129,0.5059130831550246,994997.0,0.0061256544502617805,0.5769230769230769,0.2808379746835443,0.8461538461538461,1,1,1,0,1,0,0,0,0
383725,ZA1,Western Cape,ZA3,Nothern Cape,ZA105,Central Karoo,ZA307,Pixley ka Seme,2020-10-13,2020-10-13,2,2,2,4644511.2673451565,379019.7235366404,27168,20201013,20201013,0.29415328297801036,0.633639246216906,0.07220747080508365,0.4979247763656518,77582.0,0.3060749448635213,0.6232332132979509,0.0706918418385278,0.5011842246002923,196331.0,-0.12604477611940298,0.3269230769230769,0.1854655172413793,0.75,1,1,1,0,1,0,0,0,0
383726,ZA2,Eastern Cape,ZA2,Eastern Cape,ZA212,Amathole,ZA210,Cacadu,2020-10-13,2020-10-18,1,1,1,226882.00158539225,95577.4731744072,465220,20201013,20201018,0.32816698449842097,0.5696178168124134,0.1022151986891656,0.47434426623917664,789726.0,0.2618455236218228,0.6571170870354837,0.08103738934269357,0.4975242081945451,491156.0,-0.3192883211678832,0.019230769230769232,-0.01848062015503876,0.5,1,1,1,0,1,0,0,0,0
383727,ZA5,KwaZulu-Natal,ZA5,KwaZulu-Natal,ZA595,eThekwini,ZA528,Uthungulu,2020-10-13,2020-10-19,1,1,1,413756.67266199936,121922.8754590642,540056,20201013,20201019,0.2446364969883556,0.6990922562931536,0.05627124671849075,0.494610924976595,3587907.0,0.3398562749304085,0.6096443299200878,0.05049939514950375,0.4759701217345943,889476.0,0.5666580406654343,0.9230769230769231,-0.2202014106583072,0.15384615384615385,1,1,1,0,1,0,0,0,0
383728,ZA4,Free State,ZA7,Gauteng,ZA494,Mangaung,ZA797,Ekurhuleni,2020-10-13,2020-10-14,1,1,1,790966.939692532,385096.0952664452,72146,20201013,20201014,0.26262942751272955,0.6754982029249197,0.06187236956235082,0.4901411892511804,826621.0,0.23296733680905687,0.7203157619169479,0.04671690127399521,0.5205474946472306,3739653.0,0.27329104477611943,0.8269230769230769,0.7435109289617486,0.9615384615384616,1,1,1,0,1,0,0,0,0
383729,ZA8,Mpumalanga,ZA5,KwaZulu-Natal,ZA832,Ehlanzeni,ZA525,Amajuba,2020-10-13,2020-10-13,1,1,1,380380.69913741504,367019.02594012907,39340,20201013,20201013,0.32438893780700045,0.6235217992770762,0.05208926291592337,0.47979089412028486,1837538.0,0.3311353387795859,0.6144200377537888,0.05444462346662529,0.48045773982507545,502731.0,0.1315940928270042,0.7307692307692307,-0.16864155251141552,0.25,1,1,1,0,1,0,0,0,0
383730,ZA1,Western Cape,ZA4,Free State,ZA101,West Coast,ZA494,Mangaung,2020-10-13,2020-10-13,1,1,1,1371706.6326457297,869158.4111065896,40219,20201013,20201013,0.24466466325617858,0.6852166396976793,0.0701186970461421,0.5060695297345649,497485.0,0.26262942751272955,0.6754982029249197,0.06187236956235082,0.4901411892511804,826621.0,-0.12079976303317536,0.34615384615384615,0.27329104477611943,0.8269230769230769,1,1,1,0,1,0,0,0,0
383731,ZA1,Western Cape,ZA2,Eastern Cape,ZA191,City of Cape Town,ZA293,Nelson Mandela Bay,2020-10-13,2020-10-15,1,1,1,2626227.343052024,671790.710084923,112880,20201013,20201015,0.23849582985172932,0.697186217784503,0.06431795236376775,0.4976008771049945,4436413.0,0.2465186661259611,0.6842154879637478,0.0692658459102911,0.4877654529777138,1230491.0,0.7687640750670242,0.9807692307692307,0.5740514018691588,0.9423076923076923,1,1,1,0,1,0,0,0,0
383732,ZA7,Gauteng,ZA3,Nothern Cape,ZA797,Ekurhuleni,ZA307,Pixley ka Seme,2020-10-13,2020-10-14,2,2,2,4629512.535092231,1394637.318143608,130654,20201013,20201014,0.23296733680905687,0.7203157619169479,0.04671690127399521,0.5205474946472306,3739653.0,0.3060749448635213,0.6232332132979509,0.0706918418385278,0.5011842246002923,196331.0,0.7435109289617486,0.9615384615384616,0.1854655172413793,0.75,1,1,1,0,1,0,0,0,0
383733,ZA4,Free State,ZA1,Western Cape,ZA494,Mangaung,ZA102,Cape Winelands,2020-10-13,2020-10-13,2,2,2,5243896.003184728,1815260.198171384,100973,20201013,20201013,0.26262942751272955,0.6754982029249197,0.06187236956235082,0.4901411892511804,826621.0,0.24989252608235304,0.6902123420738123,0.059895131843834624,0.5011121214086944,909523.0,0.27329104477611943,0.8269230769230769,-0.012388831437435367,0.5192307692307693,1,1,1,0,1,0,0,0,0
383734,ZA6,North West,ZA4,Free State,ZA640,Dr Kenneth Kaunda,ZA494,Mangaung,2020-10-13,2020-10-13,2,2,2,1098257.1135650105,529535.9689442436,56820,20201013,20201013,0.27505895171327793,0.6602340041700301,0.06470704411669191,0.5065976875287468,754431.0,0.26262942751272955,0.6754982029249197,0.06187236956235082,0.4901411892511804,826621.0,-0.10069384057971015,0.38461538461538464,0.27329104477611943,0.8269230769230769,1,1,1,0,1,0,0,0,0
383735,ZA5,KwaZulu-Natal,ZA5,KwaZulu-Natal,ZA595,eThekwini,ZA527,Umkhanyakude,2020-10-13,2020-10-13,6,6,4,2913059.80442068,1449309.6290287853,67090,20201013,20201013,0.2446364969883556,0.6990922562931536,0.05627124671849075,0.494610924976595,3587907.0,0.40017378652548197,0.5489306999026919,0.05089551357182606,0.4622270789873748,643318.0,0.5666580406654343,0.9230769230769231,-0.31784377542717657,0.038461538461538464,1,1,1,0,1,0,0,0,0
383736,ZA4,Free State,ZA4,Free State,ZA494,Mangaung,ZA419,Thabo Mofutsanyane,2020-10-13,2020-10-15,1,1,1,587902.4877393619,295998.288629039,136193,20201013,20201015,0.26262942751272955,0.6754982029249197,0.06187236956235082,0.4901411892511804,826621.0,0.31143326559338835,0.6251823622683981,0.06338437213821363,0.47028720831466336,662829.0,0.27329104477611943,0.8269230769230769,0.10770218579234972,0.7115384615384616,1,1,1,0,1,0,0,0,0
383737,ZA7,Gauteng,ZA5,KwaZulu-Natal,ZA798,City of Johannesburg,ZA527,Umkhanyakude,2020-10-13,2020-10-13,1,1,1,968862.994828511,460467.1208704464,31390,20201013,20201013,0.2220629170143196,0.7299897648810346,0.047947318104645836,0.5097433964893054,5540727.0,0.40017378652548197,0.5489306999026919,0.05089551357182606,0.4622270789873748,643318.0,0.8818060606060606,1.0,-0.31784377542717657,0.038461538461538464,1,1,1,0,1,0,0,0,0
383738,ZA8,Mpumalanga,ZA7,Gauteng,ZA831,Nkangala,ZA797,Ekurhuleni,2020-10-13,2020-10-17,1,1,1,134677.0868889554,134677.0868889554,365954,20201013,20201017,0.27290691475673784,0.6711806877078121,0.055912397535449986,0.5109201270525474,1573837.0,0.23296733680905687,0.7203157619169479,0.04671690127399521,0.5205474946472306,3739653.0,0.07867808219178082,0.6730769230769231,0.7435109289617486,0.9615384615384616,1,1,1,0,1,0,0,0,0
383739,ZA2,Eastern Cape,ZA7,Gauteng,ZA210,Cacadu,ZA799,City of Tshwane,2020-10-13,2020-10-13,3,3,3,5334231.599982522,2660692.295038144,131110,20201013,20201013,0.2618455236218228,0.6571170870354837,0.08103738934269357,0.4975242081945451,491156.0,0.22283079372412132,0.7204843127840075,0.056684893491871245,0.5057337597223363,3627986.0,-0.01848062015503876,0.5,0.48224212034383956,0.9038461538461539,1,1,1,0,1,0,0,0,0
383740,ZA7,Gauteng,ZA9,Limpopo,ZA798,City of Johannesburg,ZA934,Vhembe,2020-10-13,2020-10-16,1,1,1,736306.4087911365,409746.8425681141,272431,20201013,20201016,0.2220629170143196,0.7299897648810346,0.047947318104645836,0.5097433964893054,5540727.0,0.3433867460978093,0.5887604530714541,0.06785280083073665,0.4597374214109392,1325089.0,0.8818060606060606,1.0,-0.0767829596412556,0.4230769230769231,1,1,1,0,1,0,0,0,0
383741,ZA3,Nothern Cape,ZA4,Free State,ZA309,Frances Baard,ZA419,Thabo Mofutsanyane,2020-10-13,2020-10-13,2,2,2,1513999.900632841,816568.5873878178,51218,20201013,20201013,0.2860169290028057,0.6497360787483951,0.06424699224879928,0.49189928194398214,420580.0,0.31143326559338835,0.6251823622683981,0.06338437213821363,0.47028720831466336,662829.0,0.29907801418439717,0.8846153846153846,0.10770218579234972,0.7115384615384616,1,1,1,0,1,0,0,0,0
383742,ZA2,Eastern Cape,ZA2,Eastern Cape,ZA293,Nelson Mandela Bay,ZA292,Buffalo City,2020-10-13,2020-10-16,1,1,1,205613.45334270757,205613.45334270757,232774,20201013,20201016,0.2465186661259611,0.6842154879637478,0.0692658459102911,0.4877654529777138,1230491.0,0.254980022080858,0.6758306608485358,0.06918931707060617,0.48177934914042375,760840.0,0.5740514018691588,0.9423076923076923,0.09585175879396986,0.6923076923076923,1,1,1,0,1,0,0,0,0
383743,ZA4,Free State,ZA7,Gauteng,ZA420,Fezile Dabi,ZA742,Sedibeng,2020-10-13,2020-10-14,13,13,13,639886.1043703125,310480.4383419805,540148,20201013,20201014,0.2705098118551487,0.6604572122193,0.06903297592555128,0.5050070807202104,494300.0,0.24393339879416723,0.6953819961266214,0.06068460507921129,0.5059130831550246,994997.0,0.2276555023923445,0.7884615384615384,0.2808379746835443,0.8461538461538461,1,1,1,0,1,0,0,0,0
383744,ZA1,Western Cape,,,ZA103,Overberg,,,2020-10-13,2020-10-13,1,1,1,4123.563957048499,2061.7819785242496,25149,20201013,20201013,0.22836513904770692,0.6721314716747349,0.09950338927755827,0.511077351980676,303457.0,,,,,,0.051486772486772484,0.5961538461538461,,,1,1,1,0,1,0,0,0,0
383745,ZA1,Western Cape,ZA2,Eastern Cape,ZA105,Central Karoo,ZA210,Cacadu,2020-10-13,2020-10-13,1,1,1,1250262.2110025203,383018.2372502452,22055,20201013,20201013,0.29415328297801036,0.633639246216906,0.07220747080508365,0.4979247763656518,77582.0,0.2618455236218228,0.6571170870354837,0.08103738934269357,0.4975242081945451,491156.0,-0.12604477611940298,0.3269230769230769,-0.01848062015503876,0.5,1,1,1,0,1,0,0,0,0
383746,ZA5,KwaZulu-Natal,ZA4,Free State,ZA595,eThekwini,ZA419,Thabo Mofutsanyane,2020-10-13,2020-10-14,1,1,1,668869.4976748297,274506.58976638434,19509,20201013,20201014,0.2446364969883556,0.6990922562931536,0.05627124671849075,0.494610924976595,3587907.0,0.31143326559338835,0.6251823622683981,0.06338437213821363,0.47028720831466336,662829.0,0.5666580406654343,0.9230769230769231,0.10770218579234972,0.7115384615384616,1,1,1,0,1,0,0,0,0
383747,ZA7,Gauteng,ZA3,Nothern Cape,ZA797,Ekurhuleni,ZA308,Z F Mgcawu,2020-10-13,2020-10-15,1,1,1,1957651.3135533785,895445.8347323835,162030,20201013,20201015,0.23296733680905687,0.7203157619169479,0.04671690127399521,0.5205474946472306,3739653.0,0.27601757542529287,0.6641943181028425,0.059788106471864645,0.5142626583989065,258998.0,0.7435109289617486,0.9615384615384616,-0.04016603773584906,0.46153846153846156,1,1,1,0,1,0,0,0,0
383748,ZA1,Western Cape,ZA1,Western Cape,ZA103,Overberg,ZA102,Cape Winelands,2020-10-13,2020-10-28,1,1,1,108386.31560710496,108339.67045080187,1260076,20201013,20201028,0.22836513904770692,0.6721314716747349,0.09950338927755827,0.511077351980676,303457.0,0.24989252608235304,0.6902123420738123,0.059895131843834624,0.5011121214086944,909523.0,0.051486772486772484,0.5961538461538461,-0.012388831437435367,0.5192307692307693,1,1,1,0,1,0,0,0,0
383749,ZA5,KwaZulu-Natal,ZA5,KwaZulu-Natal,ZA529,iLembe,ZA526,Zululand,2020-10-13,2020-10-13,2,2,2,1922264.598427705,485416.5605534059,70196,20201013,20201013,0.32390440311621094,0.6202867780885334,0.05580881879525565,0.4827645772056803,636799.0,0.392497537624586,0.5542130860581069,0.053289376317307055,0.4651401640222711,783796.0,-0.14951617873651774,0.28846153846153844,-0.2762355212355212,0.09615384615384616,1,1,1,0,1,0,0,0,0
383750,ZA7,Gauteng,ZA9,Limpopo,ZA798,City of Johannesburg,ZA935,Capricorn,2020-10-13,2020-10-17,1,1,1,257202.1823423374,257202.1823423374,391321,20201013,20201017,0.2220629170143196,0.7299897648810346,0.047947318104645836,0.5097433964893054,5540727.0,0.3265897738288558,0.6007690312860821,0.07264119488506209,0.472231826966417,1295656.0,0.8818060606060606,1.0,0.07397387387387387,0.6346153846153846,1,1,1,0,1,0,0,0,0
383751,ZA7,Gauteng,ZA7,Gauteng,ZA797,Ekurhuleni,ZA748,West Rand,2020-10-13,2020-10-14,3,3,3,364545.43823955127,170054.89433285996,88571,20201013,20201014,0.23296733680905687,0.7203157619169479,0.04671690127399521,0.5205474946472306,3739653.0,0.23154887232085752,0.7207832829912092,0.047667844687933295,0.5288128906961219,856804.0,0.7435109289617486,0.9615384615384616,0.23715802469135805,0.8076923076923077,1,1,1,0,1,0,0,0,0
383752,ZA2,Eastern Cape,ZA2,Eastern Cape,ZA213,Chris Hani,ZA212,Amathole,2020-10-13,2020-10-13,6,6,6,1081707.6487660124,735303.0644243829,84286,20201013,20201013,0.334940582305372,0.572656560540376,0.09240285715425203,0.478383232498069,752217.0,0.32816698449842097,0.5696178168124134,0.1022151986891656,0.47434426623917664,789726.0,-0.29251697892271666,0.057692307692307696,-0.3192883211678832,0.019230769230769232,1,1,1,0,1,0,0,0,0
383753,ZA9,Limpopo,ZA9,Limpopo,ZA935,Capricorn,ZA936,Waterberg,2020-10-13,2020-10-19,1,1,1,280385.9977655496,103087.4131473882,493940,20201013,20201019,0.3265897738288558,0.6007690312860821,0.07264119488506209,0.472231826966417,1295656.0,0.2870915348782833,0.6477210572390478,0.06518740788266879,0.5138960603357211,718513.0,0.07397387387387387,0.6346153846153846,0.00236898395721925,0.5576923076923077,1,1,1,0,1,0,0,0,0
383754,ZA7,Gauteng,ZA4,Free State,ZA798,City of Johannesburg,ZA419,Thabo Mofutsanyane,2020-10-13,2020-10-15,1,1,1,581128.6471863266,202756.19505306616,194522,20201013,20201015,0.2220629170143196,0.7299897648810346,0.047947318104645836,0.5097433964893054,5540727.0,0.31143326559338835,0.6251823622683981,0.06338437213821363,0.47028720831466336,662829.0,0.8818060606060606,1.0,0.10770218579234972,0.7115384615384616,1,1,1,0,1,0,0,0,0
383755,ZA4,Free State,ZA4,Free State,ZA419,Thabo Mofutsanyane,ZA418,Lejweleputswa,2020-10-13,2020-10-13,4,4,3,1087527.9268514677,347850.8829118254,70613,20201013,20201013,0.31143326559338835,0.6251823622683981,0.06338437213821363,0.47028720831466336,662829.0,0.27941650281351393,0.6617931601395349,0.058790337046951115,0.500105365269169,574193.0,0.10770218579234972,0.7115384615384616,0.29495049504950493,0.8653846153846154,1,1,1,0,1,0,0,0,0
383756,ZA5,KwaZulu-Natal,ZA1,Western Cape,ZA595,eThekwini,ZA102,Cape Winelands,2020-10-13,2020-10-14,1,1,1,3271473.236416769,1256565.037074763,28854,20201013,20201014,0.2446364969883556,0.6990922562931536,0.05627124671849075,0.494610924976595,3587907.0,0.24989252608235304,0.6902123420738123,0.059895131843834624,0.5011121214086944,909523.0,0.5666580406654343,0.9230769230769231,-0.012388831437435367,0.5192307692307693,1,1,1,0,1,0,0,0,0
383757,ZA9,Limpopo,ZA9,Limpopo,ZA933,Mopani,ZA935,Capricorn,2020-10-13,2020-10-14,2,2,2,494957.3891934323,150695.612314309,56639,20201013,20201014,0.3329418650827259,0.6026296126910996,0.06442852222617454,0.46142626187343905,1062666.0,0.3265897738288558,0.6007690312860821,0.07264119488506209,0.472231826966417,1295656.0,-0.037928345626975765,0.4807692307692308,0.07397387387387387,0.6346153846153846,1,1,1,0,1,0,0,0,0
383758,ZA5,KwaZulu-Natal,ZA7,Gauteng,ZA523,Uthukela,ZA797,Ekurhuleni,2020-10-13,2020-10-15,1,1,1,466093.3883844621,280606.8284957941,160208,20201013,20201015,0.36014331224838336,0.5864396074090654,0.05341708034255123,0.46782833191779016,652282.0,0.23296733680905687,0.7203157619169479,0.04671690127399521,0.5205474946472306,3739653.0,-0.19841226215644822,0.19230769230769232,0.7435109289617486,0.9615384615384616,1,1,1,0,1,0,0,0,0
383759,ZA4,Free State,ZA5,KwaZulu-Natal,ZA419,Thabo Mofutsanyane,ZA529,iLembe,2020-10-13,2020-10-13,1,1,1,669165.4350189528,347811.8163738407,27443,20201013,20201013,0.31143326559338835,0.6251823622683981,0.06338437213821363,0.47028720831466336,662829.0,0.32390440311621094,0.6202867780885334,0.05580881879525565,0.4827645772056803,636799.0,0.10770218579234972,0.7115384615384616,-0.14951617873651774,0.28846153846153844,1,1,1,0,1,0,0,0,0
383760,ZA6,North West,ZA6,North West,ZA639,Dr Ruth Segomotsi Mompati,ZA638,Ngaka Modiri Molema,2020-10-13,2020-10-14,1,1,1,83766.08689304527,35934.4670578747,53613,20201013,20201014,0.3412335579082451,0.5850872971649528,0.07367914492680208,0.4911837461796937,473784.0,0.3236353449196357,0.6078801705223251,0.06848448455803925,0.4964769205863341,870971.0,-0.16626678765880218,0.2692307692307692,-0.18344824707846413,0.23076923076923078,1,1,1,0,1,0,0,0,0
383761,ZA7,Gauteng,ZA9,Limpopo,ZA748,West Rand,ZA934,Vhembe,2020-10-13,2020-10-13,1,1,1,1201610.092377604,501679.3815885945,30752,20201013,20201013,0.23154887232085752,0.7207832829912092,0.047667844687933295,0.5288128906961219,856804.0,0.3433867460978093,0.5887604530714541,0.06785280083073665,0.4597374214109392,1325089.0,0.23715802469135805,0.8076923076923077,-0.0767829596412556,0.4230769230769231,1,1,1,0,1,0,0,0,0
383763,ZA5,KwaZulu-Natal,ZA7,Gauteng,ZA521,Ugu,ZA748,West Rand,2020-10-13,2020-10-13,1,1,1,1186048.3398382147,571063.1385323438,32911,20201013,20201013,0.32122674606698143,0.6016982741355622,0.07707497979745637,0.47391596021954596,714019.0,0.23154887232085752,0.7207832829912092,0.047667844687933295,0.5288128906961219,856804.0,-0.09480895915678524,0.40384615384615385,0.23715802469135805,0.8076923076923077,1,1,1,0,1,0,0,0,0
383764,ZA8,Mpumalanga,ZA7,Gauteng,ZA831,Nkangala,ZA799,City of Tshwane,2020-10-13,2020-10-31,1,1,1,119995.89854654466,119995.89854654466,1592658,20201013,20201031,0.27290691475673784,0.6711806877078121,0.055912397535449986,0.5109201270525474,1573837.0,0.22283079372412132,0.7204843127840075,0.056684893491871245,0.5057337597223363,3627986.0,0.07867808219178082,0.6730769230769231,0.48224212034383956,0.9038461538461539,1,1,1,0,1,0,0,0,0
383765,ZA5,KwaZulu-Natal,ZA5,KwaZulu-Natal,ZA523,Uthukela,ZA528,Uthungulu,2020-10-13,2020-10-13,1,1,1,520313.0237327771,246661.4021501204,18351,20201013,20201013,0.36014331224838336,0.5864396074090654,0.05341708034255123,0.46782833191779016,652282.0,0.3398562749304085,0.6096443299200878,0.05049939514950375,0.4759701217345943,889476.0,-0.19841226215644822,0.19230769230769232,-0.2202014106583072,0.15384615384615385,1,1,1,0,1,0,0,0,0
383766,ZA8,Mpumalanga,ZA8,Mpumalanga,ZA830,Gert Sibande,ZA830,Gert Sibande,2020-10-13,2020-10-18,1,1,1,279844.4592296543,87981.75689871048,448955,20201013,20201018,0.30688245639051287,0.6412288994160756,0.05188864419341153,0.49968312815881616,1136106.0,0.30688245639051287,0.6412288994160756,0.05188864419341153,0.49968312815881616,1136106.0,-0.11248741610738255,0.36538461538461536,-0.11248741610738255,0.36538461538461536,1,1,1,0,1,0,0,0,0
383767,ZA5,KwaZulu-Natal,ZA9,Limpopo,ZA529,iLembe,ZA933,Mopani,2020-10-13,2020-10-13,1,1,1,1680553.2471680744,681755.0197941308,37555,20201013,20201013,0.32390440311621094,0.6202867780885334,0.05580881879525565,0.4827645772056803,636799.0,0.3329418650827259,0.6026296126910996,0.06442852222617454,0.46142626187343905,1062666.0,-0.14951617873651774,0.28846153846153844,-0.037928345626975765,0.4807692307692308,1,1,1,0,1,0,0,0,0
383768,ZA7,Gauteng,ZA5,KwaZulu-Natal,ZA799,City of Tshwane,ZA529,iLembe,2020-10-13,2020-10-13,2,2,2,3144072.371558252,1140170.8525069663,79534,20201013,20201013,0.22283079372412132,0.7204843127840075,0.056684893491871245,0.5057337597223363,3627986.0,0.32390440311621094,0.6202867780885334,0.05580881879525565,0.4827645772056803,636799.0,0.48224212034383956,0.9038461538461539,-0.14951617873651774,0.28846153846153844,1,1,1,0,1,0,0,0,0
383769,ZA2,Eastern Cape,ZA2,Eastern Cape,ZA292,Buffalo City,ZA212,Amathole,2020-10-13,2020-10-16,1,1,1,267295.2928886692,99843.62020457943,197042,20201013,20201016,0.254980022080858,0.6758306608485358,0.06918931707060617,0.48177934914042375,760840.0,0.32816698449842097,0.5696178168124134,0.1022151986891656,0.47434426623917664,789726.0,0.09585175879396986,0.6923076923076923,-0.3192883211678832,0.019230769230769232,1,1,1,0,1,0,0,0,0
383770,ZA6,North West,ZA4,Free State,ZA640,Dr Kenneth Kaunda,ZA419,Thabo Mofutsanyane,2020-10-13,2020-10-13,1,1,1,1218579.8678980882,221602.843435072,33632,20201013,20201013,0.27505895171327793,0.6602340041700301,0.06470704411669191,0.5065976875287468,754431.0,0.31143326559338835,0.6251823622683981,0.06338437213821363,0.47028720831466336,662829.0,-0.10069384057971015,0.38461538461538464,0.10770218579234972,0.7115384615384616,1,1,1,0,1,0,0,0,0
383771,ZA6,North West,ZA8,Mpumalanga,ZA637,Bojanala,ZA832,Ehlanzeni,2020-10-13,2020-10-13,2,2,2,1857908.354609662,654437.6435745716,78800,20201013,20201013,0.25082919250139085,0.6903465537718604,0.05882425372674875,0.5380589003726469,1786678.0,0.32438893780700045,0.6235217992770762,0.05208926291592337,0.47979089412028486,1837538.0,0.07430676328502415,0.6538461538461539,0.1315940928270042,0.7307692307692307,1,1,1,0,1,0,0,0,0
383772,ZA7,Gauteng,ZA1,Western Cape,ZA798,City of Johannesburg,ZA102,Cape Winelands,2020-10-13,2020-10-13,1,1,1,2593742.1560629546,1292260.9837617858,33869,20201013,20201013,0.2220629170143196,0.7299897648810346,0.047947318104645836,0.5097433964893054,5540727.0,0.24989252608235304,0.6902123420738123,0.059895131843834624,0.5011121214086944,909523.0,0.8818060606060606,1.0,-0.012388831437435367,0.5192307692307693,1,1,1,0,1,0,0,0,0
383773,ZA7,Gauteng,ZA6,North West,ZA797,Ekurhuleni,ZA638,Ngaka Modiri Molema,2020-10-13,2020-10-13,3,3,3,1154713.0388847736,743842.7162887312,78784,20201013,20201013,0.23296733680905687,0.7203157619169479,0.04671690127399521,0.5205474946472306,3739653.0,0.3236353449196357,0.6078801705223251,0.06848448455803925,0.4964769205863341,870971.0,0.7435109289617486,0.9615384615384616,-0.18344824707846413,0.23076923076923078,1,1,1,0,1,0,0,0,0
383774,ZA2,Eastern Cape,ZA2,Eastern Cape,ZA293,Nelson Mandela Bay,ZA214,Joe Gqabi,2020-10-13,2020-10-13,1,1,1,1794277.5762000063,535169.9102227191,41566,20201013,20201013,0.2465186661259611,0.6842154879637478,0.0692658459102911,0.4877654529777138,1230491.0,0.3340471849013029,0.5799636495391386,0.08598916555955849,0.47733103958194023,339473.0,0.5740514018691588,0.9423076923076923,-0.1839776119402985,0.21153846153846154,1,1,1,0,1,0,0,0,0
383775,ZA6,North West,ZA3,Nothern Cape,ZA640,Dr Kenneth Kaunda,ZA345,John Taolo Gaetsewe,2020-10-13,2020-10-13,1,1,1,3100075.430152408,358551.01799029845,34725,20201013,20201013,0.27505895171327793,0.6602340041700301,0.06470704411669191,0.5065976875287468,754431.0,0.31986957060536586,0.628082594956317,0.05204783443831712,0.4959027820806741,258224.0,-0.10069384057971015,0.38461538461538464,-0.13480926430517712,0.3076923076923077,1,1,1,0,1,0,0,0,0
383776,ZA9,Limpopo,ZA9,Limpopo,ZA934,Vhembe,ZA936,Waterberg,2020-10-13,2020-10-13,1,1,1,477287.59070089273,223697.1496557071,16392,20201013,20201013,0.3433867460978093,0.5887604530714541,0.06785280083073665,0.4597374214109392,1325089.0,0.2870915348782833,0.6477210572390478,0.06518740788266879,0.5138960603357211,718513.0,-0.0767829596412556,0.4230769230769231,0.00236898395721925,0.5576923076923077,1,1,1,0,1,0,0,0,0
383777,ZA7,Gauteng,ZA8,Mpumalanga,ZA797,Ekurhuleni,ZA832,Ehlanzeni,2020-10-13,2020-10-18,1,1,1,583581.8359552742,281269.12223759736,464653,20201013,20201018,0.23296733680905687,0.7203157619169479,0.04671690127399521,0.5205474946472306,3739653.0,0.32438893780700045,0.6235217992770762,0.05208926291592337,0.47979089412028486,1837538.0,0.7435109289617486,0.9615384615384616,0.1315940928270042,0.7307692307692307,1,1,1,0,1,0,0,0,0
383778,ZA2,Eastern Cape,ZA7,Gauteng,ZA210,Cacadu,ZA798,City of Johannesburg,2020-10-13,2020-10-13,2,2,2,3982704.618504488,1887677.436638995,65060,20201013,20201013,0.2618455236218228,0.6571170870354837,0.08103738934269357,0.4975242081945451,491156.0,0.2220629170143196,0.7299897648810346,0.047947318104645836,0.5097433964893054,5540727.0,-0.01848062015503876,0.5,0.8818060606060606,1.0,1,1,1,0,1,0,0,0,0
383779,ZA1,Western Cape,ZA7,Gauteng,ZA105,Central Karoo,ZA799,City of Tshwane,2020-10-13,2020-10-13,2,2,2,5411901.083713799,2012097.437486708,64904,20201013,20201013,0.29415328297801036,0.633639246216906,0.07220747080508365,0.4979247763656518,77582.0,0.22283079372412132,0.7204843127840075,0.056684893491871245,0.5057337597223363,3627986.0,-0.12604477611940298,0.3269230769230769,0.48224212034383956,0.9038461538461539,1,1,1,0,1,0,0,0,0
383780,ZA7,Gauteng,ZA8,Mpumalanga,ZA798,City of Johannesburg,ZA831,Nkangala,2020-10-13,2020-10-29,1,1,1,131428.3272726934,129302.05644000963,1408992,20201013,20201029,0.2220629170143196,0.7299897648810346,0.047947318104645836,0.5097433964893054,5540727.0,0.27290691475673784,0.6711806877078121,0.055912397535449986,0.5109201270525474,1573837.0,0.8818060606060606,1.0,0.07867808219178082,0.6730769230769231,1,1,1,0,1,0,0,0,0
383781,ZA5,KwaZulu-Natal,ZA5,KwaZulu-Natal,ZA527,Umkhanyakude,ZA526,Zululand,2020-10-13,2020-10-13,1,1,1,252373.1019197907,100836.81874213582,32759,20201013,20201013,0.40017378652548197,0.5489306999026919,0.05089551357182606,0.4622270789873748,643318.0,0.392497537624586,0.5542130860581069,0.053289376317307055,0.4651401640222711,783796.0,-0.31784377542717657,0.038461538461538464,-0.2762355212355212,0.09615384615384616,1,1,1,0,1,0,0,0,0
383782,ZA3,Nothern Cape,ZA3,Nothern Cape,ZA308,Z F Mgcawu,ZA306,Namakwa,2020-10-13,2020-10-13,4,4,4,6826723.0390784005,955399.9681140792,128468,20201013,20201013,0.27601757542529287,0.6641943181028425,0.059788106471864645,0.5142626583989065,258998.0,0.2479438366342976,0.6592106724059887,0.09284549095971371,0.5132337492633683,117087.0,-0.04016603773584906,0.46153846153846156,0.06505633802816901,0.6153846153846154,1,1,1,0,1,0,0,0,0
383783,ZA9,Limpopo,ZA8,Mpumalanga,ZA947,Sekhukhune,ZA832,Ehlanzeni,2020-10-13,2020-10-15,1,1,1,183972.49040683248,91747.06789181627,183746,20201013,20201015,0.3536917516859454,0.5707075150199985,0.07560073329405607,0.46486328935523974,1125333.0,0.32438893780700045,0.6235217992770762,0.05208926291592337,0.47979089412028486,1837538.0,-0.06015677966101695,0.4423076923076923,0.1315940928270042,0.7307692307692307,1,1,1,0,1,0,0,0,0
383784,ZA6,North West,ZA6,North West,ZA637,Bojanala,ZA639,Dr Ruth Segomotsi Mompati,2020-10-13,2020-10-13,1,1,1,570961.347121304,257676.2264997037,38639,20201013,20201013,0.25082919250139085,0.6903465537718604,0.05882425372674875,0.5380589003726469,1786678.0,0.3412335579082451,0.5850872971649528,0.07367914492680208,0.4911837461796937,473784.0,0.07430676328502415,0.6538461538461539,-0.16626678765880218,0.2692307692307692,1,1,1,0,1,0,0,0,0
383785,ZA2,Eastern Cape,ZA2,Eastern Cape,ZA293,Nelson Mandela Bay,ZA213,Chris Hani,2020-10-13,2020-10-14,1,1,1,1673945.294766371,1606659.15006199,86529,20201013,20201014,0.2465186661259611,0.6842154879637478,0.0692658459102911,0.4877654529777138,1230491.0,0.334940582305372,0.572656560540376,0.09240285715425203,0.478383232498069,752217.0,0.5740514018691588,0.9423076923076923,-0.29251697892271666,0.057692307692307696,1,1,1,0,1,0,0,0,0
383786,ZA1,Western Cape,ZA1,Western Cape,ZA102,Cape Winelands,ZA191,City of Cape Town,2020-10-13,2020-10-15,1,1,1,216372.74005987603,97525.10342930544,166557,20201013,20201015,0.24989252608235304,0.6902123420738123,0.059895131843834624,0.5011121214086944,909523.0,0.23849582985172932,0.697186217784503,0.06431795236376775,0.4976008771049945,4436413.0,-0.012388831437435367,0.5192307692307693,0.7687640750670242,0.9807692307692307,1,1,1,0,1,0,0,0,0
383787,ZA5,KwaZulu-Natal,ZA5,KwaZulu-Natal,ZA595,eThekwini,ZA523,Uthukela,2020-10-13,2020-10-25,1,1,1,175829.80263028108,175803.42416410192,1029670,20201013,20201025,0.2446364969883556,0.6990922562931536,0.05627124671849075,0.494610924976595,3587907.0,0.36014331224838336,0.5864396074090654,0.05341708034255123,0.46782833191779016,652282.0,0.5666580406654343,0.9230769230769231,-0.19841226215644822,0.19230769230769232,1,1,1,0,1,0,0,0,0
383788,ZA2,Eastern Cape,ZA5,KwaZulu-Natal,ZA210,Cacadu,ZA529,iLembe,2020-10-13,2020-10-13,2,2,2,4132894.8002259047,1989554.6146911248,97576,20201013,20201013,0.2618455236218228,0.6571170870354837,0.08103738934269357,0.4975242081945451,491156.0,0.32390440311621094,0.6202867780885334,0.05580881879525565,0.4827645772056803,636799.0,-0.01848062015503876,0.5,-0.14951617873651774,0.28846153846153844,1,1,1,0,1,0,0,0,0
383789,ZA8,Mpumalanga,ZA4,Free State,ZA830,Gert Sibande,ZA420,Fezile Dabi,2020-10-13,2020-10-13,2,2,2,692403.0946841687,626463.083916803,72869,20201013,20201013,0.30688245639051287,0.6412288994160756,0.05188864419341153,0.49968312815881616,1136106.0,0.2705098118551487,0.6604572122193,0.06903297592555128,0.5050070807202104,494300.0,-0.11248741610738255,0.36538461538461536,0.2276555023923445,0.7884615384615384,1,1,1,0,1,0,0,0,0
383790,ZA2,Eastern Cape,ZA5,KwaZulu-Natal,ZA244,Alfred Nzo,ZA521,Ugu,2020-10-13,2020-10-14,1,1,1,78178.12831252703,39089.06415626352,26164,20201013,20201014,0.40782127157510134,0.5221222097470932,0.07005651867780548,0.4576553946475353,788235.0,0.32122674606698143,0.6016982741355622,0.07707497979745637,0.47391596021954596,714019.0,-0.27396673320026615,0.11538461538461539,-0.09480895915678524,0.40384615384615385,1,1,1,0,1,0,0,0,0
383791,ZA1,Western Cape,ZA1,Western Cape,ZA101,West Coast,ZA104,Eden,2020-10-13,2020-10-13,2,2,2,1878807.754536,674056.8232648473,96975,20201013,20201013,0.24466466325617858,0.6852166396976793,0.0701186970461421,0.5060695297345649,497485.0,0.24710205256745305,0.6628052101466374,0.09009273728590954,0.4993180863678119,673839.0,-0.12079976303317536,0.34615384615384615,0.0004522691705790296,0.5384615384615384,1,1,1,0,1,0,0,0,0
383792,ZA9,Limpopo,ZA6,North West,ZA935,Capricorn,ZA637,Bojanala,2020-10-13,2020-10-13,1,1,1,672139.3432093707,325384.28614338185,35590,20201013,20201013,0.3265897738288558,0.6007690312860821,0.07264119488506209,0.472231826966417,1295656.0,0.25082919250139085,0.6903465537718604,0.05882425372674875,0.5380589003726469,1786678.0,0.07397387387387387,0.6346153846153846,0.07430676328502415,0.6538461538461539,1,1,1,0,1,0,0,0,0
383793,ZA9,Limpopo,ZA7,Gauteng,ZA936,Waterberg,ZA799,City of Tshwane,2020-10-13,2020-10-15,2,2,2,1291832.4596112843,405817.5720346115,265653,20201013,20201015,0.2870915348782833,0.6477210572390478,0.06518740788266879,0.5138960603357211,718513.0,0.22283079372412132,0.7204843127840075,0.056684893491871245,0.5057337597223363,3627986.0,0.00236898395721925,0.5576923076923077,0.48224212034383956,0.9038461538461539,1,1,1,0,1,0,0,0,0
383794,ZA3,Nothern Cape,ZA3,Nothern Cape,ZA309,Frances Baard,ZA308,Z F Mgcawu,2020-10-13,2020-10-30,1,1,1,692165.7110594031,343669.7537783006,1444396,20201013,20201030,0.2860169290028057,0.6497360787483951,0.06424699224879928,0.49189928194398214,420580.0,0.27601757542529287,0.6641943181028425,0.059788106471864645,0.5142626583989065,258998.0,0.29907801418439717,0.8846153846153846,-0.04016603773584906,0.46153846153846156,1,1,1,0,1,0,0,0,0
383795,ZA5,KwaZulu-Natal,,,ZA595,eThekwini,,,2020-10-13,2020-10-13,4,4,4,119982.4304868846,78812.80008942359,90544,20201013,20201013,0.2446364969883556,0.6990922562931536,0.05627124671849075,0.494610924976595,3587907.0,,,,,,0.5666580406654343,0.9230769230769231,,,1,1,1,0,1,0,0,0,0
383796,ZA5,KwaZulu-Natal,ZA8,Mpumalanga,ZA526,Zululand,ZA830,Gert Sibande,2020-10-13,2020-10-14,1,1,1,1084252.48942096,284379.37212668185,30804,20201013,20201014,0.392497537624586,0.5542130860581069,0.053289376317307055,0.4651401640222711,783796.0,0.30688245639051287,0.6412288994160756,0.05188864419341153,0.49968312815881616,1136106.0,-0.2762355212355212,0.09615384615384616,-0.11248741610738255,0.36538461538461536,1,1,1,0,1,0,0,0,0
383797,ZA2,Eastern Cape,ZA9,Limpopo,ZA293,Nelson Mandela Bay,ZA936,Waterberg,2020-10-13,2020-10-13,1,1,1,2175433.0783972437,1040007.2601752912,16186,20201013,20201013,0.2465186661259611,0.6842154879637478,0.0692658459102911,0.4877654529777138,1230491.0,0.2870915348782833,0.6477210572390478,0.06518740788266879,0.5138960603357211,718513.0,0.5740514018691588,0.9423076923076923,0.00236898395721925,0.5576923076923077,1,1,1,0,1,0,0,0,0
383798,ZA1,Western Cape,ZA8,Mpumalanga,ZA191,City of Cape Town,ZA832,Ehlanzeni,2020-10-13,2020-10-13,2,2,2,6575524.412244065,3100792.38739218,70231,20201013,20201013,0.23849582985172932,0.697186217784503,0.06431795236376775,0.4976008771049945,4436413.0,0.32438893780700045,0.6235217992770762,0.05208926291592337,0.47979089412028486,1837538.0,0.7687640750670242,0.9807692307692307,0.1315940928270042,0.7307692307692307,1,1,1,0,1,0,0,0,0
383799,ZA6,North West,ZA3,Nothern Cape,ZA640,Dr Kenneth Kaunda,ZA306,Namakwa,2020-10-13,2020-10-13,1,1,1,1289604.7707406278,1131295.0421873166,50756,20201013,20201013,0.27505895171327793,0.6602340041700301,0.06470704411669191,0.5065976875287468,754431.0,0.2479438366342976,0.6592106724059887,0.09284549095971371,0.5132337492633683,117087.0,-0.10069384057971015,0.38461538461538464,0.06505633802816901,0.6153846153846154,1,1,1,0,1,0,0,0,0
383800,ZA7,Gauteng,ZA5,KwaZulu-Natal,ZA797,Ekurhuleni,ZA595,eThekwini,2020-10-13,2020-10-14,1,1,1,483442.4240126686,483123.6986522957,69256,20201013,20201014,0.23296733680905687,0.7203157619169479,0.04671690127399521,0.5205474946472306,3739653.0,0.2446364969883556,0.6990922562931536,0.05627124671849075,0.494610924976595,3587907.0,0.7435109289617486,0.9615384615384616,0.5666580406654343,0.9230769230769231,1,1,1,0,1,0,0,0,0
383801,ZA7,Gauteng,ZA6,North West,ZA748,West Rand,ZA640,Dr Kenneth Kaunda,2020-10-13,2020-10-28,1,1,1,84657.21031334976,84657.21031334976,1328223,20201013,20201028,0.23154887232085752,0.7207832829912092,0.047667844687933295,0.5288128906961219,856804.0,0.27505895171327793,0.6602340041700301,0.06470704411669191,0.5065976875287468,754431.0,0.23715802469135805,0.8076923076923077,-0.10069384057971015,0.38461538461538464,1,1,1,0,1,0,0,0,0
383802,ZA2,Eastern Cape,ZA2,Eastern Cape,ZA244,Alfred Nzo,ZA292,Buffalo City,2020-10-13,2020-10-13,1,1,1,483415.1567407966,237506.22641944408,14665,20201013,20201013,0.40782127157510134,0.5221222097470932,0.07005651867780548,0.4576553946475353,788235.0,0.254980022080858,0.6758306608485358,0.06918931707060617,0.48177934914042375,760840.0,-0.27396673320026615,0.11538461538461539,0.09585175879396986,0.6923076923076923,1,1,1,0,1,0,0,0,0
383803,ZA1,Western Cape,ZA1,Western Cape,ZA191,City of Cape Town,ZA101,West Coast,2020-10-13,2020-10-27,1,1,1,213693.0366551466,85927.73501987087,1163992,20201013,20201027,0.23849582985172932,0.697186217784503,0.06431795236376775,0.4976008771049945,4436413.0,0.24466466325617858,0.6852166396976793,0.0701186970461421,0.5060695297345649,497485.0,0.7687640750670242,0.9807692307692307,-0.12079976303317536,0.34615384615384615,1,1,1,0,1,0,0,0,0
383804,ZA5,KwaZulu-Natal,ZA5,KwaZulu-Natal,ZA525,Amajuba,ZA522,Umgungundlovu,2020-10-13,2020-10-15,1,1,1,640328.4495366905,196950.0576388105,159847,20201013,20201015,0.3311353387795859,0.6144200377537888,0.05444462346662529,0.48045773982507545,502731.0,0.2748377359932372,0.663873035280183,0.06128922872657978,0.48236181888519014,1046905.0,-0.16864155251141552,0.25,0.0061256544502617805,0.5769230769230769,1,1,1,0,1,0,0,0,0
383805,ZA6,North West,ZA1,Western Cape,ZA640,Dr Kenneth Kaunda,ZA105,Central Karoo,2020-10-13,2020-10-18,1,1,1,743440.7934065,743440.7934065,469537,20201013,20201018,0.27505895171327793,0.6602340041700301,0.06470704411669191,0.5065976875287468,754431.0,0.29415328297801036,0.633639246216906,0.07220747080508365,0.4979247763656518,77582.0,-0.10069384057971015,0.38461538461538464,-0.12604477611940298,0.3269230769230769,1,1,1,0,1,0,0,0,0
383806,ZA6,North West,ZA9,Limpopo,ZA640,Dr Kenneth Kaunda,ZA936,Waterberg,2020-10-13,2020-10-13,2,2,2,1087767.7517223484,498241.0743841583,60853,20201013,20201013,0.27505895171327793,0.6602340041700301,0.06470704411669191,0.5065976875287468,754431.0,0.2870915348782833,0.6477210572390478,0.06518740788266879,0.5138960603357211,718513.0,-0.10069384057971015,0.38461538461538464,0.00236898395721925,0.5576923076923077,1,1,1,0,1,0,0,0,0
383807,ZA7,Gauteng,ZA9,Limpopo,ZA798,City of Johannesburg,ZA947,Sekhukhune,2020-10-13,2020-10-13,5,5,5,2886227.12597422,1415760.214622225,176895,20201013,20201013,0.2220629170143196,0.7299897648810346,0.047947318104645836,0.5097433964893054,5540727.0,0.3536917516859454,0.5707075150199985,0.07560073329405607,0.46486328935523974,1125333.0,0.8818060606060606,1.0,-0.06015677966101695,0.4423076923076923,1,1,1,0,1,0,0,0,0
383808,ZA6,North West,ZA7,Gauteng,ZA639,Dr Ruth Segomotsi Mompati,ZA798,City of Johannesburg,2020-10-13,2020-10-13,1,1,1,798472.8776282485,348794.91390658583,20319,20201013,20201013,0.3412335579082451,0.5850872971649528,0.07367914492680208,0.4911837461796937,473784.0,0.2220629170143196,0.7299897648810346,0.047947318104645836,0.5097433964893054,5540727.0,-0.16626678765880218,0.2692307692307692,0.8818060606060606,1.0,1,1,1,0,1,0,0,0,0
383809,ZA1,Western Cape,ZA1,Western Cape,ZA103,Overberg,ZA101,West Coast,2020-10-13,2020-10-14,1,1,1,374561.6123575275,196305.1023334915,40036,20201013,20201014,0.22836513904770692,0.6721314716747349,0.09950338927755827,0.511077351980676,303457.0,0.24466466325617858,0.6852166396976793,0.0701186970461421,0.5060695297345649,497485.0,0.051486772486772484,0.5961538461538461,-0.12079976303317536,0.34615384615384615,1,1,1,0,1,0,0,0,0
383810,ZA1,Western Cape,ZA4,Free State,ZA104,Eden,ZA420,Fezile Dabi,2020-10-13,2020-10-13,1,1,1,1847593.0961883808,923796.2769721604,27831,20201013,20201013,0.24710205256745305,0.6628052101466374,0.09009273728590954,0.4993180863678119,673839.0,0.2705098118551487,0.6604572122193,0.06903297592555128,0.5050070807202104,494300.0,0.0004522691705790296,0.5384615384615384,0.2276555023923445,0.7884615384615384,1,1,1,0,1,0,0,0,0
383811,ZA9,Limpopo,ZA7,Gauteng,ZA933,Mopani,ZA748,West Rand,2020-10-13,2020-10-13,2,2,2,2161815.796775438,787867.2185934652,49564,20201013,20201013,0.3329418650827259,0.6026296126910996,0.06442852222617454,0.46142626187343905,1062666.0,0.23154887232085752,0.7207832829912092,0.047667844687933295,0.5288128906961219,856804.0,-0.037928345626975765,0.4807692307692308,0.23715802469135805,0.8076923076923077,1,1,1,0,1,0,0,0,0
383812,ZA4,Free State,ZA7,Gauteng,ZA420,Fezile Dabi,ZA799,City of Tshwane,2020-10-13,2020-10-14,1,1,1,437234.5153335996,145570.5737666703,15656,20201013,20201014,0.2705098118551487,0.6604572122193,0.06903297592555128,0.5050070807202104,494300.0,0.22283079372412132,0.7204843127840075,0.056684893491871245,0.5057337597223363,3627986.0,0.2276555023923445,0.7884615384615384,0.48224212034383956,0.9038461538461539,1,1,1,0,1,0,0,0,0
383813,ZA9,Limpopo,ZA9,Limpopo,ZA933,Mopani,ZA935,Capricorn,2020-10-13,2020-10-18,1,1,1,85445.71463738264,85193.65930927065,452717,20201013,20201018,0.3329418650827259,0.6026296126910996,0.06442852222617454,0.46142626187343905,1062666.0,0.3265897738288558,0.6007690312860821,0.07264119488506209,0.472231826966417,1295656.0,-0.037928345626975765,0.4807692307692308,0.07397387387387387,0.6346153846153846,1,1,1,0,1,0,0,0,0
383814,ZA5,KwaZulu-Natal,ZA7,Gauteng,ZA528,Uthungulu,ZA799,City of Tshwane,2020-10-13,2020-10-13,1,1,1,1157957.859833272,604030.5144760697,29366,20201013,20201013,0.3398562749304085,0.6096443299200878,0.05049939514950375,0.4759701217345943,889476.0,0.22283079372412132,0.7204843127840075,0.056684893491871245,0.5057337597223363,3627986.0,-0.2202014106583072,0.15384615384615385,0.48224212034383956,0.9038461538461539,1,1,1,0,1,0,0,0,0
383815,ZA9,Limpopo,ZA8,Mpumalanga,ZA936,Waterberg,ZA831,Nkangala,2020-10-13,2020-10-14,1,1,1,21194.86336172299,10597.302845785052,22936,20201013,20201014,0.2870915348782833,0.6477210572390478,0.06518740788266879,0.5138960603357211,718513.0,0.27290691475673784,0.6711806877078121,0.055912397535449986,0.5109201270525474,1573837.0,0.00236898395721925,0.5576923076923077,0.07867808219178082,0.6730769230769231,1,1,1,0,1,0,0,0,0
383816,ZA3,Nothern Cape,ZA1,Western Cape,ZA309,Frances Baard,ZA191,City of Cape Town,2020-10-13,2020-10-14,1,1,1,1766602.9285518196,925385.4220273802,51464,20201013,20201014,0.2860169290028057,0.6497360787483951,0.06424699224879928,0.49189928194398214,420580.0,0.23849582985172932,0.697186217784503,0.06431795236376775,0.4976008771049945,4436413.0,0.29907801418439717,0.8846153846153846,0.7687640750670242,0.9807692307692307,1,1,1,0,1,0,0,0,0
383817,ZA4,Free State,ZA2,Eastern Cape,ZA494,Mangaung,ZA214,Joe Gqabi,2020-10-13,2020-10-22,1,1,1,244300.1660841806,185589.10435798945,783783,20201013,20201022,0.26262942751272955,0.6754982029249197,0.06187236956235082,0.4901411892511804,826621.0,0.3340471849013029,0.5799636495391386,0.08598916555955849,0.47733103958194023,339473.0,0.27329104477611943,0.8269230769230769,-0.1839776119402985,0.21153846153846154,1,1,1,0,1,0,0,0,0
383818,ZA4,Free State,ZA7,Gauteng,ZA418,Lejweleputswa,ZA798,City of Johannesburg,2020-10-13,2020-10-13,2,2,2,1122252.0580044552,517489.8644232617,56599,20201013,20201013,0.27941650281351393,0.6617931601395349,0.058790337046951115,0.500105365269169,574193.0,0.2220629170143196,0.7299897648810346,0.047947318104645836,0.5097433964893054,5540727.0,0.29495049504950493,0.8653846153846154,0.8818060606060606,1.0,1,1,1,0,1,0,0,0,0
383819,ZA8,Mpumalanga,ZA7,Gauteng,ZA830,Gert Sibande,ZA797,Ekurhuleni,2020-10-13,2020-10-17,1,1,1,206046.0619100632,99601.24303457496,403024,20201013,20201017,0.30688245639051287,0.6412288994160756,0.05188864419341153,0.49968312815881616,1136106.0,0.23296733680905687,0.7203157619169479,0.04671690127399521,0.5205474946472306,3739653.0,-0.11248741610738255,0.36538461538461536,0.7435109289617486,0.9615384615384616,1,1,1,0,1,0,0,0,0
383820,ZA8,Mpumalanga,ZA5,KwaZulu-Natal,ZA830,Gert Sibande,ZA525,Amajuba,2020-10-13,2020-10-14,1,1,1,242536.61447023007,78882.99841818998,36581,20201013,20201014,0.30688245639051287,0.6412288994160756,0.05188864419341153,0.49968312815881616,1136106.0,0.3311353387795859,0.6144200377537888,0.05444462346662529,0.48045773982507545,502731.0,-0.11248741610738255,0.36538461538461536,-0.16864155251141552,0.25,1,1,1,0,1,0,0,0,0
383821,ZA4,Free State,ZA7,Gauteng,ZA419,Thabo Mofutsanyane,ZA742,Sedibeng,2020-10-13,2020-10-13,3,3,3,1509041.5340200644,631015.4295760897,78552,20201013,20201013,0.31143326559338835,0.6251823622683981,0.06338437213821363,0.47028720831466336,662829.0,0.24393339879416723,0.6953819961266214,0.06068460507921129,0.5059130831550246,994997.0,0.10770218579234972,0.7115384615384616,0.2808379746835443,0.8461538461538461,1,1,1,0,1,0,0,0,0
383822,ZA8,Mpumalanga,ZA7,Gauteng,ZA830,Gert Sibande,ZA742,Sedibeng,2020-10-13,2020-10-14,1,1,1,88143.02653921509,39285.82981052954,20079,20201013,20201014,0.30688245639051287,0.6412288994160756,0.05188864419341153,0.49968312815881616,1136106.0,0.24393339879416723,0.6953819961266214,0.06068460507921129,0.5059130831550246,994997.0,-0.11248741610738255,0.36538461538461536,0.2808379746835443,0.8461538461538461,1,1,1,0,1,0,0,0,0
383823,ZA8,Mpumalanga,ZA5,KwaZulu-Natal,ZA831,Nkangala,ZA595,eThekwini,2020-10-13,2020-10-30,1,1,1,1151332.275825418,479634.857422808,1433726,20201013,20201030,0.27290691475673784,0.6711806877078121,0.055912397535449986,0.5109201270525474,1573837.0,0.2446364969883556,0.6990922562931536,0.05627124671849075,0.494610924976595,3587907.0,0.07867808219178082,0.6730769230769231,0.5666580406654343,0.9230769230769231,1,1,1,0,1,0,0,0,0
383824,ZA7,Gauteng,ZA7,Gauteng,ZA748,West Rand,ZA742,Sedibeng,2020-10-13,2020-10-15,1,1,1,72541.70244786853,54457.57969037475,160746,20201013,20201015,0.23154887232085752,0.7207832829912092,0.047667844687933295,0.5288128906961219,856804.0,0.24393339879416723,0.6953819961266214,0.06068460507921129,0.5059130831550246,994997.0,0.23715802469135805,0.8076923076923077,0.2808379746835443,0.8461538461538461,1,1,1,0,1,0,0,0,0
383825,ZA9,Limpopo,ZA7,Gauteng,ZA934,Vhembe,ZA797,Ekurhuleni,2020-10-13,2020-10-14,2,2,2,3998274.085774662,833698.1685150496,69362,20201013,20201014,0.3433867460978093,0.5887604530714541,0.06785280083073665,0.4597374214109392,1325089.0,0.23296733680905687,0.7203157619169479,0.04671690127399521,0.5205474946472306,3739653.0,-0.0767829596412556,0.4230769230769231,0.7435109289617486,0.9615384615384616,1,1,1,0,1,0,0,0,0
383826,ZA1,Western Cape,ZA7,Gauteng,ZA104,Eden,ZA742,Sedibeng,2020-10-13,2020-10-13,1,1,1,1901998.539111516,952880.7469201596,54482,20201013,20201013,0.24710205256745305,0.6628052101466374,0.09009273728590954,0.4993180863678119,673839.0,0.24393339879416723,0.6953819961266214,0.06068460507921129,0.5059130831550246,994997.0,0.0004522691705790296,0.5384615384615384,0.2808379746835443,0.8461538461538461,1,1,1,0,1,0,0,0,0
383827,ZA1,Western Cape,ZA3,Nothern Cape,ZA101,West Coast,ZA345,John Taolo Gaetsewe,2020-10-13,2020-10-29,1,1,1,1133494.3583195922,621489.2644238354,1394467,20201013,20201029,0.24466466325617858,0.6852166396976793,0.0701186970461421,0.5060695297345649,497485.0,0.31986957060536586,0.628082594956317,0.05204783443831712,0.4959027820806741,258224.0,-0.12079976303317536,0.34615384615384615,-0.13480926430517712,0.3076923076923077,1,1,1,0,1,0,0,0,0
383828,ZA5,KwaZulu-Natal,ZA4,Free State,ZA595,eThekwini,ZA494,Mangaung,2020-10-13,2020-10-27,1,1,1,467613.6447429451,467594.70794864936,1192957,20201013,20201027,0.2446364969883556,0.6990922562931536,0.05627124671849075,0.494610924976595,3587907.0,0.26262942751272955,0.6754982029249197,0.06187236956235082,0.4901411892511804,826621.0,0.5666580406654343,0.9230769230769231,0.27329104477611943,0.8269230769230769,1,1,1,0,1,0,0,0,0
383829,ZA2,Eastern Cape,ZA2,Eastern Cape,ZA215,O.R.Tambo,ZA293,Nelson Mandela Bay,2020-10-13,2020-10-13,1,1,1,935865.728289296,432748.2960322805,48811,20201013,20201013,0.38804558548824664,0.5482866433400703,0.06366777117168307,0.4623163104135049,1358678.0,0.2465186661259611,0.6842154879637478,0.0692658459102911,0.4877654529777138,1230491.0,-0.23807536101083035,0.1346153846153846,0.5740514018691588,0.9423076923076923,1,1,1,0,1,0,0,0,0
383830,ZA2,Eastern Cape,ZA5,KwaZulu-Natal,ZA244,Alfred Nzo,ZA522,Umgungundlovu,2020-10-13,2020-10-13,1,1,1,557249.5434217834,195231.43340861448,11069,20201013,20201013,0.40782127157510134,0.5221222097470932,0.07005651867780548,0.4576553946475353,788235.0,0.2748377359932372,0.663873035280183,0.06128922872657978,0.48236181888519014,1046905.0,-0.27396673320026615,0.11538461538461539,0.0061256544502617805,0.5769230769230769,1,1,1,0,1,0,0,0,0
383831,ZA1,Western Cape,ZA3,Nothern Cape,ZA191,City of Cape Town,ZA308,Z F Mgcawu,2020-10-13,2020-10-13,2,2,2,4478167.7244872,1341850.3701067166,60455,20201013,20201013,0.23849582985172932,0.697186217784503,0.06431795236376775,0.4976008771049945,4436413.0,0.27601757542529287,0.6641943181028425,0.059788106471864645,0.5142626583989065,258998.0,0.7687640750670242,0.9807692307692307,-0.04016603773584906,0.46153846153846156,1,1,1,0,1,0,0,0,0
383833,ZA2,Eastern Cape,ZA2,Eastern Cape,ZA293,Nelson Mandela Bay,ZA215,O.R.Tambo,2020-10-13,2020-10-13,1,1,1,1253624.0344034843,591921.7235732212,42414,20201013,20201013,0.2465186661259611,0.6842154879637478,0.0692658459102911,0.4877654529777138,1230491.0,0.38804558548824664,0.5482866433400703,0.06366777117168307,0.4623163104135049,1358678.0,0.5740514018691588,0.9423076923076923,-0.23807536101083035,0.1346153846153846,1,1,1,0,1,0,0,0,0
383834,ZA4,Free State,ZA5,KwaZulu-Natal,ZA420,Fezile Dabi,ZA525,Amajuba,2020-10-13,2020-10-13,1,1,1,418985.92979131226,202106.7208238784,31807,20201013,20201013,0.2705098118551487,0.6604572122193,0.06903297592555128,0.5050070807202104,494300.0,0.3311353387795859,0.6144200377537888,0.05444462346662529,0.48045773982507545,502731.0,0.2276555023923445,0.7884615384615384,-0.16864155251141552,0.25,1,1,1,0,1,0,0,0,0
383835,ZA3,Nothern Cape,ZA1,Western Cape,ZA307,Pixley ka Seme,ZA105,Central Karoo,2020-10-13,2020-10-13,2,2,2,5344328.21478412,797042.8097348108,48855,20201013,20201013,0.3060749448635213,0.6232332132979509,0.0706918418385278,0.5011842246002923,196331.0,0.29415328297801036,0.633639246216906,0.07220747080508365,0.4979247763656518,77582.0,0.1854655172413793,0.75,-0.12604477611940298,0.3269230769230769,1,1,1,0,1,0,0,0,0
383836,ZA8,Mpumalanga,ZA9,Limpopo,ZA831,Nkangala,ZA935,Capricorn,2020-10-13,2020-10-13,1,1,1,223505.13224943948,220438.25619945183,40308,20201013,20201013,0.27290691475673784,0.6711806877078121,0.055912397535449986,0.5109201270525474,1573837.0,0.3265897738288558,0.6007690312860821,0.07264119488506209,0.472231826966417,1295656.0,0.07867808219178082,0.6730769230769231,0.07397387387387387,0.6346153846153846,1,1,1,0,1,0,0,0,0
383837,ZA6,North West,ZA3,Nothern Cape,ZA638,Ngaka Modiri Molema,ZA345,John Taolo Gaetsewe,2020-10-13,2020-10-13,1,1,1,732149.6790562626,308912.87696477806,34161,20201013,20201013,0.3236353449196357,0.6078801705223251,0.06848448455803925,0.4964769205863341,870971.0,0.31986957060536586,0.628082594956317,0.05204783443831712,0.4959027820806741,258224.0,-0.18344824707846413,0.23076923076923078,-0.13480926430517712,0.3076923076923077,1,1,1,0,1,0,0,0,0
383838,ZA1,Western Cape,ZA3,Nothern Cape,ZA191,City of Cape Town,ZA306,Namakwa,2020-10-13,2020-10-13,4,4,4,4147835.1774958814,1630902.5623096074,143463,20201013,20201013,0.23849582985172932,0.697186217784503,0.06431795236376775,0.4976008771049945,4436413.0,0.2479438366342976,0.6592106724059887,0.09284549095971371,0.5132337492633683,117087.0,0.7687640750670242,0.9807692307692307,0.06505633802816901,0.6153846153846154,1,1,1,0,1,0,0,0,0
383839,ZA5,KwaZulu-Natal,ZA5,KwaZulu-Natal,ZA524,Umzinyathi,ZA526,Zululand,2020-10-13,2020-10-13,2,2,2,260004.29657587284,118160.5922491689,55596,20201013,20201013,0.3952311253914291,0.5454951881678106,0.05927368644076033,0.451447242842509,514461.0,0.392497537624586,0.5542130860581069,0.053289376317307055,0.4651401640222711,783796.0,-0.28225945945945946,0.07692307692307693,-0.2762355212355212,0.09615384615384616,1,1,1,0,1,0,0,0,0
383840,ZA2,Eastern Cape,ZA3,Nothern Cape,ZA293,Nelson Mandela Bay,ZA307,Pixley ka Seme,2020-10-13,2020-10-13,2,2,2,3939244.110901041,703145.8115565493,54589,20201013,20201013,0.2465186661259611,0.6842154879637478,0.0692658459102911,0.4877654529777138,1230491.0,0.3060749448635213,0.6232332132979509,0.0706918418385278,0.5011842246002923,196331.0,0.5740514018691588,0.9423076923076923,0.1854655172413793,0.75,1,1,1,0,1,0,0,0,0
383841,ZA2,Eastern Cape,ZA2,Eastern Cape,ZA213,Chris Hani,ZA292,Buffalo City,2020-10-13,2020-10-17,1,1,1,238964.75259608356,119506.4149350916,360342,20201013,20201017,0.334940582305372,0.572656560540376,0.09240285715425203,0.478383232498069,752217.0,0.254980022080858,0.6758306608485358,0.06918931707060617,0.48177934914042375,760840.0,-0.29251697892271666,0.057692307692307696,0.09585175879396986,0.6923076923076923,1,1,1,0,1,0,0,0,0
383842,ZA6,North West,ZA6,North West,ZA640,Dr Kenneth Kaunda,ZA638,Ngaka Modiri Molema,2020-10-13,2020-10-17,1,1,1,328655.72575852735,106548.6664908268,317710,20201013,20201017,0.27505895171327793,0.6602340041700301,0.06470704411669191,0.5065976875287468,754431.0,0.3236353449196357,0.6078801705223251,0.06848448455803925,0.4964769205863341,870971.0,-0.10069384057971015,0.38461538461538464,-0.18344824707846413,0.23076923076923078,1,1,1,0,1,0,0,0,0
383843,ZA3,Nothern Cape,ZA3,Nothern Cape,ZA307,Pixley ka Seme,ZA345,John Taolo Gaetsewe,2020-10-13,2020-10-14,1,1,1,1311309.3579658873,294191.5526353265,107284,20201013,20201014,0.3060749448635213,0.6232332132979509,0.0706918418385278,0.5011842246002923,196331.0,0.31986957060536586,0.628082594956317,0.05204783443831712,0.4959027820806741,258224.0,0.1854655172413793,0.75,-0.13480926430517712,0.3076923076923077,1,1,1,0,1,0,0,0,0
383844,ZA4,Free State,ZA3,Nothern Cape,ZA494,Mangaung,ZA306,Namakwa,2020-10-13,2020-10-13,1,1,1,1703848.061304824,813179.2810674418,63160,20201013,20201013,0.26262942751272955,0.6754982029249197,0.06187236956235082,0.4901411892511804,826621.0,0.2479438366342976,0.6592106724059887,0.09284549095971371,0.5132337492633683,117087.0,0.27329104477611943,0.8269230769230769,0.06505633802816901,0.6153846153846154,1,1,1,0,1,0,0,0,0
383845,ZA8,Mpumalanga,ZA8,Mpumalanga,ZA830,Gert Sibande,ZA830,Gert Sibande,2020-10-13,2020-10-17,1,1,1,624836.9208770532,131139.6369693324,362015,20201013,20201017,0.30688245639051287,0.6412288994160756,0.05188864419341153,0.49968312815881616,1136106.0,0.30688245639051287,0.6412288994160756,0.05188864419341153,0.49968312815881616,1136106.0,-0.11248741610738255,0.36538461538461536,-0.11248741610738255,0.36538461538461536,1,1,1,0,1,0,0,0,0
383846,ZA8,Mpumalanga,ZA7,Gauteng,ZA830,Gert Sibande,ZA799,City of Tshwane,2020-10-13,2020-10-14,1,1,1,791512.6707235104,186141.7499502949,73772,20201013,20201014,0.30688245639051287,0.6412288994160756,0.05188864419341153,0.49968312815881616,1136106.0,0.22283079372412132,0.7204843127840075,0.056684893491871245,0.5057337597223363,3627986.0,-0.11248741610738255,0.36538461538461536,0.48224212034383956,0.9038461538461539,1,1,1,0,1,0,0,0,0
383847,ZA3,Nothern Cape,ZA3,Nothern Cape,ZA307,Pixley ka Seme,ZA309,Frances Baard,2020-10-13,2020-10-14,1,1,1,2884846.39931988,337549.54229688627,36825,20201013,20201014,0.3060749448635213,0.6232332132979509,0.0706918418385278,0.5011842246002923,196331.0,0.2860169290028057,0.6497360787483951,0.06424699224879928,0.49189928194398214,420580.0,0.1854655172413793,0.75,0.29907801418439717,0.8846153846153846,1,1,1,0,1,0,0,0,0
383848,ZA5,KwaZulu-Natal,ZA5,KwaZulu-Natal,ZA529,iLembe,ZA526,Zululand,2020-10-13,2020-10-14,1,1,1,312393.8291619309,312393.8291619309,49817,20201013,20201014,0.32390440311621094,0.6202867780885334,0.05580881879525565,0.4827645772056803,636799.0,0.392497537624586,0.5542130860581069,0.053289376317307055,0.4651401640222711,783796.0,-0.14951617873651774,0.28846153846153844,-0.2762355212355212,0.09615384615384616,1,1,1,0,1,0,0,0,0
383849,ZA2,Eastern Cape,ZA4,Free State,ZA214,Joe Gqabi,ZA416,Xhariep,2020-10-13,2020-10-19,1,1,1,173492.87377366953,86682.03699060711,538589,20201013,20201019,0.3340471849013029,0.5799636495391386,0.08598916555955849,0.47733103958194023,339473.0,0.29515218562959183,0.6325513667867511,0.07229644758365718,0.5005153225730198,105759.0,-0.1839776119402985,0.21153846153846154,0.18671264367816093,0.7692307692307693,1,1,1,0,1,0,0,0,0
383850,ZA4,Free State,ZA1,Western Cape,ZA494,Mangaung,ZA104,Eden,2020-10-13,2020-10-14,1,1,1,1768344.5731931357,626057.7397962447,125639,20201013,20201014,0.26262942751272955,0.6754982029249197,0.06187236956235082,0.4901411892511804,826621.0,0.24710205256745305,0.6628052101466374,0.09009273728590954,0.4993180863678119,673839.0,0.27329104477611943,0.8269230769230769,0.0004522691705790296,0.5384615384615384,1,1,1,0,1,0,0,0,0
383851,ZA7,Gauteng,ZA6,North West,ZA798,City of Johannesburg,ZA639,Dr Ruth Segomotsi Mompati,2020-10-13,2020-10-14,1,1,1,474985.1050416805,339163.41659203405,56993,20201013,20201014,0.2220629170143196,0.7299897648810346,0.047947318104645836,0.5097433964893054,5540727.0,0.3412335579082451,0.5850872971649528,0.07367914492680208,0.4911837461796937,473784.0,0.8818060606060606,1.0,-0.16626678765880218,0.2692307692307692,1,1,1,0,1,0,0,0,0
383852,ZA5,KwaZulu-Natal,ZA5,KwaZulu-Natal,ZA595,eThekwini,ZA595,eThekwini,2020-10-13,2020-10-16,2,2,2,211121.6306101301,13300.72274095328,449361,20201013,20201016,0.2446364969883556,0.6990922562931536,0.05627124671849075,0.494610924976595,3587907.0,0.2446364969883556,0.6990922562931536,0.05627124671849075,0.494610924976595,3587907.0,0.5666580406654343,0.9230769230769231,0.5666580406654343,0.9230769230769231,1,1,1,0,1,0,0,0,0
383853,ZA5,KwaZulu-Natal,ZA5,KwaZulu-Natal,ZA522,Umgungundlovu,ZA543,Sisonke,2020-10-13,2020-10-14,1,1,1,205919.32039245323,118696.37359539188,9744,20201013,20201014,0.2748377359932372,0.663873035280183,0.06128922872657978,0.48236181888519014,1046905.0,0.37293146983899067,0.5707096800166399,0.05635885014436937,0.4671305273563743,447117.0,0.0061256544502617805,0.5769230769230769,-0.2112274881516588,0.17307692307692307,1,1,1,0,1,0,0,0,0
383854,ZA7,Gauteng,ZA5,KwaZulu-Natal,ZA799,City of Tshwane,ZA521,Ugu,2020-10-13,2020-10-13,2,2,2,2499591.785363566,1265773.5935158627,44442,20201013,20201013,0.22283079372412132,0.7204843127840075,0.056684893491871245,0.5057337597223363,3627986.0,0.32122674606698143,0.6016982741355622,0.07707497979745637,0.47391596021954596,714019.0,0.48224212034383956,0.9038461538461539,-0.09480895915678524,0.40384615384615385,1,1,1,0,1,0,0,0,0
383855,ZA3,Nothern Cape,ZA3,Nothern Cape,ZA308,Z F Mgcawu,ZA309,Frances Baard,2020-10-13,2020-10-14,1,1,1,1142473.7099316106,724083.8348564309,112751,20201013,20201014,0.27601757542529287,0.6641943181028425,0.059788106471864645,0.5142626583989065,258998.0,0.2860169290028057,0.6497360787483951,0.06424699224879928,0.49189928194398214,420580.0,-0.04016603773584906,0.46153846153846156,0.29907801418439717,0.8846153846153846,1,1,1,0,1,0,0,0,0
383856,ZA8,Mpumalanga,ZA8,Mpumalanga,ZA830,Gert Sibande,ZA830,Gert Sibande,2020-10-13,2020-10-15,1,1,1,534152.9149619595,528746.8413101999,136595,20201013,20201015,0.30688245639051287,0.6412288994160756,0.05188864419341153,0.49968312815881616,1136106.0,0.30688245639051287,0.6412288994160756,0.05188864419341153,0.49968312815881616,1136106.0,-0.11248741610738255,0.36538461538461536,-0.11248741610738255,0.36538461538461536,1,1,1,0,1,0,0,0,0
383857,ZA9,Limpopo,ZA9,Limpopo,ZA936,Waterberg,ZA936,Waterberg,2020-10-13,2020-10-17,1,1,1,249462.01720685908,4145.375368543518,372223,20201013,20201017,0.2870915348782833,0.6477210572390478,0.06518740788266879,0.5138960603357211,718513.0,0.2870915348782833,0.6477210572390478,0.06518740788266879,0.5138960603357211,718513.0,0.00236898395721925,0.5576923076923077,0.00236898395721925,0.5576923076923077,1,1,1,0,1,0,0,0,0
383858,ZA2,Eastern Cape,ZA2,Eastern Cape,ZA292,Buffalo City,ZA215,O.R.Tambo,2020-10-13,2020-10-22,1,1,1,169110.87192938998,166866.1496788695,786196,20201013,20201022,0.254980022080858,0.6758306608485358,0.06918931707060617,0.48177934914042375,760840.0,0.38804558548824664,0.5482866433400703,0.06366777117168307,0.4623163104135049,1358678.0,0.09585175879396986,0.6923076923076923,-0.23807536101083035,0.1346153846153846,1,1,1,0,1,0,0,0,0
383859,ZA7,Gauteng,ZA5,KwaZulu-Natal,ZA799,City of Tshwane,ZA524,Umzinyathi,2020-10-13,2020-10-13,1,1,1,820137.6639889232,376078.9610456215,36788,20201013,20201013,0.22283079372412132,0.7204843127840075,0.056684893491871245,0.5057337597223363,3627986.0,0.3952311253914291,0.5454951881678106,0.05927368644076033,0.451447242842509,514461.0,0.48224212034383956,0.9038461538461539,-0.28225945945945946,0.07692307692307693,1,1,1,0,1,0,0,0,0
383860,ZA4,Free State,ZA9,Limpopo,ZA420,Fezile Dabi,ZA936,Waterberg,2020-10-13,2020-10-13,1,1,1,432017.2738162066,215576.84651022745,43673,20201013,20201013,0.2705098118551487,0.6604572122193,0.06903297592555128,0.5050070807202104,494300.0,0.2870915348782833,0.6477210572390478,0.06518740788266879,0.5138960603357211,718513.0,0.2276555023923445,0.7884615384615384,0.00236898395721925,0.5576923076923077,1,1,1,0,1,0,0,0,0
383861,ZA5,KwaZulu-Natal,ZA2,Eastern Cape,ZA595,eThekwini,ZA292,Buffalo City,2020-10-13,2020-10-13,1,1,1,1295608.636491587,447111.894789513,24413,20201013,20201013,0.2446364969883556,0.6990922562931536,0.05627124671849075,0.494610924976595,3587907.0,0.254980022080858,0.6758306608485358,0.06918931707060617,0.48177934914042375,760840.0,0.5666580406654343,0.9230769230769231,0.09585175879396986,0.6923076923076923,1,1,1,0,1,0,0,0,0
383862,ZA1,Western Cape,ZA7,Gauteng,ZA101,West Coast,ZA799,City of Tshwane,2020-10-13,2020-10-13,1,1,1,1300732.1203780517,1286758.388457467,29580,20201013,20201013,0.24466466325617858,0.6852166396976793,0.0701186970461421,0.5060695297345649,497485.0,0.22283079372412132,0.7204843127840075,0.056684893491871245,0.5057337597223363,3627986.0,-0.12079976303317536,0.34615384615384615,0.48224212034383956,0.9038461538461539,1,1,1,0,1,0,0,0,0
383863,ZA7,Gauteng,ZA9,Limpopo,ZA799,City of Tshwane,ZA933,Mopani,2020-10-13,2020-10-14,1,1,1,338778.7079364891,338603.1806243768,36605,20201013,20201014,0.22283079372412132,0.7204843127840075,0.056684893491871245,0.5057337597223363,3627986.0,0.3329418650827259,0.6026296126910996,0.06442852222617454,0.46142626187343905,1062666.0,0.48224212034383956,0.9038461538461539,-0.037928345626975765,0.4807692307692308,1,1,1,0,1,0,0,0,0
383864,ZA6,North West,ZA6,North West,ZA637,Bojanala,ZA640,Dr Kenneth Kaunda,2020-10-13,2020-10-24,1,1,1,658609.2478657551,147115.2595311155,882132,20201013,20201024,0.25082919250139085,0.6903465537718604,0.05882425372674875,0.5380589003726469,1786678.0,0.27505895171327793,0.6602340041700301,0.06470704411669191,0.5065976875287468,754431.0,0.07430676328502415,0.6538461538461539,-0.10069384057971015,0.38461538461538464,1,1,1,0,1,0,0,0,0
383865,ZA6,North West,ZA6,North West,ZA638,Ngaka Modiri Molema,ZA638,Ngaka Modiri Molema,2020-10-13,2020-10-15,1,1,1,636688.4011346787,69011.33549975936,144737,20201013,20201015,0.3236353449196357,0.6078801705223251,0.06848448455803925,0.4964769205863341,870971.0,0.3236353449196357,0.6078801705223251,0.06848448455803925,0.4964769205863341,870971.0,-0.18344824707846413,0.23076923076923078,-0.18344824707846413,0.23076923076923078,1,1,1,0,1,0,0,0,0
383866,ZA1,Western Cape,ZA1,Western Cape,ZA103,Overberg,ZA102,Cape Winelands,2020-10-13,2020-10-21,1,1,1,362927.45495000377,139755.77222368505,651762,20201013,20201021,0.22836513904770692,0.6721314716747349,0.09950338927755827,0.511077351980676,303457.0,0.24989252608235304,0.6902123420738123,0.059895131843834624,0.5011121214086944,909523.0,0.051486772486772484,0.5961538461538461,-0.012388831437435367,0.5192307692307693,1,1,1,0,1,0,0,0,0
383867,ZA7,Gauteng,ZA6,North West,ZA742,Sedibeng,ZA638,Ngaka Modiri Molema,2020-10-13,2020-10-13,2,2,2,2167224.305742088,535706.4552273585,48289,20201013,20201013,0.24393339879416723,0.6953819961266214,0.06068460507921129,0.5059130831550246,994997.0,0.3236353449196357,0.6078801705223251,0.06848448455803925,0.4964769205863341,870971.0,0.2808379746835443,0.8461538461538461,-0.18344824707846413,0.23076923076923078,1,1,1,0,1,0,0,0,0
383868,ZA7,Gauteng,ZA5,KwaZulu-Natal,ZA798,City of Johannesburg,ZA529,iLembe,2020-10-13,2020-10-13,2,2,2,2458931.5690314323,1025486.2249739872,51958,20201013,20201013,0.2220629170143196,0.7299897648810346,0.047947318104645836,0.5097433964893054,5540727.0,0.32390440311621094,0.6202867780885334,0.05580881879525565,0.4827645772056803,636799.0,0.8818060606060606,1.0,-0.14951617873651774,0.28846153846153844,1,1,1,0,1,0,0,0,0
383869,ZA3,Nothern Cape,ZA1,Western Cape,ZA306,Namakwa,ZA101,West Coast,2020-10-13,2020-10-13,1,1,1,267770.4077288688,131363.5921961155,7382,20201013,20201013,0.2479438366342976,0.6592106724059887,0.09284549095971371,0.5132337492633683,117087.0,0.24466466325617858,0.6852166396976793,0.0701186970461421,0.5060695297345649,497485.0,0.06505633802816901,0.6153846153846154,-0.12079976303317536,0.34615384615384615,1,1,1,0,1,0,0,0,0
383870,ZA7,Gauteng,ZA5,KwaZulu-Natal,ZA797,Ekurhuleni,ZA526,Zululand,2020-10-13,2020-10-13,2,2,2,2656945.9636780564,1413959.3161635306,77756,20201013,20201013,0.23296733680905687,0.7203157619169479,0.04671690127399521,0.5205474946472306,3739653.0,0.392497537624586,0.5542130860581069,0.053289376317307055,0.4651401640222711,783796.0,0.7435109289617486,0.9615384615384616,-0.2762355212355212,0.09615384615384616,1,1,1,0,1,0,0,0,0
383871,ZA6,North West,ZA6,North West,ZA640,Dr Kenneth Kaunda,ZA637,Bojanala,2020-10-13,2020-10-18,1,1,1,237449.09349046467,139023.23897819812,441313,20201013,20201018,0.27505895171327793,0.6602340041700301,0.06470704411669191,0.5065976875287468,754431.0,0.25082919250139085,0.6903465537718604,0.05882425372674875,0.5380589003726469,1786678.0,-0.10069384057971015,0.38461538461538464,0.07430676328502415,0.6538461538461539,1,1,1,0,1,0,0,0,0
383872,ZA5,KwaZulu-Natal,ZA9,Limpopo,ZA595,eThekwini,ZA935,Capricorn,2020-10-13,2020-10-13,1,1,1,1370647.253782763,680401.5396534535,6313,20201013,20201013,0.2446364969883556,0.6990922562931536,0.05627124671849075,0.494610924976595,3587907.0,0.3265897738288558,0.6007690312860821,0.07264119488506209,0.472231826966417,1295656.0,0.5666580406654343,0.9230769230769231,0.07397387387387387,0.6346153846153846,1,1,1,0,1,0,0,0,0
383873,ZA5,KwaZulu-Natal,ZA8,Mpumalanga,ZA595,eThekwini,ZA830,Gert Sibande,2020-10-13,2020-10-16,1,1,1,831072.6807393682,415528.5951590468,254447,20201013,20201016,0.2446364969883556,0.6990922562931536,0.05627124671849075,0.494610924976595,3587907.0,0.30688245639051287,0.6412288994160756,0.05188864419341153,0.49968312815881616,1136106.0,0.5666580406654343,0.9230769230769231,-0.11248741610738255,0.36538461538461536,1,1,1,0,1,0,0,0,0
383874,ZA9,Limpopo,ZA9,Limpopo,ZA936,Waterberg,ZA936,Waterberg,2020-10-13,2020-10-15,1,1,1,782104.8467092827,4997.607359130845,202553,20201013,20201015,0.2870915348782833,0.6477210572390478,0.06518740788266879,0.5138960603357211,718513.0,0.2870915348782833,0.6477210572390478,0.06518740788266879,0.5138960603357211,718513.0,0.00236898395721925,0.5576923076923077,0.00236898395721925,0.5576923076923077,1,1,1,0,1,0,0,0,0
383875,ZA5,KwaZulu-Natal,ZA5,KwaZulu-Natal,ZA526,Zululand,ZA595,eThekwini,2020-10-13,2020-10-15,1,1,1,840736.3652688653,227483.8276735612,136638,20201013,20201015,0.392497537624586,0.5542130860581069,0.053289376317307055,0.4651401640222711,783796.0,0.2446364969883556,0.6990922562931536,0.05627124671849075,0.494610924976595,3587907.0,-0.2762355212355212,0.09615384615384616,0.5666580406654343,0.9230769230769231,1,1,1,0,1,0,0,0,0
383876,ZA8,Mpumalanga,ZA8,Mpumalanga,ZA830,Gert Sibande,ZA830,Gert Sibande,2020-10-13,2020-10-19,1,1,1,260098.1126548808,239451.69485735468,589963,20201013,20201019,0.30688245639051287,0.6412288994160756,0.05188864419341153,0.49968312815881616,1136106.0,0.30688245639051287,0.6412288994160756,0.05188864419341153,0.49968312815881616,1136106.0,-0.11248741610738255,0.36538461538461536,-0.11248741610738255,0.36538461538461536,1,1,1,0,1,0,0,0,0
383877,ZA5,KwaZulu-Natal,ZA1,Western Cape,ZA595,eThekwini,ZA191,City of Cape Town,2020-10-13,2020-10-14,1,1,1,1304003.1609871264,1271858.6753471785,29834,20201013,20201014,0.2446364969883556,0.6990922562931536,0.05627124671849075,0.494610924976595,3587907.0,0.23849582985172932,0.697186217784503,0.06431795236376775,0.4976008771049945,4436413.0,0.5666580406654343,0.9230769230769231,0.7687640750670242,0.9807692307692307,1,1,1,0,1,0,0,0,0
383878,ZA2,Eastern Cape,ZA1,Western Cape,ZA293,Nelson Mandela Bay,ZA191,City of Cape Town,2020-10-13,2020-10-19,1,1,1,637828.3930162821,294113.4228515465,557147,20201013,20201019,0.2465186661259611,0.6842154879637478,0.0692658459102911,0.4877654529777138,1230491.0,0.23849582985172932,0.697186217784503,0.06431795236376775,0.4976008771049945,4436413.0,0.5740514018691588,0.9423076923076923,0.7687640750670242,0.9807692307692307,1,1,1,0,1,0,0,0,0
383879,ZA4,Free State,ZA7,Gauteng,ZA420,Fezile Dabi,ZA797,Ekurhuleni,2020-10-13,2020-10-14,1,1,1,159079.05524509342,66808.33079382528,14457,20201013,20201014,0.2705098118551487,0.6604572122193,0.06903297592555128,0.5050070807202104,494300.0,0.23296733680905687,0.7203157619169479,0.04671690127399521,0.5205474946472306,3739653.0,0.2276555023923445,0.7884615384615384,0.7435109289617486,0.9615384615384616,1,1,1,0,1,0,0,0,0
383880,ZA7,Gauteng,ZA6,North West,ZA748,West Rand,ZA640,Dr Kenneth Kaunda,2020-10-13,2020-10-14,1,1,1,148794.61004996623,65735.14082138611,54125,20201013,20201014,0.23154887232085752,0.7207832829912092,0.047667844687933295,0.5288128906961219,856804.0,0.27505895171327793,0.6602340041700301,0.06470704411669191,0.5065976875287468,754431.0,0.23715802469135805,0.8076923076923077,-0.10069384057971015,0.38461538461538464,1,1,1,0,1,0,0,0,0
383881,ZA6,North West,ZA4,Free State,ZA639,Dr Ruth Segomotsi Mompati,ZA416,Xhariep,2020-10-13,2020-10-13,1,1,1,2415690.475055432,116097.71336052688,3448,20201013,20201013,0.3412335579082451,0.5850872971649528,0.07367914492680208,0.4911837461796937,473784.0,0.29515218562959183,0.6325513667867511,0.07229644758365718,0.5005153225730198,105759.0,-0.16626678765880218,0.2692307692307692,0.18671264367816093,0.7692307692307693,1,1,1,0,1,0,0,0,0
383882,ZA5,KwaZulu-Natal,ZA5,KwaZulu-Natal,ZA524,Umzinyathi,ZA528,Uthungulu,2020-10-13,2020-10-15,1,1,1,143058.55513101947,31044.24609081653,139392,20201013,20201015,0.3952311253914291,0.5454951881678106,0.05927368644076033,0.451447242842509,514461.0,0.3398562749304085,0.6096443299200878,0.05049939514950375,0.4759701217345943,889476.0,-0.28225945945945946,0.07692307692307693,-0.2202014106583072,0.15384615384615385,1,1,1,0,1,0,0,0,0
383884,ZA4,Free State,ZA2,Eastern Cape,ZA419,Thabo Mofutsanyane,ZA210,Cacadu,2020-10-13,2020-10-14,1,1,1,1530605.3267344907,727448.1973893917,120393,20201013,20201014,0.31143326559338835,0.6251823622683981,0.06338437213821363,0.47028720831466336,662829.0,0.2618455236218228,0.6571170870354837,0.08103738934269357,0.4975242081945451,491156.0,0.10770218579234972,0.7115384615384616,-0.01848062015503876,0.5,1,1,1,0,1,0,0,0,0
383885,ZA9,Limpopo,ZA9,Limpopo,ZA935,Capricorn,ZA935,Capricorn,2020-10-13,2020-10-21,1,1,1,111213.48107763054,29230.24026727736,668945,20201013,20201021,0.3265897738288558,0.6007690312860821,0.07264119488506209,0.472231826966417,1295656.0,0.3265897738288558,0.6007690312860821,0.07264119488506209,0.472231826966417,1295656.0,0.07397387387387387,0.6346153846153846,0.07397387387387387,0.6346153846153846,1,1,1,0,1,0,0,0,0
383886,ZA7,Gauteng,ZA5,KwaZulu-Natal,ZA797,Ekurhuleni,ZA525,Amajuba,2020-10-13,2020-10-13,1,1,1,580262.2210464454,265660.0741107706,10509,20201013,20201013,0.23296733680905687,0.7203157619169479,0.04671690127399521,0.5205474946472306,3739653.0,0.3311353387795859,0.6144200377537888,0.05444462346662529,0.48045773982507545,502731.0,0.7435109289617486,0.9615384615384616,-0.16864155251141552,0.25,1,1,1,0,1,0,0,0,0
383887,ZA3,Nothern Cape,ZA1,Western Cape,ZA307,Pixley ka Seme,ZA103,Overberg,2020-10-13,2020-10-13,1,1,1,3236214.48873211,1056488.303357988,60494,20201013,20201013,0.3060749448635213,0.6232332132979509,0.0706918418385278,0.5011842246002923,196331.0,0.22836513904770692,0.6721314716747349,0.09950338927755827,0.511077351980676,303457.0,0.1854655172413793,0.75,0.051486772486772484,0.5961538461538461,1,1,1,0,1,0,0,0,0
383888,ZA2,Eastern Cape,ZA4,Free State,ZA292,Buffalo City,ZA420,Fezile Dabi,2020-10-13,2020-10-16,1,1,1,1631301.7264863525,650422.8195249911,223113,20201013,20201016,0.254980022080858,0.6758306608485358,0.06918931707060617,0.48177934914042375,760840.0,0.2705098118551487,0.6604572122193,0.06903297592555128,0.5050070807202104,494300.0,0.09585175879396986,0.6923076923076923,0.2276555023923445,0.7884615384615384,1,1,1,0,1,0,0,0,0
383889,ZA3,Nothern Cape,ZA1,Western Cape,ZA309,Frances Baard,ZA102,Cape Winelands,2020-10-13,2020-10-14,1,1,1,4474180.73149312,767405.8997234907,38988,20201013,20201014,0.2860169290028057,0.6497360787483951,0.06424699224879928,0.49189928194398214,420580.0,0.24989252608235304,0.6902123420738123,0.059895131843834624,0.5011121214086944,909523.0,0.29907801418439717,0.8846153846153846,-0.012388831437435367,0.5192307692307693,1,1,1,0,1,0,0,0,0
383890,ZA5,KwaZulu-Natal,ZA5,KwaZulu-Natal,ZA526,Zululand,ZA528,Uthungulu,2020-10-13,2020-10-16,1,1,1,189232.42998389385,102577.11051162764,259164,20201013,20201016,0.392497537624586,0.5542130860581069,0.053289376317307055,0.4651401640222711,783796.0,0.3398562749304085,0.6096443299200878,0.05049939514950375,0.4759701217345943,889476.0,-0.2762355212355212,0.09615384615384616,-0.2202014106583072,0.15384615384615385,1,1,1,0,1,0,0,0,0
383891,ZA1,Western Cape,,,ZA103,Overberg,,,2020-10-13,2020-10-14,1,1,1,516925.4682033193,273581.3594385294,93364,20201013,20201014,0.22836513904770692,0.6721314716747349,0.09950338927755827,0.511077351980676,303457.0,,,,,,0.051486772486772484,0.5961538461538461,,,1,1,1,0,1,0,0,0,0
383893,ZA5,KwaZulu-Natal,ZA7,Gauteng,ZA595,eThekwini,ZA797,Ekurhuleni,2020-10-13,2020-10-17,1,1,1,504664.8426007723,504606.3549632446,304599,20201013,20201017,0.2446364969883556,0.6990922562931536,0.05627124671849075,0.494610924976595,3587907.0,0.23296733680905687,0.7203157619169479,0.04671690127399521,0.5205474946472306,3739653.0,0.5666580406654343,0.9230769230769231,0.7435109289617486,0.9615384615384616,1,1,1,0,1,0,0,0,0
383894,ZA9,Limpopo,ZA9,Limpopo,ZA933,Mopani,ZA934,Vhembe,2020-10-13,2020-10-14,2,2,2,216979.18339353023,107636.62472320734,71481,20201013,20201014,0.3329418650827259,0.6026296126910996,0.06442852222617454,0.46142626187343905,1062666.0,0.3433867460978093,0.5887604530714541,0.06785280083073665,0.4597374214109392,1325089.0,-0.037928345626975765,0.4807692307692308,-0.0767829596412556,0.4230769230769231,1,1,1,0,1,0,0,0,0
383895,ZA5,KwaZulu-Natal,ZA7,Gauteng,ZA523,Uthukela,ZA798,City of Johannesburg,2020-10-13,2020-10-31,1,1,1,288964.6534230728,288964.6534230728,1607168,20201013,20201031,0.36014331224838336,0.5864396074090654,0.05341708034255123,0.46782833191779016,652282.0,0.2220629170143196,0.7299897648810346,0.047947318104645836,0.5097433964893054,5540727.0,-0.19841226215644822,0.19230769230769232,0.8818060606060606,1.0,1,1,1,0,1,0,0,0,0
383896,ZA7,Gauteng,ZA9,Limpopo,ZA748,West Rand,ZA935,Capricorn,2020-10-13,2020-10-13,2,2,2,1231536.5527113448,605956.5345359392,73950,20201013,20201013,0.23154887232085752,0.7207832829912092,0.047667844687933295,0.5288128906961219,856804.0,0.3265897738288558,0.6007690312860821,0.07264119488506209,0.472231826966417,1295656.0,0.23715802469135805,0.8076923076923077,0.07397387387387387,0.6346153846153846,1,1,1,0,1,0,0,0,0
383897,ZA5,KwaZulu-Natal,ZA5,KwaZulu-Natal,ZA528,Uthungulu,ZA521,Ugu,2020-10-13,2020-10-13,1,1,1,441364.9961570776,208028.89170396412,15757,20201013,20201013,0.3398562749304085,0.6096443299200878,0.05049939514950375,0.4759701217345943,889476.0,0.32122674606698143,0.6016982741355622,0.07707497979745637,0.47391596021954596,714019.0,-0.2202014106583072,0.15384615384615385,-0.09480895915678524,0.40384615384615385,1,1,1,0,1,0,0,0,0
383898,ZA5,KwaZulu-Natal,ZA7,Gauteng,ZA523,Uthukela,ZA799,City of Tshwane,2020-10-13,2020-10-13,1,1,1,801784.2978261133,375174.0599477228,30143,20201013,20201013,0.36014331224838336,0.5864396074090654,0.05341708034255123,0.46782833191779016,652282.0,0.22283079372412132,0.7204843127840075,0.056684893491871245,0.5057337597223363,3627986.0,-0.19841226215644822,0.19230769230769232,0.48224212034383956,0.9038461538461539,1,1,1,0,1,0,0,0,0
383899,ZA7,Gauteng,ZA8,Mpumalanga,ZA742,Sedibeng,ZA830,Gert Sibande,2020-10-13,2020-10-15,1,1,1,301088.31276807,133256.94750524257,185667,20201013,20201015,0.24393339879416723,0.6953819961266214,0.06068460507921129,0.5059130831550246,994997.0,0.30688245639051287,0.6412288994160756,0.05188864419341153,0.49968312815881616,1136106.0,0.2808379746835443,0.8461538461538461,-0.11248741610738255,0.36538461538461536,1,1,1,0,1,0,0,0,0
383900,ZA7,Gauteng,ZA5,KwaZulu-Natal,ZA799,City of Tshwane,ZA527,Umkhanyakude,2020-10-13,2020-10-13,1,1,1,1069647.3967712326,495330.50707487855,39700,20201013,20201013,0.22283079372412132,0.7204843127840075,0.056684893491871245,0.5057337597223363,3627986.0,0.40017378652548197,0.5489306999026919,0.05089551357182606,0.4622270789873748,643318.0,0.48224212034383956,0.9038461538461539,-0.31784377542717657,0.038461538461538464,1,1,1,0,1,0,0,0,0
383901,ZA2,Eastern Cape,ZA2,Eastern Cape,ZA292,Buffalo City,ZA213,Chris Hani,2020-10-13,2020-10-14,1,1,1,310854.3831108643,153043.8822664946,18060,20201013,20201014,0.254980022080858,0.6758306608485358,0.06918931707060617,0.48177934914042375,760840.0,0.334940582305372,0.572656560540376,0.09240285715425203,0.478383232498069,752217.0,0.09585175879396986,0.6923076923076923,-0.29251697892271666,0.057692307692307696,1,1,1,0,1,0,0,0,0
383902,ZA5,KwaZulu-Natal,ZA7,Gauteng,ZA525,Amajuba,ZA797,Ekurhuleni,2020-10-13,2020-10-29,1,1,1,431882.910891746,250320.724450651,1359209,20201013,20201029,0.3311353387795859,0.6144200377537888,0.05444462346662529,0.48045773982507545,502731.0,0.23296733680905687,0.7203157619169479,0.04671690127399521,0.5205474946472306,3739653.0,-0.16864155251141552,0.25,0.7435109289617486,0.9615384615384616,1,1,1,0,1,0,0,0,0
383903,ZA5,KwaZulu-Natal,ZA5,KwaZulu-Natal,ZA595,eThekwini,ZA521,Ugu,2020-10-13,2020-10-27,1,1,1,287341.7706890605,143317.92495490317,1214328,20201013,20201027,0.2446364969883556,0.6990922562931536,0.05627124671849075,0.494610924976595,3587907.0,0.32122674606698143,0.6016982741355622,0.07707497979745637,0.47391596021954596,714019.0,0.5666580406654343,0.9230769230769231,-0.09480895915678524,0.40384615384615385,1,1,1,0,1,0,0,0,0
383904,ZA3,Nothern Cape,ZA6,North West,ZA345,John Taolo Gaetsewe,ZA637,Bojanala,2020-10-13,2020-10-16,1,1,1,1236590.358169113,387389.9658717596,246051,20201013,20201016,0.31986957060536586,0.628082594956317,0.05204783443831712,0.4959027820806741,258224.0,0.25082919250139085,0.6903465537718604,0.05882425372674875,0.5380589003726469,1786678.0,-0.13480926430517712,0.3076923076923077,0.07430676328502415,0.6538461538461539,1,1,1,0,1,0,0,0,0
383905,ZA5,KwaZulu-Natal,ZA8,Mpumalanga,ZA595,eThekwini,ZA830,Gert Sibande,2020-10-13,2020-10-14,1,1,1,763068.1419085024,381507.2491919576,52808,20201013,20201014,0.2446364969883556,0.6990922562931536,0.05627124671849075,0.494610924976595,3587907.0,0.30688245639051287,0.6412288994160756,0.05188864419341153,0.49968312815881616,1136106.0,0.5666580406654343,0.9230769230769231,-0.11248741610738255,0.36538461538461536,1,1,1,0,1,0,0,0,0
383906,ZA3,Nothern Cape,ZA4,Free State,ZA345,John Taolo Gaetsewe,ZA494,Mangaung,2020-10-13,2020-10-16,1,1,1,343422.73962630704,343376.83368626767,280395,20201013,20201016,0.31986957060536586,0.628082594956317,0.05204783443831712,0.4959027820806741,258224.0,0.26262942751272955,0.6754982029249197,0.06187236956235082,0.4901411892511804,826621.0,-0.13480926430517712,0.3076923076923077,0.27329104477611943,0.8269230769230769,1,1,1,0,1,0,0,0,0
383907,ZA9,Limpopo,ZA6,North West,ZA936,Waterberg,ZA640,Dr Kenneth Kaunda,2020-10-13,2020-10-13,1,1,1,483561.4448956032,210131.7403906728,34205,20201013,20201013,0.2870915348782833,0.6477210572390478,0.06518740788266879,0.5138960603357211,718513.0,0.27505895171327793,0.6602340041700301,0.06470704411669191,0.5065976875287468,754431.0,0.00236898395721925,0.5576923076923077,-0.10069384057971015,0.38461538461538464,1,1,1,0,1,0,0,0,0
383908,ZA5,KwaZulu-Natal,ZA8,Mpumalanga,ZA528,Uthungulu,ZA830,Gert Sibande,2020-10-13,2020-10-13,1,1,1,1268279.3303983782,266743.8881279256,12769,20201013,20201013,0.3398562749304085,0.6096443299200878,0.05049939514950375,0.4759701217345943,889476.0,0.30688245639051287,0.6412288994160756,0.05188864419341153,0.49968312815881616,1136106.0,-0.2202014106583072,0.15384615384615385,-0.11248741610738255,0.36538461538461536,1,1,1,0,1,0,0,0,0
383909,ZA2,Eastern Cape,ZA5,KwaZulu-Natal,ZA244,Alfred Nzo,ZA521,Ugu,2020-10-13,2020-10-15,1,1,1,160978.3869166561,11428.024535386212,123717,20201013,20201015,0.40782127157510134,0.5221222097470932,0.07005651867780548,0.4576553946475353,788235.0,0.32122674606698143,0.6016982741355622,0.07707497979745637,0.47391596021954596,714019.0,-0.27396673320026615,0.11538461538461539,-0.09480895915678524,0.40384615384615385,1,1,1,0,1,0,0,0,0
383910,ZA2,Eastern Cape,ZA2,Eastern Cape,ZA292,Buffalo City,ZA244,Alfred Nzo,2020-10-13,2020-10-14,1,1,1,562727.7432953486,280858.14777220355,94374,20201013,20201014,0.254980022080858,0.6758306608485358,0.06918931707060617,0.48177934914042375,760840.0,0.40782127157510134,0.5221222097470932,0.07005651867780548,0.4576553946475353,788235.0,0.09585175879396986,0.6923076923076923,-0.27396673320026615,0.11538461538461539,1,1,1,0,1,0,0,0,0
383911,ZA5,KwaZulu-Natal,ZA5,KwaZulu-Natal,ZA521,Ugu,ZA529,iLembe,2020-10-13,2020-10-13,2,2,2,584739.7285135834,282131.5334876124,42895,20201013,20201013,0.32122674606698143,0.6016982741355622,0.07707497979745637,0.47391596021954596,714019.0,0.32390440311621094,0.6202867780885334,0.05580881879525565,0.4827645772056803,636799.0,-0.09480895915678524,0.40384615384615385,-0.14951617873651774,0.28846153846153844,1,1,1,0,1,0,0,0,0
383912,ZA2,Eastern Cape,ZA2,Eastern Cape,ZA210,Cacadu,ZA210,Cacadu,2020-10-13,2020-10-13,2286,1224,836,131066720.94490126,22292189.551826388,17003611,20201013,20201013,0.2618455236218228,0.6571170870354837,0.08103738934269357,0.4975242081945451,491156.0,0.2618455236218228,0.6571170870354837,0.08103738934269357,0.4975242081945451,491156.0,-0.01848062015503876,0.5,-0.01848062015503876,0.5,1,1,1,0,1,0,0,0,0
383913,ZA6,North West,ZA4,Free State,ZA640,Dr Kenneth Kaunda,ZA420,Fezile Dabi,2020-10-13,2020-10-13,71,71,69,6329257.318258658,2574006.638474687,890632,20201013,20201013,0.27505895171327793,0.6602340041700301,0.06470704411669191,0.5065976875287468,754431.0,0.2705098118551487,0.6604572122193,0.06903297592555128,0.5050070807202104,494300.0,-0.10069384057971015,0.38461538461538464,0.2276555023923445,0.7884615384615384,1,1,1,0,1,0,0,0,0
383914,ZA6,North West,ZA7,Gauteng,ZA640,Dr Kenneth Kaunda,ZA797,Ekurhuleni,2020-10-13,2020-10-13,6,6,6,1612817.808703833,783434.6188266039,72354,20201013,20201013,0.27505895171327793,0.6602340041700301,0.06470704411669191,0.5065976875287468,754431.0,0.23296733680905687,0.7203157619169479,0.04671690127399521,0.5205474946472306,3739653.0,-0.10069384057971015,0.38461538461538464,0.7435109289617486,0.9615384615384616,1,1,1,0,1,0,0,0,0
383915,ZA7,Gauteng,ZA6,North West,ZA799,City of Tshwane,ZA638,Ngaka Modiri Molema,2020-10-13,2020-10-13,2,2,2,1078093.8423168827,500008.6175232234,44639,20201013,20201013,0.22283079372412132,0.7204843127840075,0.056684893491871245,0.5057337597223363,3627986.0,0.3236353449196357,0.6078801705223251,0.06848448455803925,0.4964769205863341,870971.0,0.48224212034383956,0.9038461538461539,-0.18344824707846413,0.23076923076923078,1,1,1,0,1,0,0,0,0
383916,ZA8,Mpumalanga,ZA8,Mpumalanga,ZA830,Gert Sibande,ZA830,Gert Sibande,2020-10-13,2020-10-13,4442,2190,1573,164926593.30709004,43295613.36176231,35057736,20201013,20201013,0.30688245639051287,0.6412288994160756,0.05188864419341153,0.49968312815881616,1136106.0,0.30688245639051287,0.6412288994160756,0.05188864419341153,0.49968312815881616,1136106.0,-0.11248741610738255,0.36538461538461536,-0.11248741610738255,0.36538461538461536,1,1,1,0,1,0,0,0,0
383917,ZA2,Eastern Cape,ZA2,Eastern Cape,ZA213,Chris Hani,ZA213,Chris Hani,2020-10-13,2020-10-13,1156,588,433,40127208.92398852,8730281.05806005,10846332,20201013,20201013,0.334940582305372,0.572656560540376,0.09240285715425203,0.478383232498069,752217.0,0.334940582305372,0.572656560540376,0.09240285715425203,0.478383232498069,752217.0,-0.29251697892271666,0.057692307692307696,-0.29251697892271666,0.057692307692307696,1,1,1,0,1,0,0,0,0
383918,ZA7,Gauteng,ZA7,Gauteng,ZA799,City of Tshwane,ZA799,City of Tshwane,2020-10-13,2020-10-13,35328,18470,13533,1190346202.046993,311000280.3462925,263936642,20201013,20201013,0.22283079372412132,0.7204843127840075,0.056684893491871245,0.5057337597223363,3627986.0,0.22283079372412132,0.7204843127840075,0.056684893491871245,0.5057337597223363,3627986.0,0.48224212034383956,0.9038461538461539,0.48224212034383956,0.9038461538461539,1,1,1,0,1,0,0,0,0
383919,ZA7,Gauteng,ZA6,North West,ZA742,Sedibeng,ZA640,Dr Kenneth Kaunda,2020-10-13,2020-10-13,10,10,10,1997197.0785417752,861349.0211380407,123020,20201013,20201013,0.24393339879416723,0.6953819961266214,0.06068460507921129,0.5059130831550246,994997.0,0.27505895171327793,0.6602340041700301,0.06470704411669191,0.5065976875287468,754431.0,0.2808379746835443,0.8461538461538461,-0.10069384057971015,0.38461538461538464,1,1,1,0,1,0,0,0,0
383920,ZA4,Free State,ZA4,Free State,ZA494,Mangaung,ZA494,Mangaung,2020-10-13,2020-10-14,424,424,424,7886834.856250616,2190443.554777776,14987733,20201013,20201014,0.26262942751272955,0.6754982029249197,0.06187236956235082,0.4901411892511804,826621.0,0.26262942751272955,0.6754982029249197,0.06187236956235082,0.4901411892511804,826621.0,0.27329104477611943,0.8269230769230769,0.27329104477611943,0.8269230769230769,1,1,1,0,1,0,0,0,0
383921,ZA7,Gauteng,ZA5,KwaZulu-Natal,ZA798,City of Johannesburg,ZA525,Amajuba,2020-10-13,2020-10-13,4,4,3,2170739.6388877397,1115185.3840271344,38312,20201013,20201013,0.2220629170143196,0.7299897648810346,0.047947318104645836,0.5097433964893054,5540727.0,0.3311353387795859,0.6144200377537888,0.05444462346662529,0.48045773982507545,502731.0,0.8818060606060606,1.0,-0.16864155251141552,0.25,1,1,1,0,1,0,0,0,0
383922,ZA7,Gauteng,ZA9,Limpopo,ZA799,City of Tshwane,ZA934,Vhembe,2020-10-13,2020-10-14,1,1,1,431131.3561945012,319495.06331474613,68539,20201013,20201014,0.22283079372412132,0.7204843127840075,0.056684893491871245,0.5057337597223363,3627986.0,0.3433867460978093,0.5887604530714541,0.06785280083073665,0.4597374214109392,1325089.0,0.48224212034383956,0.9038461538461539,-0.0767829596412556,0.4230769230769231,1,1,1,0,1,0,0,0,0
383923,ZA7,Gauteng,ZA7,Gauteng,ZA748,West Rand,ZA798,City of Johannesburg,2020-10-13,2020-10-13,965,955,922,56775016.1328399,20782376.444982827,12830252,20201013,20201013,0.23154887232085752,0.7207832829912092,0.047667844687933295,0.5288128906961219,856804.0,0.2220629170143196,0.7299897648810346,0.047947318104645836,0.5097433964893054,5540727.0,0.23715802469135805,0.8076923076923077,0.8818060606060606,1.0,1,1,1,0,1,0,0,0,0
383924,ZA4,Free State,ZA4,Free State,ZA420,Fezile Dabi,ZA420,Fezile Dabi,2020-10-13,2020-10-13,2166,1152,831,69343790.06814094,14779560.471359052,15392825,20201013,20201013,0.2705098118551487,0.6604572122193,0.06903297592555128,0.5050070807202104,494300.0,0.2705098118551487,0.6604572122193,0.06903297592555128,0.5050070807202104,494300.0,0.2276555023923445,0.7884615384615384,0.2276555023923445,0.7884615384615384,1,1,1,0,1,0,0,0,0
383925,ZA1,Western Cape,ZA1,Western Cape,ZA104,Eden,ZA104,Eden,2020-10-13,2020-10-13,5731,2805,1954,364237320.76020736,54386476.62259252,41797845,20201013,20201013,0.24710205256745305,0.6628052101466374,0.09009273728590954,0.4993180863678119,673839.0,0.24710205256745305,0.6628052101466374,0.09009273728590954,0.4993180863678119,673839.0,0.0004522691705790296,0.5384615384615384,0.0004522691705790296,0.5384615384615384,1,1,1,0,1,0,0,0,0
383926,ZA1,Western Cape,ZA1,Western Cape,ZA103,Overberg,ZA103,Overberg,2020-10-13,2020-10-13,1715,894,658,108226541.0642056,14824441.541810997,12605121,20201013,20201013,0.22836513904770692,0.6721314716747349,0.09950338927755827,0.511077351980676,303457.0,0.22836513904770692,0.6721314716747349,0.09950338927755827,0.511077351980676,303457.0,0.051486772486772484,0.5961538461538461,0.051486772486772484,0.5961538461538461,1,1,1,0,1,0,0,0,0
383927,ZA2,Eastern Cape,ZA2,Eastern Cape,ZA244,Alfred Nzo,ZA244,Alfred Nzo,2020-10-13,2020-10-13,437,198,153,16440403.179382944,3983787.1466785865,4170329,20201013,20201013,0.40782127157510134,0.5221222097470932,0.07005651867780548,0.4576553946475353,788235.0,0.40782127157510134,0.5221222097470932,0.07005651867780548,0.4576553946475353,788235.0,-0.27396673320026615,0.11538461538461539,-0.27396673320026615,0.11538461538461539,1,1,1,0,1,0,0,0,0
383928,ZA5,KwaZulu-Natal,ZA7,Gauteng,ZA595,eThekwini,ZA797,Ekurhuleni,2020-10-13,2020-10-13,16,16,16,17175133.46925444,8440349.813444281,353480,20201013,20201013,0.2446364969883556,0.6990922562931536,0.05627124671849075,0.494610924976595,3587907.0,0.23296733680905687,0.7203157619169479,0.04671690127399521,0.5205474946472306,3739653.0,0.5666580406654343,0.9230769230769231,0.7435109289617486,0.9615384615384616,1,1,1,0,1,0,0,0,0
383929,ZA2,Eastern Cape,ZA2,Eastern Cape,ZA212,Amathole,ZA212,Amathole,2020-10-13,2020-10-14,120,120,120,2048593.8665205431,871251.2915761338,4552107,20201013,20201014,0.32816698449842097,0.5696178168124134,0.1022151986891656,0.47434426623917664,789726.0,0.32816698449842097,0.5696178168124134,0.1022151986891656,0.47434426623917664,789726.0,-0.3192883211678832,0.019230769230769232,-0.3192883211678832,0.019230769230769232,1,1,1,0,1,0,0,0,0
383930,ZA7,Gauteng,ZA7,Gauteng,ZA798,City of Johannesburg,ZA798,City of Johannesburg,2020-10-13,2020-10-13,46115,24498,18474,1352263675.9767785,349510062.0923185,350394177,20201013,20201013,0.2220629170143196,0.7299897648810346,0.047947318104645836,0.5097433964893054,5540727.0,0.2220629170143196,0.7299897648810346,0.047947318104645836,0.5097433964893054,5540727.0,0.8818060606060606,1.0,0.8818060606060606,1.0,1,1,1,0,1,0,0,0,0
383931,ZA2,Eastern Cape,ZA2,Eastern Cape,ZA293,Nelson Mandela Bay,ZA292,Buffalo City,2020-10-13,2020-10-13,10,10,10,6885991.276154089,2377868.4348002747,212347,20201013,20201013,0.2465186661259611,0.6842154879637478,0.0692658459102911,0.4877654529777138,1230491.0,0.254980022080858,0.6758306608485358,0.06918931707060617,0.48177934914042375,760840.0,0.5740514018691588,0.9423076923076923,0.09585175879396986,0.6923076923076923,1,1,1,0,1,0,0,0,0
383932,ZA1,Western Cape,ZA1,Western Cape,ZA191,City of Cape Town,ZA101,West Coast,2020-10-13,2020-10-13,117,117,114,20945356.92642068,10726484.04563494,1584829,20201013,20201013,0.23849582985172932,0.697186217784503,0.06431795236376775,0.4976008771049945,4436413.0,0.24466466325617858,0.6852166396976793,0.0701186970461421,0.5060695297345649,497485.0,0.7687640750670242,0.9807692307692307,-0.12079976303317536,0.34615384615384615,1,1,1,0,1,0,0,0,0
383933,ZA5,KwaZulu-Natal,ZA5,KwaZulu-Natal,ZA529,iLembe,ZA595,eThekwini,2020-10-13,2020-10-14,11,11,11,1250514.0283481013,498375.2704879806,294323,20201013,20201014,0.32390440311621094,0.6202867780885334,0.05580881879525565,0.4827645772056803,636799.0,0.2446364969883556,0.6990922562931536,0.05627124671849075,0.494610924976595,3587907.0,-0.14951617873651774,0.28846153846153844,0.5666580406654343,0.9230769230769231,1,1,1,0,1,0,0,0,0
383934,ZA2,Eastern Cape,ZA7,Gauteng,ZA292,Buffalo City,ZA799,City of Tshwane,2020-10-13,2020-10-13,4,4,4,6522019.175155334,3198092.2940396005,65991,20201013,20201013,0.254980022080858,0.6758306608485358,0.06918931707060617,0.48177934914042375,760840.0,0.22283079372412132,0.7204843127840075,0.056684893491871245,0.5057337597223363,3627986.0,0.09585175879396986,0.6923076923076923,0.48224212034383956,0.9038461538461539,1,1,1,0,1,0,0,0,0
383935,ZA1,Western Cape,ZA1,Western Cape,ZA191,City of Cape Town,ZA191,City of Cape Town,2020-10-13,2020-10-13,46904,23905,17532,1634987271.2979257,397353711.0134246,362210063,20201013,20201013,0.23849582985172932,0.697186217784503,0.06431795236376775,0.4976008771049945,4436413.0,0.23849582985172932,0.697186217784503,0.06431795236376775,0.4976008771049945,4436413.0,0.7687640750670242,0.9807692307692307,0.7687640750670242,0.9807692307692307,1,1,1,0,1,0,0,0,0
383936,ZA4,Free State,ZA4,Free State,ZA416,Xhariep,ZA418,Lejweleputswa,2020-10-13,2020-10-13,1,1,1,295918.2642306456,131574.76806734566,26099,20201013,20201013,0.29515218562959183,0.6325513667867511,0.07229644758365718,0.5005153225730198,105759.0,0.27941650281351393,0.6617931601395349,0.058790337046951115,0.500105365269169,574193.0,0.18671264367816093,0.7692307692307693,0.29495049504950493,0.8653846153846154,1,1,1,0,1,0,0,0,0
383937,ZA5,KwaZulu-Natal,ZA5,KwaZulu-Natal,ZA527,Umkhanyakude,ZA527,Umkhanyakude,2020-10-13,2020-10-13,373,191,145,29185004.83215193,3404465.499970773,3288474,20201013,20201013,0.40017378652548197,0.5489306999026919,0.05089551357182606,0.4622270789873748,643318.0,0.40017378652548197,0.5489306999026919,0.05089551357182606,0.4622270789873748,643318.0,-0.31784377542717657,0.038461538461538464,-0.31784377542717657,0.038461538461538464,1,1,1,0,1,0,0,0,0
383938,ZA1,Western Cape,ZA1,Western Cape,ZA101,West Coast,ZA191,City of Cape Town,2020-10-13,2020-10-14,6,6,6,954773.2872817176,395139.7331689771,139966,20201013,20201014,0.24466466325617858,0.6852166396976793,0.0701186970461421,0.5060695297345649,497485.0,0.23849582985172932,0.697186217784503,0.06431795236376775,0.4976008771049945,4436413.0,-0.12079976303317536,0.34615384615384615,0.7687640750670242,0.9807692307692307,1,1,1,0,1,0,0,0,0
383939,ZA5,KwaZulu-Natal,ZA5,KwaZulu-Natal,ZA523,Uthukela,ZA523,Uthukela,2020-10-13,2020-10-13,1025,505,356,41784468.75583147,6986079.076101832,8189006,20201013,20201013,0.36014331224838336,0.5864396074090654,0.05341708034255123,0.46782833191779016,652282.0,0.36014331224838336,0.5864396074090654,0.05341708034255123,0.46782833191779016,652282.0,-0.19841226215644822,0.19230769230769232,-0.19841226215644822,0.19230769230769232,1,1,1,0,1,0,0,0,0
383940,ZA5,KwaZulu-Natal,ZA5,KwaZulu-Natal,ZA528,Uthungulu,ZA528,Uthungulu,2020-10-13,2020-10-14,220,220,220,5917118.1541477,1377148.6270965692,7782218,20201013,20201014,0.3398562749304085,0.6096443299200878,0.05049939514950375,0.4759701217345943,889476.0,0.3398562749304085,0.6096443299200878,0.05049939514950375,0.4759701217345943,889476.0,-0.2202014106583072,0.15384615384615385,-0.2202014106583072,0.15384615384615385,1,1,1,0,1,0,0,0,0
383941,ZA5,KwaZulu-Natal,ZA5,KwaZulu-Natal,ZA522,Umgungundlovu,ZA529,iLembe,2020-10-13,2020-10-13,9,9,9,2252040.763621985,947331.2013991624,89817,20201013,20201013,0.2748377359932372,0.663873035280183,0.06128922872657978,0.48236181888519014,1046905.0,0.32390440311621094,0.6202867780885334,0.05580881879525565,0.4827645772056803,636799.0,0.0061256544502617805,0.5769230769230769,-0.14951617873651774,0.28846153846153844,1,1,1,0,1,0,0,0,0
383942,ZA7,Gauteng,ZA7,Gauteng,ZA798,City of Johannesburg,ZA798,City of Johannesburg,2020-10-13,2020-10-14,3557,3557,3557,64956929.77388782,18191546.17355049,121846707,20201013,20201014,0.2220629170143196,0.7299897648810346,0.047947318104645836,0.5097433964893054,5540727.0,0.2220629170143196,0.7299897648810346,0.047947318104645836,0.5097433964893054,5540727.0,0.8818060606060606,1.0,0.8818060606060606,1.0,1,1,1,0,1,0,0,0,0
383943,ZA9,Limpopo,ZA9,Limpopo,ZA935,Capricorn,ZA947,Sekhukhune,2020-10-13,2020-10-13,22,22,22,6482035.413837794,1981854.5746959725,356252,20201013,20201013,0.3265897738288558,0.6007690312860821,0.07264119488506209,0.472231826966417,1295656.0,0.3536917516859454,0.5707075150199985,0.07560073329405607,0.46486328935523974,1125333.0,0.07397387387387387,0.6346153846153846,-0.06015677966101695,0.4423076923076923,1,1,1,0,1,0,0,0,0
383944,ZA4,Free State,ZA7,Gauteng,ZA419,Thabo Mofutsanyane,ZA798,City of Johannesburg,2020-10-13,2020-10-13,5,5,5,2511534.3797735246,1210664.9894022038,149374,20201013,20201013,0.31143326559338835,0.6251823622683981,0.06338437213821363,0.47028720831466336,662829.0,0.2220629170143196,0.7299897648810346,0.047947318104645836,0.5097433964893054,5540727.0,0.10770218579234972,0.7115384615384616,0.8818060606060606,1.0,1,1,1,0,1,0,0,0,0
383945,ZA6,North West,ZA7,Gauteng,ZA637,Bojanala,ZA799,City of Tshwane,2020-10-13,2020-10-13,281,279,272,29811394.798532978,12958157.428004244,3229330,20201013,20201013,0.25082919250139085,0.6903465537718604,0.05882425372674875,0.5380589003726469,1786678.0,0.22283079372412132,0.7204843127840075,0.056684893491871245,0.5057337597223363,3627986.0,0.07430676328502415,0.6538461538461539,0.48224212034383956,0.9038461538461539,1,1,1,0,1,0,0,0,0
383946,ZA5,KwaZulu-Natal,ZA5,KwaZulu-Natal,ZA522,Umgungundlovu,ZA523,Uthukela,2020-10-13,2020-10-13,17,17,17,5516887.716430601,1574233.5490986756,197811,20201013,20201013,0.2748377359932372,0.663873035280183,0.06128922872657978,0.48236181888519014,1046905.0,0.36014331224838336,0.5864396074090654,0.05341708034255123,0.46782833191779016,652282.0,0.0061256544502617805,0.5769230769230769,-0.19841226215644822,0.19230769230769232,1,1,1,0,1,0,0,0,0
383947,ZA5,KwaZulu-Natal,ZA5,KwaZulu-Natal,ZA526,Zululand,ZA526,Zululand,2020-10-13,2020-10-14,96,96,95,2221461.428924337,352067.5976452514,3310668,20201013,20201014,0.392497537624586,0.5542130860581069,0.053289376317307055,0.4651401640222711,783796.0,0.392497537624586,0.5542130860581069,0.053289376317307055,0.4651401640222711,783796.0,-0.2762355212355212,0.09615384615384616,-0.2762355212355212,0.09615384615384616,1,1,1,0,1,0,0,0,0
383948,ZA2,Eastern Cape,ZA1,Western Cape,ZA292,Buffalo City,ZA104,Eden,2020-10-13,2020-10-13,4,4,4,4984817.718815799,1956983.267143336,145730,20201013,20201013,0.254980022080858,0.6758306608485358,0.06918931707060617,0.48177934914042375,760840.0,0.24710205256745305,0.6628052101466374,0.09009273728590954,0.4993180863678119,673839.0,0.09585175879396986,0.6923076923076923,0.0004522691705790296,0.5384615384615384,1,1,1,0,1,0,0,0,0
383949,ZA5,KwaZulu-Natal,ZA5,KwaZulu-Natal,ZA521,Ugu,ZA595,eThekwini,2020-10-13,2020-10-13,62,60,58,12521010.950570194,4314316.9009417165,780032,20201013,20201013,0.32122674606698143,0.6016982741355622,0.07707497979745637,0.47391596021954596,714019.0,0.2446364969883556,0.6990922562931536,0.05627124671849075,0.494610924976595,3587907.0,-0.09480895915678524,0.40384615384615385,0.5666580406654343,0.9230769230769231,1,1,1,0,1,0,0,0,0
383950,ZA8,Mpumalanga,ZA9,Limpopo,ZA832,Ehlanzeni,ZA947,Sekhukhune,2020-10-13,2020-10-13,63,63,60,10071175.51579624,3447822.431152025,901101,20201013,20201013,0.32438893780700045,0.6235217992770762,0.05208926291592337,0.47979089412028486,1837538.0,0.3536917516859454,0.5707075150199985,0.07560073329405607,0.46486328935523974,1125333.0,0.1315940928270042,0.7307692307692307,-0.06015677966101695,0.4423076923076923,1,1,1,0,1,0,0,0,0
383951,ZA1,Western Cape,ZA1,Western Cape,ZA102,Cape Winelands,ZA101,West Coast,2020-10-13,2020-10-13,25,25,25,8797544.664296407,2284666.491889105,347262,20201013,20201013,0.24989252608235304,0.6902123420738123,0.059895131843834624,0.5011121214086944,909523.0,0.24466466325617858,0.6852166396976793,0.0701186970461421,0.5060695297345649,497485.0,-0.012388831437435367,0.5192307692307693,-0.12079976303317536,0.34615384615384615,1,1,1,0,1,0,0,0,0
383953,ZA2,Eastern Cape,ZA2,Eastern Cape,ZA293,Nelson Mandela Bay,ZA210,Cacadu,2020-10-13,2020-10-13,93,93,93,19355748.427890807,7619655.659092586,980588,20201013,20201013,0.2465186661259611,0.6842154879637478,0.0692658459102911,0.4877654529777138,1230491.0,0.2618455236218228,0.6571170870354837,0.08103738934269357,0.4975242081945451,491156.0,0.5740514018691588,0.9423076923076923,-0.01848062015503876,0.5,1,1,1,0,1,0,0,0,0
383954,ZA2,Eastern Cape,ZA2,Eastern Cape,ZA214,Joe Gqabi,ZA214,Joe Gqabi,2020-10-13,2020-10-14,56,56,56,1863359.2932627583,610972.8902257007,2139581,20201013,20201014,0.3340471849013029,0.5799636495391386,0.08598916555955849,0.47733103958194023,339473.0,0.3340471849013029,0.5799636495391386,0.08598916555955849,0.47733103958194023,339473.0,-0.1839776119402985,0.21153846153846154,-0.1839776119402985,0.21153846153846154,1,1,1,0,1,0,0,0,0
383956,ZA3,Nothern Cape,ZA3,Nothern Cape,ZA309,Frances Baard,ZA309,Frances Baard,2020-10-13,2020-10-14,186,186,186,4484243.499265961,967594.1956248588,6692839,20201013,20201014,0.2860169290028057,0.6497360787483951,0.06424699224879928,0.49189928194398214,420580.0,0.2860169290028057,0.6497360787483951,0.06424699224879928,0.49189928194398214,420580.0,0.29907801418439717,0.8846153846153846,0.29907801418439717,0.8846153846153846,1,1,1,0,1,0,0,0,0
383957,ZA5,KwaZulu-Natal,ZA5,KwaZulu-Natal,ZA595,eThekwini,ZA524,Umzinyathi,2020-10-13,2020-10-13,4,4,4,4250129.909889118,660654.8922521574,124742,20201013,20201013,0.2446364969883556,0.6990922562931536,0.05627124671849075,0.494610924976595,3587907.0,0.3952311253914291,0.5454951881678106,0.05927368644076033,0.451447242842509,514461.0,0.5666580406654343,0.9230769230769231,-0.28225945945945946,0.07692307692307693,1,1,1,0,1,0,0,0,0
383958,ZA2,Eastern Cape,ZA2,Eastern Cape,ZA292,Buffalo City,ZA212,Amathole,2020-10-13,2020-10-13,69,68,64,10266453.581700036,3005343.6931368867,784190,20201013,20201013,0.254980022080858,0.6758306608485358,0.06918931707060617,0.48177934914042375,760840.0,0.32816698449842097,0.5696178168124134,0.1022151986891656,0.47434426623917664,789726.0,0.09585175879396986,0.6923076923076923,-0.3192883211678832,0.019230769230769232,1,1,1,0,1,0,0,0,0
383959,ZA1,Western Cape,ZA4,Free State,ZA191,City of Cape Town,ZA494,Mangaung,2020-10-13,2020-10-13,1,1,1,1848165.230431682,937845.1916636274,42721,20201013,20201013,0.23849582985172932,0.697186217784503,0.06431795236376775,0.4976008771049945,4436413.0,0.26262942751272955,0.6754982029249197,0.06187236956235082,0.4901411892511804,826621.0,0.7687640750670242,0.9807692307692307,0.27329104477611943,0.8269230769230769,1,1,1,0,1,0,0,0,0
383960,ZA7,Gauteng,ZA7,Gauteng,ZA799,City of Tshwane,ZA798,City of Johannesburg,2020-10-13,2020-10-13,1359,1352,1325,139174154.02802658,54649640.27040446,20819586,20201013,20201013,0.22283079372412132,0.7204843127840075,0.056684893491871245,0.5057337597223363,3627986.0,0.2220629170143196,0.7299897648810346,0.047947318104645836,0.5097433964893054,5540727.0,0.48224212034383956,0.9038461538461539,0.8818060606060606,1.0,1,1,1,0,1,0,0,0,0
383961,ZA4,Free State,ZA4,Free State,ZA418,Lejweleputswa,ZA418,Lejweleputswa,2020-10-13,2020-10-13,2902,1501,1013,103942674.3030256,28699586.491940368,21866088,20201013,20201013,0.27941650281351393,0.6617931601395349,0.058790337046951115,0.500105365269169,574193.0,0.27941650281351393,0.6617931601395349,0.058790337046951115,0.500105365269169,574193.0,0.29495049504950493,0.8653846153846154,0.29495049504950493,0.8653846153846154,1,1,1,0,1,0,0,0,0
383962,ZA3,Nothern Cape,ZA3,Nothern Cape,ZA307,Pixley ka Seme,ZA309,Frances Baard,2020-10-13,2020-10-13,7,7,7,1659630.0260275616,692779.6363857397,68031,20201013,20201013,0.3060749448635213,0.6232332132979509,0.0706918418385278,0.5011842246002923,196331.0,0.2860169290028057,0.6497360787483951,0.06424699224879928,0.49189928194398214,420580.0,0.1854655172413793,0.75,0.29907801418439717,0.8846153846153846,1,1,1,0,1,0,0,0,0
383963,ZA4,Free State,ZA7,Gauteng,ZA420,Fezile Dabi,ZA742,Sedibeng,2020-10-13,2020-10-13,260,257,247,15256608.43478223,6350044.336867843,2415289,20201013,20201013,0.2705098118551487,0.6604572122193,0.06903297592555128,0.5050070807202104,494300.0,0.24393339879416723,0.6953819961266214,0.06068460507921129,0.5059130831550246,994997.0,0.2276555023923445,0.7884615384615384,0.2808379746835443,0.8461538461538461,1,1,1,0,1,0,0,0,0
383964,ZA7,Gauteng,ZA6,North West,ZA742,Sedibeng,ZA640,Dr Kenneth Kaunda,2020-10-13,2020-10-14,3,3,3,367223.8455830896,179447.93724773827,114965,20201013,20201014,0.24393339879416723,0.6953819961266214,0.06068460507921129,0.5059130831550246,994997.0,0.27505895171327793,0.6602340041700301,0.06470704411669191,0.5065976875287468,754431.0,0.2808379746835443,0.8461538461538461,-0.10069384057971015,0.38461538461538464,1,1,1,0,1,0,0,0,0
383965,ZA7,Gauteng,ZA4,Free State,ZA798,City of Johannesburg,ZA420,Fezile Dabi,2020-10-13,2020-10-13,29,29,28,6360502.441996673,3197907.39924004,577575,20201013,20201013,0.2220629170143196,0.7299897648810346,0.047947318104645836,0.5097433964893054,5540727.0,0.2705098118551487,0.6604572122193,0.06903297592555128,0.5050070807202104,494300.0,0.8818060606060606,1.0,0.2276555023923445,0.7884615384615384,1,1,1,0,1,0,0,0,0
383966,ZA6,North West,ZA7,Gauteng,ZA637,Bojanala,ZA797,Ekurhuleni,2020-10-13,2020-10-13,36,36,33,8878849.293290399,3173244.6542001995,633397,20201013,20201013,0.25082919250139085,0.6903465537718604,0.05882425372674875,0.5380589003726469,1786678.0,0.23296733680905687,0.7203157619169479,0.04671690127399521,0.5205474946472306,3739653.0,0.07430676328502415,0.6538461538461539,0.7435109289617486,0.9615384615384616,1,1,1,0,1,0,0,0,0
383967,ZA2,Eastern Cape,ZA2,Eastern Cape,ZA215,O.R.Tambo,ZA215,O.R.Tambo,2020-10-13,2020-10-14,197,197,197,3488680.985351883,1314861.4144824303,6516015,20201013,20201014,0.38804558548824664,0.5482866433400703,0.06366777117168307,0.4623163104135049,1358678.0,0.38804558548824664,0.5482866433400703,0.06366777117168307,0.4623163104135049,1358678.0,-0.23807536101083035,0.1346153846153846,-0.23807536101083035,0.1346153846153846,1,1,1,0,1,0,0,0,0
383968,ZA7,Gauteng,ZA5,KwaZulu-Natal,ZA798,City of Johannesburg,ZA595,eThekwini,2020-10-13,2020-10-14,2,2,2,2291613.280466441,1149273.1373747815,88759,20201013,20201014,0.2220629170143196,0.7299897648810346,0.047947318104645836,0.5097433964893054,5540727.0,0.2446364969883556,0.6990922562931536,0.05627124671849075,0.494610924976595,3587907.0,0.8818060606060606,1.0,0.5666580406654343,0.9230769230769231,1,1,1,0,1,0,0,0,0
383969,ZA9,Limpopo,ZA7,Gauteng,ZA933,Mopani,ZA798,City of Johannesburg,2020-10-13,2020-10-13,3,3,3,2496554.346433432,1158552.3922055832,69962,20201013,20201013,0.3329418650827259,0.6026296126910996,0.06442852222617454,0.46142626187343905,1062666.0,0.2220629170143196,0.7299897648810346,0.047947318104645836,0.5097433964893054,5540727.0,-0.037928345626975765,0.4807692307692308,0.8818060606060606,1.0,1,1,1,0,1,0,0,0,0
383970,ZA8,Mpumalanga,ZA8,Mpumalanga,ZA831,Nkangala,ZA831,Nkangala,2020-10-13,2020-10-14,554,554,554,11471668.995004492,3923824.9592617215,19534909,20201013,20201014,0.27290691475673784,0.6711806877078121,0.055912397535449986,0.5109201270525474,1573837.0,0.27290691475673784,0.6711806877078121,0.055912397535449986,0.5109201270525474,1573837.0,0.07867808219178082,0.6730769230769231,0.07867808219178082,0.6730769230769231,1,1,1,0,1,0,0,0,0
383971,ZA4,Free State,ZA4,Free State,ZA416,Xhariep,ZA416,Xhariep,2020-10-13,2020-10-13,277,152,112,17812181.82696439,3101872.9796302887,2217266,20201013,20201013,0.29515218562959183,0.6325513667867511,0.07229644758365718,0.5005153225730198,105759.0,0.29515218562959183,0.6325513667867511,0.07229644758365718,0.5005153225730198,105759.0,0.18671264367816093,0.7692307692307693,0.18671264367816093,0.7692307692307693,1,1,1,0,1,0,0,0,0
383972,ZA4,Free State,ZA7,Gauteng,ZA419,Thabo Mofutsanyane,ZA799,City of Tshwane,2020-10-13,2020-10-13,3,3,3,2046819.199567936,1075874.9935343866,84724,20201013,20201013,0.31143326559338835,0.6251823622683981,0.06338437213821363,0.47028720831466336,662829.0,0.22283079372412132,0.7204843127840075,0.056684893491871245,0.5057337597223363,3627986.0,0.10770218579234972,0.7115384615384616,0.48224212034383956,0.9038461538461539,1,1,1,0,1,0,0,0,0
383973,ZA4,Free State,ZA6,North West,ZA420,Fezile Dabi,ZA640,Dr Kenneth Kaunda,2020-10-13,2020-10-13,72,72,71,7027551.855439641,2428506.9188079773,769970,20201013,20201013,0.2705098118551487,0.6604572122193,0.06903297592555128,0.5050070807202104,494300.0,0.27505895171327793,0.6602340041700301,0.06470704411669191,0.5065976875287468,754431.0,0.2276555023923445,0.7884615384615384,-0.10069384057971015,0.38461538461538464,1,1,1,0,1,0,0,0,0
383974,ZA6,North West,ZA9,Limpopo,ZA637,Bojanala,ZA936,Waterberg,2020-10-13,2020-10-13,33,32,31,7071102.061003826,2555601.951336722,562382,20201013,20201013,0.25082919250139085,0.6903465537718604,0.05882425372674875,0.5380589003726469,1786678.0,0.2870915348782833,0.6477210572390478,0.06518740788266879,0.5138960603357211,718513.0,0.07430676328502415,0.6538461538461539,0.00236898395721925,0.5576923076923077,1,1,1,0,1,0,0,0,0
383975,ZA5,KwaZulu-Natal,ZA5,KwaZulu-Natal,ZA527,Umkhanyakude,ZA595,eThekwini,2020-10-13,2020-10-14,1,1,1,460331.3573053827,228667.68283290227,53945,20201013,20201014,0.40017378652548197,0.5489306999026919,0.05089551357182606,0.4622270789873748,643318.0,0.2446364969883556,0.6990922562931536,0.05627124671849075,0.494610924976595,3587907.0,-0.31784377542717657,0.038461538461538464,0.5666580406654343,0.9230769230769231,1,1,1,0,1,0,0,0,0
383976,ZA7,Gauteng,ZA5,KwaZulu-Natal,ZA799,City of Tshwane,ZA595,eThekwini,2020-10-13,2020-10-13,7,7,7,7013314.7332097925,3722109.201655688,201171,20201013,20201013,0.22283079372412132,0.7204843127840075,0.056684893491871245,0.5057337597223363,3627986.0,0.2446364969883556,0.6990922562931536,0.05627124671849075,0.494610924976595,3587907.0,0.48224212034383956,0.9038461538461539,0.5666580406654343,0.9230769230769231,1,1,1,0,1,0,0,0,0
383977,ZA7,Gauteng,ZA7,Gauteng,ZA748,West Rand,ZA748,West Rand,2020-10-13,2020-10-13,4586,2574,1917,126540670.88614622,34261770.60295506,31884950,20201013,20201013,0.23154887232085752,0.7207832829912092,0.047667844687933295,0.5288128906961219,856804.0,0.23154887232085752,0.7207832829912092,0.047667844687933295,0.5288128906961219,856804.0,0.23715802469135805,0.8076923076923077,0.23715802469135805,0.8076923076923077,1,1,1,0,1,0,0,0,0
383978,ZA1,Western Cape,ZA1,Western Cape,ZA103,Overberg,ZA104,Eden,2020-10-13,2020-10-13,11,10,10,7584210.863582164,2127380.194977915,316893,20201013,20201013,0.22836513904770692,0.6721314716747349,0.09950338927755827,0.511077351980676,303457.0,0.24710205256745305,0.6628052101466374,0.09009273728590954,0.4993180863678119,673839.0,0.051486772486772484,0.5961538461538461,0.0004522691705790296,0.5384615384615384,1,1,1,0,1,0,0,0,0
383979,ZA5,KwaZulu-Natal,ZA5,KwaZulu-Natal,ZA595,eThekwini,ZA595,eThekwini,2020-10-13,2020-10-13,21955,10875,8096,785157179.3625662,182595425.74766436,181903551,20201013,20201013,0.2446364969883556,0.6990922562931536,0.05627124671849075,0.494610924976595,3587907.0,0.2446364969883556,0.6990922562931536,0.05627124671849075,0.494610924976595,3587907.0,0.5666580406654343,0.9230769230769231,0.5666580406654343,0.9230769230769231,1,1,1,0,1,0,0,0,0
383980,ZA5,KwaZulu-Natal,ZA5,KwaZulu-Natal,ZA525,Amajuba,ZA524,Umzinyathi,2020-10-13,2020-10-14,3,3,3,677991.5347831972,58444.49829961856,129536,20201013,20201014,0.3311353387795859,0.6144200377537888,0.05444462346662529,0.48045773982507545,502731.0,0.3952311253914291,0.5454951881678106,0.05927368644076033,0.451447242842509,514461.0,-0.16864155251141552,0.25,-0.28225945945945946,0.07692307692307693,1,1,1,0,1,0,0,0,0
383981,ZA4,Free State,ZA7,Gauteng,ZA420,Fezile Dabi,ZA797,Ekurhuleni,2020-10-13,2020-10-13,19,19,18,5586225.18984279,2141621.592722125,225382,20201013,20201013,0.2705098118551487,0.6604572122193,0.06903297592555128,0.5050070807202104,494300.0,0.23296733680905687,0.7203157619169479,0.04671690127399521,0.5205474946472306,3739653.0,0.2276555023923445,0.7884615384615384,0.7435109289617486,0.9615384615384616,1,1,1,0,1,0,0,0,0
383982,ZA8,Mpumalanga,ZA7,Gauteng,ZA832,Ehlanzeni,ZA797,Ekurhuleni,2020-10-13,2020-10-13,8,8,8,5450256.640977531,2839123.657027036,214872,20201013,20201013,0.32438893780700045,0.6235217992770762,0.05208926291592337,0.47979089412028486,1837538.0,0.23296733680905687,0.7203157619169479,0.04671690127399521,0.5205474946472306,3739653.0,0.1315940928270042,0.7307692307692307,0.7435109289617486,0.9615384615384616,1,1,1,0,1,0,0,0,0
383983,ZA7,Gauteng,ZA8,Mpumalanga,ZA797,Ekurhuleni,ZA831,Nkangala,2020-10-13,2020-10-13,97,97,97,20178819.204900462,7323084.70239738,1459485,20201013,20201013,0.23296733680905687,0.7203157619169479,0.04671690127399521,0.5205474946472306,3739653.0,0.27290691475673784,0.6711806877078121,0.055912397535449986,0.5109201270525474,1573837.0,0.7435109289617486,0.9615384615384616,0.07867808219178082,0.6730769230769231,1,1,1,0,1,0,0,0,0
383985,ZA2,Eastern Cape,ZA2,Eastern Cape,ZA215,O.R.Tambo,ZA213,Chris Hani,2020-10-13,2020-10-13,3,3,3,761254.593483968,340708.2419512366,85409,20201013,20201013,0.38804558548824664,0.5482866433400703,0.06366777117168307,0.4623163104135049,1358678.0,0.334940582305372,0.572656560540376,0.09240285715425203,0.478383232498069,752217.0,-0.23807536101083035,0.1346153846153846,-0.29251697892271666,0.057692307692307696,1,1,1,0,1,0,0,0,0
383986,ZA7,Gauteng,ZA7,Gauteng,ZA742,Sedibeng,ZA799,City of Tshwane,2020-10-13,2020-10-14,1,1,1,272758.4111308443,120062.0143588194,53124,20201013,20201014,0.24393339879416723,0.6953819961266214,0.06068460507921129,0.5059130831550246,994997.0,0.22283079372412132,0.7204843127840075,0.056684893491871245,0.5057337597223363,3627986.0,0.2808379746835443,0.8461538461538461,0.48224212034383956,0.9038461538461539,1,1,1,0,1,0,0,0,0
383987,ZA8,Mpumalanga,ZA9,Limpopo,ZA830,Gert Sibande,ZA947,Sekhukhune,2020-10-13,2020-10-13,2,2,2,1156937.3397534266,602914.7680857473,18695,20201013,20201013,0.30688245639051287,0.6412288994160756,0.05188864419341153,0.49968312815881616,1136106.0,0.3536917516859454,0.5707075150199985,0.07560073329405607,0.46486328935523974,1125333.0,-0.11248741610738255,0.36538461538461536,-0.06015677966101695,0.4423076923076923,1,1,1,0,1,0,0,0,0
383988,ZA6,North West,ZA4,Free State,ZA639,Dr Ruth Segomotsi Mompati,ZA494,Mangaung,2020-10-13,2020-10-13,2,2,2,794951.8359486863,354480.8100781451,62513,20201013,20201013,0.3412335579082451,0.5850872971649528,0.07367914492680208,0.4911837461796937,473784.0,0.26262942751272955,0.6754982029249197,0.06187236956235082,0.4901411892511804,826621.0,-0.16626678765880218,0.2692307692307692,0.27329104477611943,0.8269230769230769,1,1,1,0,1,0,0,0,0
383989,ZA2,Eastern Cape,ZA7,Gauteng,ZA293,Nelson Mandela Bay,ZA798,City of Johannesburg,2020-10-13,2020-10-14,1,1,1,1941736.6667228003,990895.8993216876,57605,20201013,20201014,0.2465186661259611,0.6842154879637478,0.0692658459102911,0.4877654529777138,1230491.0,0.2220629170143196,0.7299897648810346,0.047947318104645836,0.5097433964893054,5540727.0,0.5740514018691588,0.9423076923076923,0.8818060606060606,1.0,1,1,1,0,1,0,0,0,0
383990,ZA3,Nothern Cape,ZA3,Nothern Cape,ZA345,John Taolo Gaetsewe,ZA345,John Taolo Gaetsewe,2020-10-13,2020-10-14,126,126,126,3990248.999833348,1031772.4615604788,4349398,20201013,20201014,0.31986957060536586,0.628082594956317,0.05204783443831712,0.4959027820806741,258224.0,0.31986957060536586,0.628082594956317,0.05204783443831712,0.4959027820806741,258224.0,-0.13480926430517712,0.3076923076923077,-0.13480926430517712,0.3076923076923077,1,1,1,0,1,0,0,0,0
383991,ZA3,Nothern Cape,ZA4,Free State,ZA345,John Taolo Gaetsewe,ZA494,Mangaung,2020-10-13,2020-10-13,1,1,1,744162.8859813124,328555.02415245445,31325,20201013,20201013,0.31986957060536586,0.628082594956317,0.05204783443831712,0.4959027820806741,258224.0,0.26262942751272955,0.6754982029249197,0.06187236956235082,0.4901411892511804,826621.0,-0.13480926430517712,0.3076923076923077,0.27329104477611943,0.8269230769230769,1,1,1,0,1,0,0,0,0
383992,ZA7,Gauteng,ZA1,Western Cape,ZA797,Ekurhuleni,ZA105,Central Karoo,2020-10-13,2020-10-13,1,1,1,1803143.8746745756,886686.9061823363,35287,20201013,20201013,0.23296733680905687,0.7203157619169479,0.04671690127399521,0.5205474946472306,3739653.0,0.29415328297801036,0.633639246216906,0.07220747080508365,0.4979247763656518,77582.0,0.7435109289617486,0.9615384615384616,-0.12604477611940298,0.3269230769230769,1,1,1,0,1,0,0,0,0
383993,ZA3,Nothern Cape,ZA3,Nothern Cape,ZA308,Z F Mgcawu,ZA309,Frances Baard,2020-10-13,2020-10-13,8,8,8,5614570.62427324,1720700.8545409269,183030,20201013,20201013,0.27601757542529287,0.6641943181028425,0.059788106471864645,0.5142626583989065,258998.0,0.2860169290028057,0.6497360787483951,0.06424699224879928,0.49189928194398214,420580.0,-0.04016603773584906,0.46153846153846156,0.29907801418439717,0.8846153846153846,1,1,1,0,1,0,0,0,0
383994,ZA7,Gauteng,ZA7,Gauteng,ZA797,Ekurhuleni,ZA798,City of Johannesburg,2020-10-13,2020-10-14,181,181,181,10337863.29270245,3820131.182773088,6186646,20201013,20201014,0.23296733680905687,0.7203157619169479,0.04671690127399521,0.5205474946472306,3739653.0,0.2220629170143196,0.7299897648810346,0.047947318104645836,0.5097433964893054,5540727.0,0.7435109289617486,0.9615384615384616,0.8818060606060606,1.0,1,1,1,0,1,0,0,0,0
383995,ZA1,Western Cape,ZA1,Western Cape,ZA101,West Coast,ZA101,West Coast,2020-10-13,2020-10-14,184,184,184,5397103.036183693,1310546.866228376,6725661,20201013,20201014,0.24466466325617858,0.6852166396976793,0.0701186970461421,0.5060695297345649,497485.0,0.24466466325617858,0.6852166396976793,0.0701186970461421,0.5060695297345649,497485.0,-0.12079976303317536,0.34615384615384615,-0.12079976303317536,0.34615384615384615,1,1,1,0,1,0,0,0,0
383996,ZA4,Free State,ZA4,Free State,ZA494,Mangaung,ZA416,Xhariep,2020-10-13,2020-10-14,2,2,2,408347.48017708585,162984.09715347766,138623,20201013,20201014,0.26262942751272955,0.6754982029249197,0.06187236956235082,0.4901411892511804,826621.0,0.29515218562959183,0.6325513667867511,0.07229644758365718,0.5005153225730198,105759.0,0.27329104477611943,0.8269230769230769,0.18671264367816093,0.7692307692307693,1,1,1,0,1,0,0,0,0
383997,ZA7,Gauteng,ZA9,Limpopo,ZA799,City of Tshwane,ZA935,Capricorn,2020-10-13,2020-10-22,1,1,1,436669.9092391954,209604.7113748154,790453,20201013,20201022,0.22283079372412132,0.7204843127840075,0.056684893491871245,0.5057337597223363,3627986.0,0.3265897738288558,0.6007690312860821,0.07264119488506209,0.472231826966417,1295656.0,0.48224212034383956,0.9038461538461539,0.07397387387387387,0.6346153846153846,1,1,1,0,1,0,0,0,0
383998,ZA1,Western Cape,ZA3,Nothern Cape,ZA101,West Coast,ZA306,Namakwa,2020-10-13,2020-10-13,5,5,5,3605466.9212653656,1200923.3602147812,98033,20201013,20201013,0.24466466325617858,0.6852166396976793,0.0701186970461421,0.5060695297345649,497485.0,0.2479438366342976,0.6592106724059887,0.09284549095971371,0.5132337492633683,117087.0,-0.12079976303317536,0.34615384615384615,0.06505633802816901,0.6153846153846154,1,1,1,0,1,0,0,0,0
384000,ZA7,Gauteng,ZA7,Gauteng,ZA742,Sedibeng,ZA797,Ekurhuleni,2020-10-13,2020-10-13,373,372,365,39523618.13158834,16006924.497731168,5470264,20201013,20201013,0.24393339879416723,0.6953819961266214,0.06068460507921129,0.5059130831550246,994997.0,0.23296733680905687,0.7203157619169479,0.04671690127399521,0.5205474946472306,3739653.0,0.2808379746835443,0.8461538461538461,0.7435109289617486,0.9615384615384616,1,1,1,0,1,0,0,0,0
384001,ZA7,Gauteng,ZA7,Gauteng,ZA748,West Rand,ZA799,City of Tshwane,2020-10-13,2020-10-13,104,104,103,15543047.11962312,6415200.031419353,1370451,20201013,20201013,0.23154887232085752,0.7207832829912092,0.047667844687933295,0.5288128906961219,856804.0,0.22283079372412132,0.7204843127840075,0.056684893491871245,0.5057337597223363,3627986.0,0.23715802469135805,0.8076923076923077,0.48224212034383956,0.9038461538461539,1,1,1,0,1,0,0,0,0
384002,ZA4,Free State,ZA4,Free State,ZA418,Lejweleputswa,ZA419,Thabo Mofutsanyane,2020-10-13,2020-10-13,5,5,4,897384.1776638855,417272.679233774,145895,20201013,20201013,0.27941650281351393,0.6617931601395349,0.058790337046951115,0.500105365269169,574193.0,0.31143326559338835,0.6251823622683981,0.06338437213821363,0.47028720831466336,662829.0,0.29495049504950493,0.8653846153846154,0.10770218579234972,0.7115384615384616,1,1,1,0,1,0,0,0,0
384003,ZA9,Limpopo,ZA9,Limpopo,ZA935,Capricorn,ZA933,Mopani,2020-10-13,2020-10-13,31,31,31,9123385.827689664,3408297.19176981,660091,20201013,20201013,0.3265897738288558,0.6007690312860821,0.07264119488506209,0.472231826966417,1295656.0,0.3329418650827259,0.6026296126910996,0.06442852222617454,0.46142626187343905,1062666.0,0.07397387387387387,0.6346153846153846,-0.037928345626975765,0.4807692307692308,1,1,1,0,1,0,0,0,0
384004,ZA9,Limpopo,ZA8,Mpumalanga,ZA936,Waterberg,ZA831,Nkangala,2020-10-13,2020-10-18,1,1,1,303019.16618669423,146552.30169690234,484600,20201013,20201018,0.2870915348782833,0.6477210572390478,0.06518740788266879,0.5138960603357211,718513.0,0.27290691475673784,0.6711806877078121,0.055912397535449986,0.5109201270525474,1573837.0,0.00236898395721925,0.5576923076923077,0.07867808219178082,0.6730769230769231,1,1,1,0,1,0,0,0,0
384005,ZA7,Gauteng,ZA7,Gauteng,ZA799,City of Tshwane,ZA742,Sedibeng,2020-10-13,2020-10-13,40,40,36,9555720.430561516,3812613.105601331,554084,20201013,20201013,0.22283079372412132,0.7204843127840075,0.056684893491871245,0.5057337597223363,3627986.0,0.24393339879416723,0.6953819961266214,0.06068460507921129,0.5059130831550246,994997.0,0.48224212034383956,0.9038461538461539,0.2808379746835443,0.8461538461538461,1,1,1,0,1,0,0,0,0
384006,ZA1,Western Cape,,,ZA101,West Coast,,,2020-10-13,2020-10-13,2,2,2,121721.64312240406,4108.503154033168,25010,20201013,20201013,0.24466466325617858,0.6852166396976793,0.0701186970461421,0.5060695297345649,497485.0,,,,,,-0.12079976303317536,0.34615384615384615,,,1,1,1,0,1,0,0,0,0
384008,ZA3,Nothern Cape,ZA3,Nothern Cape,ZA308,Z F Mgcawu,ZA345,John Taolo Gaetsewe,2020-10-13,2020-10-13,12,12,12,3778436.131880017,958711.0079220184,120286,20201013,20201013,0.27601757542529287,0.6641943181028425,0.059788106471864645,0.5142626583989065,258998.0,0.31986957060536586,0.628082594956317,0.05204783443831712,0.4959027820806741,258224.0,-0.04016603773584906,0.46153846153846156,-0.13480926430517712,0.3076923076923077,1,1,1,0,1,0,0,0,0
384009,ZA9,Limpopo,ZA7,Gauteng,ZA936,Waterberg,ZA799,City of Tshwane,2020-10-13,2020-10-13,33,33,32,11896618.718286237,4795498.767304973,729974,20201013,20201013,0.2870915348782833,0.6477210572390478,0.06518740788266879,0.5138960603357211,718513.0,0.22283079372412132,0.7204843127840075,0.056684893491871245,0.5057337597223363,3627986.0,0.00236898395721925,0.5576923076923077,0.48224212034383956,0.9038461538461539,1,1,1,0,1,0,0,0,0
384010,ZA5,KwaZulu-Natal,ZA5,KwaZulu-Natal,ZA529,iLembe,ZA529,iLembe,2020-10-13,2020-10-14,164,163,163,4153659.7738094903,596219.0802058923,5693881,20201013,20201014,0.32390440311621094,0.6202867780885334,0.05580881879525565,0.4827645772056803,636799.0,0.32390440311621094,0.6202867780885334,0.05580881879525565,0.4827645772056803,636799.0,-0.14951617873651774,0.28846153846153844,-0.14951617873651774,0.28846153846153844,1,1,1,0,1,0,0,0,0
384011,ZA7,Gauteng,ZA7,Gauteng,ZA742,Sedibeng,ZA799,City of Tshwane,2020-10-13,2020-10-13,43,43,39,9688752.846350716,4334697.156308562,502799,20201013,20201013,0.24393339879416723,0.6953819961266214,0.06068460507921129,0.5059130831550246,994997.0,0.22283079372412132,0.7204843127840075,0.056684893491871245,0.5057337597223363,3627986.0,0.2808379746835443,0.8461538461538461,0.48224212034383956,0.9038461538461539,1,1,1,0,1,0,0,0,0
384012,ZA7,Gauteng,ZA7,Gauteng,ZA798,City of Johannesburg,ZA797,Ekurhuleni,2020-10-13,2020-10-14,229,229,229,11890542.936456963,4261178.910190505,7593256,20201013,20201014,0.2220629170143196,0.7299897648810346,0.047947318104645836,0.5097433964893054,5540727.0,0.23296733680905687,0.7203157619169479,0.04671690127399521,0.5205474946472306,3739653.0,0.8818060606060606,1.0,0.7435109289617486,0.9615384615384616,1,1,1,0,1,0,0,0,0
384013,ZA3,Nothern Cape,ZA3,Nothern Cape,ZA306,Namakwa,ZA306,Namakwa,2020-10-13,2020-10-13,267,150,116,45044206.43093229,4972268.302720431,2528239,20201013,20201013,0.2479438366342976,0.6592106724059887,0.09284549095971371,0.5132337492633683,117087.0,0.2479438366342976,0.6592106724059887,0.09284549095971371,0.5132337492633683,117087.0,0.06505633802816901,0.6153846153846154,0.06505633802816901,0.6153846153846154,1,1,1,0,1,0,0,0,0
384014,ZA1,Western Cape,ZA1,Western Cape,ZA191,City of Cape Town,ZA103,Overberg,2020-10-13,2020-10-13,133,132,128,27326038.29941595,8726287.956223968,2055203,20201013,20201013,0.23849582985172932,0.697186217784503,0.06431795236376775,0.4976008771049945,4436413.0,0.22836513904770692,0.6721314716747349,0.09950338927755827,0.511077351980676,303457.0,0.7687640750670242,0.9807692307692307,0.051486772486772484,0.5961538461538461,1,1,1,0,1,0,0,0,0
384015,ZA3,Nothern Cape,ZA2,Eastern Cape,ZA309,Frances Baard,ZA210,Cacadu,2020-10-13,2020-10-13,1,1,1,637497.2133094916,637078.9450606625,67608,20201013,20201013,0.2860169290028057,0.6497360787483951,0.06424699224879928,0.49189928194398214,420580.0,0.2618455236218228,0.6571170870354837,0.08103738934269357,0.4975242081945451,491156.0,0.29907801418439717,0.8846153846153846,-0.01848062015503876,0.5,1,1,1,0,1,0,0,0,0
384016,ZA5,KwaZulu-Natal,ZA4,Free State,ZA523,Uthukela,ZA419,Thabo Mofutsanyane,2020-10-13,2020-10-15,1,1,1,216090.9426239478,106326.47667624077,145820,20201013,20201015,0.36014331224838336,0.5864396074090654,0.05341708034255123,0.46782833191779016,652282.0,0.31143326559338835,0.6251823622683981,0.06338437213821363,0.47028720831466336,662829.0,-0.19841226215644822,0.19230769230769232,0.10770218579234972,0.7115384615384616,1,1,1,0,1,0,0,0,0
384017,ZA2,Eastern Cape,ZA2,Eastern Cape,ZA210,Cacadu,ZA293,Nelson Mandela Bay,2020-10-13,2020-10-13,99,98,98,27781842.89308152,7930487.230032532,1608907,20201013,20201013,0.2618455236218228,0.6571170870354837,0.08103738934269357,0.4975242081945451,491156.0,0.2465186661259611,0.6842154879637478,0.0692658459102911,0.4877654529777138,1230491.0,-0.01848062015503876,0.5,0.5740514018691588,0.9423076923076923,1,1,1,0,1,0,0,0,0
384018,ZA9,Limpopo,ZA9,Limpopo,ZA935,Capricorn,ZA935,Capricorn,2020-10-13,2020-10-14,431,431,431,10270052.384088358,3110541.724644871,15715235,20201013,20201014,0.3265897738288558,0.6007690312860821,0.07264119488506209,0.472231826966417,1295656.0,0.3265897738288558,0.6007690312860821,0.07264119488506209,0.472231826966417,1295656.0,0.07397387387387387,0.6346153846153846,0.07397387387387387,0.6346153846153846,1,1,1,0,1,0,0,0,0
384019,ZA4,Free State,ZA7,Gauteng,ZA494,Mangaung,ZA798,City of Johannesburg,2020-10-13,2020-10-13,4,4,4,6533949.968288455,1508997.9273246825,118048,20201013,20201013,0.26262942751272955,0.6754982029249197,0.06187236956235082,0.4901411892511804,826621.0,0.2220629170143196,0.7299897648810346,0.047947318104645836,0.5097433964893054,5540727.0,0.27329104477611943,0.8269230769230769,0.8818060606060606,1.0,1,1,1,0,1,0,0,0,0
384020,ZA9,Limpopo,ZA9,Limpopo,ZA934,Vhembe,ZA934,Vhembe,2020-10-13,2020-10-14,300,300,300,8310071.493482389,1631516.0582875428,10780717,20201013,20201014,0.3433867460978093,0.5887604530714541,0.06785280083073665,0.4597374214109392,1325089.0,0.3433867460978093,0.5887604530714541,0.06785280083073665,0.4597374214109392,1325089.0,-0.0767829596412556,0.4230769230769231,-0.0767829596412556,0.4230769230769231,1,1,1,0,1,0,0,0,0
384021,ZA2,Eastern Cape,ZA2,Eastern Cape,ZA293,Nelson Mandela Bay,ZA293,Nelson Mandela Bay,2020-10-13,2020-10-14,621,621,621,13609593.11503167,3591621.431463383,21886133,20201013,20201014,0.2465186661259611,0.6842154879637478,0.0692658459102911,0.4877654529777138,1230491.0,0.2465186661259611,0.6842154879637478,0.0692658459102911,0.4877654529777138,1230491.0,0.5740514018691588,0.9423076923076923,0.5740514018691588,0.9423076923076923,1,1,1,0,1,0,0,0,0
384022,ZA6,North West,ZA4,Free State,ZA640,Dr Kenneth Kaunda,ZA420,Fezile Dabi,2020-10-13,2020-10-14,6,6,6,544539.7521213186,268704.1426114206,199811,20201013,20201014,0.27505895171327793,0.6602340041700301,0.06470704411669191,0.5065976875287468,754431.0,0.2705098118551487,0.6604572122193,0.06903297592555128,0.5050070807202104,494300.0,-0.10069384057971015,0.38461538461538464,0.2276555023923445,0.7884615384615384,1,1,1,0,1,0,0,0,0
384023,ZA1,Western Cape,ZA1,Western Cape,ZA191,City of Cape Town,ZA191,City of Cape Town,2020-10-13,2020-10-14,3242,3242,3242,59953428.80945225,24357682.70441401,112118686,20201013,20201014,0.23849582985172932,0.697186217784503,0.06431795236376775,0.4976008771049945,4436413.0,0.23849582985172932,0.697186217784503,0.06431795236376775,0.4976008771049945,4436413.0,0.7687640750670242,0.9807692307692307,0.7687640750670242,0.9807692307692307,1,1,1,0,1,0,0,0,0
384024,ZA5,KwaZulu-Natal,ZA5,KwaZulu-Natal,ZA521,Ugu,ZA521,Ugu,2020-10-13,2020-10-14,132,132,132,4864140.939268208,946722.911065612,5021614,20201013,20201014,0.32122674606698143,0.6016982741355622,0.07707497979745637,0.47391596021954596,714019.0,0.32122674606698143,0.6016982741355622,0.07707497979745637,0.47391596021954596,714019.0,-0.09480895915678524,0.40384615384615385,-0.09480895915678524,0.40384615384615385,1,1,1,0,1,0,0,0,0
384025,ZA7,Gauteng,ZA7,Gauteng,ZA742,Sedibeng,ZA798,City of Johannesburg,2020-10-13,2020-10-14,28,28,28,2431151.867984305,1089115.8162058317,792493,20201013,20201014,0.24393339879416723,0.6953819961266214,0.06068460507921129,0.5059130831550246,994997.0,0.2220629170143196,0.7299897648810346,0.047947318104645836,0.5097433964893054,5540727.0,0.2808379746835443,0.8461538461538461,0.8818060606060606,1.0,1,1,1,0,1,0,0,0,0
384026,ZA7,Gauteng,ZA6,North West,ZA798,City of Johannesburg,ZA637,Bojanala,2020-10-13,2020-10-13,104,104,102,14107713.630027171,6794647.515996571,1258220,20201013,20201013,0.2220629170143196,0.7299897648810346,0.047947318104645836,0.5097433964893054,5540727.0,0.25082919250139085,0.6903465537718604,0.05882425372674875,0.5380589003726469,1786678.0,0.8818060606060606,1.0,0.07430676328502415,0.6538461538461539,1,1,1,0,1,0,0,0,0
384027,ZA1,Western Cape,ZA1,Western Cape,ZA191,City of Cape Town,ZA104,Eden,2020-10-13,2020-10-13,29,29,29,28400371.202461325,10878911.640017657,958229,20201013,20201013,0.23849582985172932,0.697186217784503,0.06431795236376775,0.4976008771049945,4436413.0,0.24710205256745305,0.6628052101466374,0.09009273728590954,0.4993180863678119,673839.0,0.7687640750670242,0.9807692307692307,0.0004522691705790296,0.5384615384615384,1,1,1,0,1,0,0,0,0
384028,ZA2,Eastern Cape,ZA2,Eastern Cape,ZA293,Nelson Mandela Bay,ZA293,Nelson Mandela Bay,2020-10-13,2020-10-13,7726,3929,2831,284736319.3921021,66824154.13737311,62585569,20201013,20201013,0.2465186661259611,0.6842154879637478,0.0692658459102911,0.4877654529777138,1230491.0,0.2465186661259611,0.6842154879637478,0.0692658459102911,0.4877654529777138,1230491.0,0.5740514018691588,0.9423076923076923,0.5740514018691588,0.9423076923076923,1,1,1,0,1,0,0,0,0
384029,ZA1,Western Cape,ZA1,Western Cape,ZA103,Overberg,ZA103,Overberg,2020-10-13,2020-10-14,123,123,123,2725498.3695212225,714267.2152468979,4804707,20201013,20201014,0.22836513904770692,0.6721314716747349,0.09950338927755827,0.511077351980676,303457.0,0.22836513904770692,0.6721314716747349,0.09950338927755827,0.511077351980676,303457.0,0.051486772486772484,0.5961538461538461,0.051486772486772484,0.5961538461538461,1,1,1,0,1,0,0,0,0
384030,ZA7,Gauteng,ZA7,Gauteng,ZA797,Ekurhuleni,ZA748,West Rand,2020-10-13,2020-10-13,75,75,74,11456137.439083785,5059073.893213771,1017155,20201013,20201013,0.23296733680905687,0.7203157619169479,0.04671690127399521,0.5205474946472306,3739653.0,0.23154887232085752,0.7207832829912092,0.047667844687933295,0.5288128906961219,856804.0,0.7435109289617486,0.9615384615384616,0.23715802469135805,0.8076923076923077,1,1,1,0,1,0,0,0,0
384031,ZA1,Western Cape,ZA9,Limpopo,ZA102,Cape Winelands,ZA933,Mopani,2020-10-13,2020-10-13,1,1,1,3473637.461519486,1698771.6221196624,34199,20201013,20201013,0.24989252608235304,0.6902123420738123,0.059895131843834624,0.5011121214086944,909523.0,0.3329418650827259,0.6026296126910996,0.06442852222617454,0.46142626187343905,1062666.0,-0.012388831437435367,0.5192307692307693,-0.037928345626975765,0.4807692307692308,1,1,1,0,1,0,0,0,0
384032,ZA2,Eastern Cape,ZA2,Eastern Cape,ZA215,O.R.Tambo,ZA292,Buffalo City,2020-10-13,2020-10-13,5,5,5,5308210.337387869,1152268.6084829604,178015,20201013,20201013,0.38804558548824664,0.5482866433400703,0.06366777117168307,0.4623163104135049,1358678.0,0.254980022080858,0.6758306608485358,0.06918931707060617,0.48177934914042375,760840.0,-0.23807536101083035,0.1346153846153846,0.09585175879396986,0.6923076923076923,1,1,1,0,1,0,0,0,0
384033,ZA3,Nothern Cape,ZA4,Free State,ZA309,Frances Baard,ZA416,Xhariep,2020-10-13,2020-10-13,7,7,7,771523.0926991571,490528.3043774738,31314,20201013,20201013,0.2860169290028057,0.6497360787483951,0.06424699224879928,0.49189928194398214,420580.0,0.29515218562959183,0.6325513667867511,0.07229644758365718,0.5005153225730198,105759.0,0.29907801418439717,0.8846153846153846,0.18671264367816093,0.7692307692307693,1,1,1,0,1,0,0,0,0
384034,ZA7,Gauteng,ZA1,Western Cape,ZA797,Ekurhuleni,ZA191,City of Cape Town,2020-10-13,2020-10-13,28,28,28,73666784.23994233,35754032.44775022,656932,20201013,20201013,0.23296733680905687,0.7203157619169479,0.04671690127399521,0.5205474946472306,3739653.0,0.23849582985172932,0.697186217784503,0.06431795236376775,0.4976008771049945,4436413.0,0.7435109289617486,0.9615384615384616,0.7687640750670242,0.9807692307692307,1,1,1,0,1,0,0,0,0
384035,ZA9,Limpopo,ZA9,Limpopo,ZA947,Sekhukhune,ZA935,Capricorn,2020-10-13,2020-10-13,15,15,15,2677027.3989336896,1310901.6275331315,239525,20201013,20201013,0.3536917516859454,0.5707075150199985,0.07560073329405607,0.46486328935523974,1125333.0,0.3265897738288558,0.6007690312860821,0.07264119488506209,0.472231826966417,1295656.0,-0.06015677966101695,0.4423076923076923,0.07397387387387387,0.6346153846153846,1,1,1,0,1,0,0,0,0
384036,ZA5,KwaZulu-Natal,ZA5,KwaZulu-Natal,ZA595,eThekwini,ZA595,eThekwini,2020-10-13,2020-10-14,2020,2020,2020,39754431.72788781,11328372.836858593,70994881,20201013,20201014,0.2446364969883556,0.6990922562931536,0.05627124671849075,0.494610924976595,3587907.0,0.2446364969883556,0.6990922562931536,0.05627124671849075,0.494610924976595,3587907.0,0.5666580406654343,0.9230769230769231,0.5666580406654343,0.9230769230769231,1,1,1,0,1,0,0,0,0
384037,ZA1,Western Cape,ZA1,Western Cape,ZA105,Central Karoo,ZA105,Central Karoo,2020-10-13,2020-10-13,124,73,54,25954820.888362043,1629911.8498386792,865014,20201013,20201013,0.29415328297801036,0.633639246216906,0.07220747080508365,0.4979247763656518,77582.0,0.29415328297801036,0.633639246216906,0.07220747080508365,0.4979247763656518,77582.0,-0.12604477611940298,0.3269230769230769,-0.12604477611940298,0.3269230769230769,1,1,1,0,1,0,0,0,0
384038,ZA7,Gauteng,ZA7,Gauteng,ZA798,City of Johannesburg,ZA742,Sedibeng,2020-10-13,2020-10-13,325,322,314,35373847.82562209,14622446.317628162,3308751,20201013,20201013,0.2220629170143196,0.7299897648810346,0.047947318104645836,0.5097433964893054,5540727.0,0.24393339879416723,0.6953819961266214,0.06068460507921129,0.5059130831550246,994997.0,0.8818060606060606,1.0,0.2808379746835443,0.8461538461538461,1,1,1,0,1,0,0,0,0
384039,ZA9,Limpopo,ZA7,Gauteng,ZA933,Mopani,ZA742,Sedibeng,2020-10-13,2020-10-13,1,1,1,899308.9558472751,401670.16797410685,33943,20201013,20201013,0.3329418650827259,0.6026296126910996,0.06442852222617454,0.46142626187343905,1062666.0,0.24393339879416723,0.6953819961266214,0.06068460507921129,0.5059130831550246,994997.0,-0.037928345626975765,0.4807692307692308,0.2808379746835443,0.8461538461538461,1,1,1,0,1,0,0,0,0
384040,ZA2,Eastern Cape,ZA2,Eastern Cape,ZA213,Chris Hani,ZA293,Nelson Mandela Bay,2020-10-13,2020-10-13,7,7,7,5204380.542729804,1799179.7248417633,151793,20201013,20201013,0.334940582305372,0.572656560540376,0.09240285715425203,0.478383232498069,752217.0,0.2465186661259611,0.6842154879637478,0.0692658459102911,0.4877654529777138,1230491.0,-0.29251697892271666,0.057692307692307696,0.5740514018691588,0.9423076923076923,1,1,1,0,1,0,0,0,0
384041,ZA7,Gauteng,ZA6,North West,ZA797,Ekurhuleni,ZA637,Bojanala,2020-10-13,2020-10-13,39,39,38,9494667.884839963,4012309.69821214,715484,20201013,20201013,0.23296733680905687,0.7203157619169479,0.04671690127399521,0.5205474946472306,3739653.0,0.25082919250139085,0.6903465537718604,0.05882425372674875,0.5380589003726469,1786678.0,0.7435109289617486,0.9615384615384616,0.07430676328502415,0.6538461538461539,1,1,1,0,1,0,0,0,0
384042,ZA2,Eastern Cape,ZA1,Western Cape,ZA210,Cacadu,ZA104,Eden,2020-10-13,2020-10-13,14,14,14,11293966.94336964,2579859.5697948355,280700,20201013,20201013,0.2618455236218228,0.6571170870354837,0.08103738934269357,0.4975242081945451,491156.0,0.24710205256745305,0.6628052101466374,0.09009273728590954,0.4993180863678119,673839.0,-0.01848062015503876,0.5,0.0004522691705790296,0.5384615384615384,1,1,1,0,1,0,0,0,0
384043,ZA5,KwaZulu-Natal,ZA5,KwaZulu-Natal,ZA526,Zululand,ZA528,Uthungulu,2020-10-13,2020-10-13,6,6,6,915209.42912656,300054.0332918385,54669,20201013,20201013,0.392497537624586,0.5542130860581069,0.053289376317307055,0.4651401640222711,783796.0,0.3398562749304085,0.6096443299200878,0.05049939514950375,0.4759701217345943,889476.0,-0.2762355212355212,0.09615384615384616,-0.2202014106583072,0.15384615384615385,1,1,1,0,1,0,0,0,0
384044,ZA6,North West,ZA6,North West,ZA638,Ngaka Modiri Molema,ZA638,Ngaka Modiri Molema,2020-10-13,2020-10-20,1,1,1,250600.1286842368,835.284668317588,604872,20201013,20201020,0.3236353449196357,0.6078801705223251,0.06848448455803925,0.4964769205863341,870971.0,0.3236353449196357,0.6078801705223251,0.06848448455803925,0.4964769205863341,870971.0,-0.18344824707846413,0.23076923076923078,-0.18344824707846413,0.23076923076923078,1,1,1,0,1,0,0,0,0
384045,ZA7,Gauteng,ZA7,Gauteng,ZA748,West Rand,ZA797,Ekurhuleni,2020-10-13,2020-10-13,70,70,70,11619877.137796566,4302546.779760331,1175774,20201013,20201013,0.23154887232085752,0.7207832829912092,0.047667844687933295,0.5288128906961219,856804.0,0.23296733680905687,0.7203157619169479,0.04671690127399521,0.5205474946472306,3739653.0,0.23715802469135805,0.8076923076923077,0.7435109289617486,0.9615384615384616,1,1,1,0,1,0,0,0,0
384046,ZA7,Gauteng,ZA6,North West,ZA799,City of Tshwane,ZA640,Dr Kenneth Kaunda,2020-10-13,2020-10-13,16,16,16,6150193.095460111,2922609.5449960907,375324,20201013,20201013,0.22283079372412132,0.7204843127840075,0.056684893491871245,0.5057337597223363,3627986.0,0.27505895171327793,0.6602340041700301,0.06470704411669191,0.5065976875287468,754431.0,0.48224212034383956,0.9038461538461539,-0.10069384057971015,0.38461538461538464,1,1,1,0,1,0,0,0,0
384047,ZA6,North West,ZA6,North West,ZA638,Ngaka Modiri Molema,ZA638,Ngaka Modiri Molema,2020-10-13,2020-10-13,1813,912,648,81824218.61440961,15312823.88593869,15439651,20201013,20201013,0.3236353449196357,0.6078801705223251,0.06848448455803925,0.4964769205863341,870971.0,0.3236353449196357,0.6078801705223251,0.06848448455803925,0.4964769205863341,870971.0,-0.18344824707846413,0.23076923076923078,-0.18344824707846413,0.23076923076923078,1,1,1,0,1,0,0,0,0
384048,ZA4,Free State,ZA5,KwaZulu-Natal,ZA420,Fezile Dabi,ZA523,Uthukela,2020-10-13,2020-10-13,1,1,1,1080666.780491938,160738.3161069156,27418,20201013,20201013,0.2705098118551487,0.6604572122193,0.06903297592555128,0.5050070807202104,494300.0,0.36014331224838336,0.5864396074090654,0.05341708034255123,0.46782833191779016,652282.0,0.2276555023923445,0.7884615384615384,-0.19841226215644822,0.19230769230769232,1,1,1,0,1,0,0,0,0
384049,ZA5,KwaZulu-Natal,ZA4,Free State,ZA521,Ugu,ZA419,Thabo Mofutsanyane,2020-10-13,2020-10-14,2,2,2,2397457.1046491032,1405649.615172796,143726,20201013,20201014,0.32122674606698143,0.6016982741355622,0.07707497979745637,0.47391596021954596,714019.0,0.31143326559338835,0.6251823622683981,0.06338437213821363,0.47028720831466336,662829.0,-0.09480895915678524,0.40384615384615385,0.10770218579234972,0.7115384615384616,1,1,1,0,1,0,0,0,0
384050,ZA4,Free State,ZA6,North West,ZA418,Lejweleputswa,ZA640,Dr Kenneth Kaunda,2020-10-13,2020-10-13,8,8,8,1387846.9289695655,572520.2375227762,78737,20201013,20201013,0.27941650281351393,0.6617931601395349,0.058790337046951115,0.500105365269169,574193.0,0.27505895171327793,0.6602340041700301,0.06470704411669191,0.5065976875287468,754431.0,0.29495049504950493,0.8653846153846154,-0.10069384057971015,0.38461538461538464,1,1,1,0,1,0,0,0,0
384051,ZA6,North West,ZA7,Gauteng,ZA640,Dr Kenneth Kaunda,ZA798,City of Johannesburg,2020-10-13,2020-10-13,13,13,13,3371376.561366068,1549913.5132693716,260704,20201013,20201013,0.27505895171327793,0.6602340041700301,0.06470704411669191,0.5065976875287468,754431.0,0.2220629170143196,0.7299897648810346,0.047947318104645836,0.5097433964893054,5540727.0,-0.10069384057971015,0.38461538461538464,0.8818060606060606,1.0,1,1,1,0,1,0,0,0,0
384052,ZA8,Mpumalanga,ZA7,Gauteng,ZA830,Gert Sibande,ZA742,Sedibeng,2020-10-13,2020-10-13,16,16,16,2493447.728143523,1036799.68394563,330648,20201013,20201013,0.30688245639051287,0.6412288994160756,0.05188864419341153,0.49968312815881616,1136106.0,0.24393339879416723,0.6953819961266214,0.06068460507921129,0.5059130831550246,994997.0,-0.11248741610738255,0.36538461538461536,0.2808379746835443,0.8461538461538461,1,1,1,0,1,0,0,0,0
384053,ZA6,North West,ZA9,Limpopo,ZA637,Bojanala,ZA936,Waterberg,2020-10-13,2020-10-14,6,6,6,649190.3928943234,290845.8144232932,170527,20201013,20201014,0.25082919250139085,0.6903465537718604,0.05882425372674875,0.5380589003726469,1786678.0,0.2870915348782833,0.6477210572390478,0.06518740788266879,0.5138960603357211,718513.0,0.07430676328502415,0.6538461538461539,0.00236898395721925,0.5576923076923077,1,1,1,0,1,0,0,0,0
384054,ZA7,Gauteng,ZA4,Free State,ZA798,City of Johannesburg,ZA494,Mangaung,2020-10-13,2020-10-13,9,9,9,7680139.857346649,3538254.06324337,138111,20201013,20201013,0.2220629170143196,0.7299897648810346,0.047947318104645836,0.5097433964893054,5540727.0,0.26262942751272955,0.6754982029249197,0.06187236956235082,0.4901411892511804,826621.0,0.8818060606060606,1.0,0.27329104477611943,0.8269230769230769,1,1,1,0,1,0,0,0,0
384055,ZA7,Gauteng,ZA7,Gauteng,ZA798,City of Johannesburg,ZA748,West Rand,2020-10-13,2020-10-13,979,966,936,53779780.79985815,21213436.443810765,8980624,20201013,20201013,0.2220629170143196,0.7299897648810346,0.047947318104645836,0.5097433964893054,5540727.0,0.23154887232085752,0.7207832829912092,0.047667844687933295,0.5288128906961219,856804.0,0.8818060606060606,1.0,0.23715802469135805,0.8076923076923077,1,1,1,0,1,0,0,0,0
384056,ZA7,Gauteng,ZA8,Mpumalanga,ZA799,City of Tshwane,ZA831,Nkangala,2020-10-13,2020-10-13,117,117,116,22877563.698401336,9958118.117205909,2018883,20201013,20201013,0.22283079372412132,0.7204843127840075,0.056684893491871245,0.5057337597223363,3627986.0,0.27290691475673784,0.6711806877078121,0.055912397535449986,0.5109201270525474,1573837.0,0.48224212034383956,0.9038461538461539,0.07867808219178082,0.6730769230769231,1,1,1,0,1,0,0,0,0
384057,ZA7,Gauteng,ZA5,KwaZulu-Natal,ZA798,City of Johannesburg,ZA595,eThekwini,2020-10-13,2020-10-13,15,15,15,18564557.227947216,7885932.455775659,488295,20201013,20201013,0.2220629170143196,0.7299897648810346,0.047947318104645836,0.5097433964893054,5540727.0,0.2446364969883556,0.6990922562931536,0.05627124671849075,0.494610924976595,3587907.0,0.8818060606060606,1.0,0.5666580406654343,0.9230769230769231,1,1,1,0,1,0,0,0,0
384058,ZA8,Mpumalanga,ZA4,Free State,ZA830,Gert Sibande,ZA419,Thabo Mofutsanyane,2020-10-13,2020-10-14,1,1,1,227164.25919711395,227131.3488135812,77920,20201013,20201014,0.30688245639051287,0.6412288994160756,0.05188864419341153,0.49968312815881616,1136106.0,0.31143326559338835,0.6251823622683981,0.06338437213821363,0.47028720831466336,662829.0,-0.11248741610738255,0.36538461538461536,0.10770218579234972,0.7115384615384616,1,1,1,0,1,0,0,0,0
384059,ZA5,KwaZulu-Natal,ZA1,Western Cape,ZA595,eThekwini,ZA191,City of Cape Town,2020-10-13,2020-10-13,10,10,10,25145103.6602028,12870172.577693377,216570,20201013,20201013,0.2446364969883556,0.6990922562931536,0.05627124671849075,0.494610924976595,3587907.0,0.23849582985172932,0.697186217784503,0.06431795236376775,0.4976008771049945,4436413.0,0.5666580406654343,0.9230769230769231,0.7687640750670242,0.9807692307692307,1,1,1,0,1,0,0,0,0
384060,ZA5,KwaZulu-Natal,ZA7,Gauteng,ZA529,iLembe,ZA797,Ekurhuleni,2020-10-13,2020-10-13,5,5,5,5073776.643468198,2755157.441834803,188515,20201013,20201013,0.32390440311621094,0.6202867780885334,0.05580881879525565,0.4827645772056803,636799.0,0.23296733680905687,0.7203157619169479,0.04671690127399521,0.5205474946472306,3739653.0,-0.14951617873651774,0.28846153846153844,0.7435109289617486,0.9615384615384616,1,1,1,0,1,0,0,0,0
384061,ZA2,Eastern Cape,ZA2,Eastern Cape,ZA292,Buffalo City,ZA215,O.R.Tambo,2020-10-13,2020-10-13,5,5,5,2998572.9921882544,929778.2025483308,135393,20201013,20201013,0.254980022080858,0.6758306608485358,0.06918931707060617,0.48177934914042375,760840.0,0.38804558548824664,0.5482866433400703,0.06366777117168307,0.4623163104135049,1358678.0,0.09585175879396986,0.6923076923076923,-0.23807536101083035,0.1346153846153846,1,1,1,0,1,0,0,0,0
384062,ZA5,KwaZulu-Natal,ZA5,KwaZulu-Natal,ZA528,Uthungulu,ZA526,Zululand,2020-10-13,2020-10-14,2,2,2,297287.0488524038,163539.30131938928,63522,20201013,20201014,0.3398562749304085,0.6096443299200878,0.05049939514950375,0.4759701217345943,889476.0,0.392497537624586,0.5542130860581069,0.053289376317307055,0.4651401640222711,783796.0,-0.2202014106583072,0.15384615384615385,-0.2762355212355212,0.09615384615384616,1,1,1,0,1,0,0,0,0
384063,ZA7,Gauteng,ZA7,Gauteng,ZA742,Sedibeng,ZA742,Sedibeng,2020-10-13,2020-10-18,1,1,1,7849.225651070222,7849.225651070222,478888,20201013,20201018,0.24393339879416723,0.6953819961266214,0.06068460507921129,0.5059130831550246,994997.0,0.24393339879416723,0.6953819961266214,0.06068460507921129,0.5059130831550246,994997.0,0.2808379746835443,0.8461538461538461,0.2808379746835443,0.8461538461538461,1,1,1,0,1,0,0,0,0
384064,ZA9,Limpopo,ZA8,Mpumalanga,ZA947,Sekhukhune,ZA832,Ehlanzeni,2020-10-13,2020-10-14,6,6,6,426073.0849081682,212848.35534148637,190966,20201013,20201014,0.3536917516859454,0.5707075150199985,0.07560073329405607,0.46486328935523974,1125333.0,0.32438893780700045,0.6235217992770762,0.05208926291592337,0.47979089412028486,1837538.0,-0.06015677966101695,0.4423076923076923,0.1315940928270042,0.7307692307692307,1,1,1,0,1,0,0,0,0
384065,ZA5,KwaZulu-Natal,ZA5,KwaZulu-Natal,ZA527,Umkhanyakude,ZA529,iLembe,2020-10-13,2020-10-13,1,1,1,527451.2357714438,285305.5994084454,33452,20201013,20201013,0.40017378652548197,0.5489306999026919,0.05089551357182606,0.4622270789873748,643318.0,0.32390440311621094,0.6202867780885334,0.05580881879525565,0.4827645772056803,636799.0,-0.31784377542717657,0.038461538461538464,-0.14951617873651774,0.28846153846153844,1,1,1,0,1,0,0,0,0
384066,ZA4,Free State,ZA6,North West,ZA494,Mangaung,ZA639,Dr Ruth Segomotsi Mompati,2020-10-13,2020-10-13,7,7,7,4804303.213064722,1860330.0700642297,151132,20201013,20201013,0.26262942751272955,0.6754982029249197,0.06187236956235082,0.4901411892511804,826621.0,0.3412335579082451,0.5850872971649528,0.07367914492680208,0.4911837461796937,473784.0,0.27329104477611943,0.8269230769230769,-0.16626678765880218,0.2692307692307692,1,1,1,0,1,0,0,0,0
384067,ZA2,Eastern Cape,ZA2,Eastern Cape,ZA213,Chris Hani,ZA210,Cacadu,2020-10-13,2020-10-13,4,4,4,4737060.543002037,590827.2156510296,79589,20201013,20201013,0.334940582305372,0.572656560540376,0.09240285715425203,0.478383232498069,752217.0,0.2618455236218228,0.6571170870354837,0.08103738934269357,0.4975242081945451,491156.0,-0.29251697892271666,0.057692307692307696,-0.01848062015503876,0.5,1,1,1,0,1,0,0,0,0
384068,ZA4,Free State,ZA4,Free State,ZA416,Xhariep,ZA419,Thabo Mofutsanyane,2020-10-13,2020-10-13,1,1,1,541254.3251558319,231248.42143799187,8030,20201013,20201013,0.29515218562959183,0.6325513667867511,0.07229644758365718,0.5005153225730198,105759.0,0.31143326559338835,0.6251823622683981,0.06338437213821363,0.47028720831466336,662829.0,0.18671264367816093,0.7692307692307693,0.10770218579234972,0.7115384615384616,1,1,1,0,1,0,0,0,0
384069,ZA6,North West,ZA7,Gauteng,ZA640,Dr Kenneth Kaunda,ZA742,Sedibeng,2020-10-13,2020-10-13,13,13,13,2191124.486369147,1101239.377460503,289461,20201013,20201013,0.27505895171327793,0.6602340041700301,0.06470704411669191,0.5065976875287468,754431.0,0.24393339879416723,0.6953819961266214,0.06068460507921129,0.5059130831550246,994997.0,-0.10069384057971015,0.38461538461538464,0.2808379746835443,0.8461538461538461,1,1,1,0,1,0,0,0,0
384070,ZA5,KwaZulu-Natal,ZA2,Eastern Cape,ZA543,Sisonke,ZA244,Alfred Nzo,2020-10-13,2020-10-13,16,16,15,1772113.6026942907,627371.6713426285,170810,20201013,20201013,0.37293146983899067,0.5707096800166399,0.05635885014436937,0.4671305273563743,447117.0,0.40782127157510134,0.5221222097470932,0.07005651867780548,0.4576553946475353,788235.0,-0.2112274881516588,0.17307692307692307,-0.27396673320026615,0.11538461538461539,1,1,1,0,1,0,0,0,0
384071,ZA8,Mpumalanga,ZA8,Mpumalanga,ZA831,Nkangala,ZA831,Nkangala,2020-10-13,2020-10-31,1,1,1,297850.5183799203,191002.0153087595,1516756,20201013,20201031,0.27290691475673784,0.6711806877078121,0.055912397535449986,0.5109201270525474,1573837.0,0.27290691475673784,0.6711806877078121,0.055912397535449986,0.5109201270525474,1573837.0,0.07867808219178082,0.6730769230769231,0.07867808219178082,0.6730769230769231,1,1,1,0,1,0,0,0,0
384072,ZA5,KwaZulu-Natal,ZA5,KwaZulu-Natal,ZA522,Umgungundlovu,ZA529,iLembe,2020-10-13,2020-10-14,1,1,1,147643.15388750762,95384.3496448425,41840,20201013,20201014,0.2748377359932372,0.663873035280183,0.06128922872657978,0.48236181888519014,1046905.0,0.32390440311621094,0.6202867780885334,0.05580881879525565,0.4827645772056803,636799.0,0.0061256544502617805,0.5769230769230769,-0.14951617873651774,0.28846153846153844,1,1,1,0,1,0,0,0,0
384074,ZA5,KwaZulu-Natal,ZA5,KwaZulu-Natal,ZA528,Uthungulu,ZA526,Zululand,2020-10-13,2020-10-13,7,7,7,1433262.3246852015,576917.5711216723,63065,20201013,20201013,0.3398562749304085,0.6096443299200878,0.05049939514950375,0.4759701217345943,889476.0,0.392497537624586,0.5542130860581069,0.053289376317307055,0.4651401640222711,783796.0,-0.2202014106583072,0.15384615384615385,-0.2762355212355212,0.09615384615384616,1,1,1,0,1,0,0,0,0
384075,ZA4,Free State,ZA3,Nothern Cape,ZA494,Mangaung,ZA307,Pixley ka Seme,2020-10-13,2020-10-14,1,1,1,1897527.982761152,215016.3068526731,46457,20201013,20201014,0.26262942751272955,0.6754982029249197,0.06187236956235082,0.4901411892511804,826621.0,0.3060749448635213,0.6232332132979509,0.0706918418385278,0.5011842246002923,196331.0,0.27329104477611943,0.8269230769230769,0.1854655172413793,0.75,1,1,1,0,1,0,0,0,0
384076,ZA1,Western Cape,,,ZA191,City of Cape Town,,,2020-10-13,2020-10-13,16,15,15,387574.796382642,163816.55591293445,163682,20201013,20201013,0.23849582985172932,0.697186217784503,0.06431795236376775,0.4976008771049945,4436413.0,,,,,,0.7687640750670242,0.9807692307692307,,,1,1,1,0,1,0,0,0,0
384077,ZA3,Nothern Cape,ZA3,Nothern Cape,ZA345,John Taolo Gaetsewe,ZA308,Z F Mgcawu,2020-10-13,2020-10-13,14,14,14,6504683.322598876,1161765.721555127,131980,20201013,20201013,0.31986957060536586,0.628082594956317,0.05204783443831712,0.4959027820806741,258224.0,0.27601757542529287,0.6641943181028425,0.059788106471864645,0.5142626583989065,258998.0,-0.13480926430517712,0.3076923076923077,-0.04016603773584906,0.46153846153846156,1,1,1,0,1,0,0,0,0
384078,ZA7,Gauteng,ZA8,Mpumalanga,ZA798,City of Johannesburg,ZA830,Gert Sibande,2020-10-13,2020-10-13,11,11,11,3864613.493064461,1938080.092757895,211162,20201013,20201013,0.2220629170143196,0.7299897648810346,0.047947318104645836,0.5097433964893054,5540727.0,0.30688245639051287,0.6412288994160756,0.05188864419341153,0.49968312815881616,1136106.0,0.8818060606060606,1.0,-0.11248741610738255,0.36538461538461536,1,1,1,0,1,0,0,0,0
384079,ZA4,Free State,ZA4,Free State,ZA494,Mangaung,ZA420,Fezile Dabi,2020-10-13,2020-10-13,6,6,6,3686479.0014049215,1864207.0434072025,129788,20201013,20201013,0.26262942751272955,0.6754982029249197,0.06187236956235082,0.4901411892511804,826621.0,0.2705098118551487,0.6604572122193,0.06903297592555128,0.5050070807202104,494300.0,0.27329104477611943,0.8269230769230769,0.2276555023923445,0.7884615384615384,1,1,1,0,1,0,0,0,0
384080,ZA9,Limpopo,ZA8,Mpumalanga,ZA933,Mopani,ZA831,Nkangala,2020-10-13,2020-10-14,1,1,1,1084380.5970311929,171445.885608373,79881,20201013,20201014,0.3329418650827259,0.6026296126910996,0.06442852222617454,0.46142626187343905,1062666.0,0.27290691475673784,0.6711806877078121,0.055912397535449986,0.5109201270525474,1573837.0,-0.037928345626975765,0.4807692307692308,0.07867808219178082,0.6730769230769231,1,1,1,0,1,0,0,0,0
384081,ZA2,Eastern Cape,ZA2,Eastern Cape,ZA213,Chris Hani,ZA292,Buffalo City,2020-10-13,2020-10-13,7,7,7,2642775.124450931,1246786.714384538,139581,20201013,20201013,0.334940582305372,0.572656560540376,0.09240285715425203,0.478383232498069,752217.0,0.254980022080858,0.6758306608485358,0.06918931707060617,0.48177934914042375,760840.0,-0.29251697892271666,0.057692307692307696,0.09585175879396986,0.6923076923076923,1,1,1,0,1,0,0,0,0
384082,ZA9,Limpopo,ZA7,Gauteng,ZA933,Mopani,ZA799,City of Tshwane,2020-10-13,2020-10-13,6,6,6,4383619.002112385,2317042.65592952,240621,20201013,20201013,0.3329418650827259,0.6026296126910996,0.06442852222617454,0.46142626187343905,1062666.0,0.22283079372412132,0.7204843127840075,0.056684893491871245,0.5057337597223363,3627986.0,-0.037928345626975765,0.4807692307692308,0.48224212034383956,0.9038461538461539,1,1,1,0,1,0,0,0,0
384083,ZA5,KwaZulu-Natal,ZA7,Gauteng,ZA525,Amajuba,ZA798,City of Johannesburg,2020-10-13,2020-10-13,2,2,2,763761.742756211,512266.2275149423,64700,20201013,20201013,0.3311353387795859,0.6144200377537888,0.05444462346662529,0.48045773982507545,502731.0,0.2220629170143196,0.7299897648810346,0.047947318104645836,0.5097433964893054,5540727.0,-0.16864155251141552,0.25,0.8818060606060606,1.0,1,1,1,0,1,0,0,0,0
384084,ZA7,Gauteng,ZA9,Limpopo,ZA799,City of Tshwane,ZA935,Capricorn,2020-10-13,2020-10-13,14,14,14,7398427.021056283,3852795.9593997034,394377,20201013,20201013,0.22283079372412132,0.7204843127840075,0.056684893491871245,0.5057337597223363,3627986.0,0.3265897738288558,0.6007690312860821,0.07264119488506209,0.472231826966417,1295656.0,0.48224212034383956,0.9038461538461539,0.07397387387387387,0.6346153846153846,1,1,1,0,1,0,0,0,0
384085,ZA8,Mpumalanga,ZA7,Gauteng,ZA831,Nkangala,ZA799,City of Tshwane,2020-10-13,2020-10-14,11,11,11,1556223.9596459828,615647.6399425268,400120,20201013,20201014,0.27290691475673784,0.6711806877078121,0.055912397535449986,0.5109201270525474,1573837.0,0.22283079372412132,0.7204843127840075,0.056684893491871245,0.5057337597223363,3627986.0,0.07867808219178082,0.6730769230769231,0.48224212034383956,0.9038461538461539,1,1,1,0,1,0,0,0,0
384086,ZA7,Gauteng,ZA4,Free State,ZA797,Ekurhuleni,ZA419,Thabo Mofutsanyane,2020-10-13,2020-10-31,2,2,2,467339.6755515965,467187.8017743466,3161614,20201013,20201031,0.23296733680905687,0.7203157619169479,0.04671690127399521,0.5205474946472306,3739653.0,0.31143326559338835,0.6251823622683981,0.06338437213821363,0.47028720831466336,662829.0,0.7435109289617486,0.9615384615384616,0.10770218579234972,0.7115384615384616,1,1,1,0,1,0,0,0,0
384087,ZA3,Nothern Cape,ZA2,Eastern Cape,ZA307,Pixley ka Seme,ZA213,Chris Hani,2020-10-13,2020-10-13,1,1,1,71080.03935130694,34412.04111370051,5238,20201013,20201013,0.3060749448635213,0.6232332132979509,0.0706918418385278,0.5011842246002923,196331.0,0.334940582305372,0.572656560540376,0.09240285715425203,0.478383232498069,752217.0,0.1854655172413793,0.75,-0.29251697892271666,0.057692307692307696,1,1,1,0,1,0,0,0,0
384088,ZA4,Free State,ZA4,Free State,ZA418,Lejweleputswa,ZA494,Mangaung,2020-10-13,2020-10-13,44,44,43,12926163.355630536,5832709.21828325,774846,20201013,20201013,0.27941650281351393,0.6617931601395349,0.058790337046951115,0.500105365269169,574193.0,0.26262942751272955,0.6754982029249197,0.06187236956235082,0.4901411892511804,826621.0,0.29495049504950493,0.8653846153846154,0.27329104477611943,0.8269230769230769,1,1,1,0,1,0,0,0,0
384089,ZA7,Gauteng,ZA4,Free State,ZA748,West Rand,ZA418,Lejweleputswa,2020-10-13,2020-10-13,3,3,3,1226172.066042787,683763.7602105704,74170,20201013,20201013,0.23154887232085752,0.7207832829912092,0.047667844687933295,0.5288128906961219,856804.0,0.27941650281351393,0.6617931601395349,0.058790337046951115,0.500105365269169,574193.0,0.23715802469135805,0.8076923076923077,0.29495049504950493,0.8653846153846154,1,1,1,0,1,0,0,0,0
384090,ZA7,Gauteng,ZA8,Mpumalanga,ZA798,City of Johannesburg,ZA832,Ehlanzeni,2020-10-13,2020-10-14,1,1,1,393178.17907574377,338421.6265668484,155274,20201013,20201014,0.2220629170143196,0.7299897648810346,0.047947318104645836,0.5097433964893054,5540727.0,0.32438893780700045,0.6235217992770762,0.05208926291592337,0.47979089412028486,1837538.0,0.8818060606060606,1.0,0.1315940928270042,0.7307692307692307,1,1,1,0,1,0,0,0,0
384091,ZA7,Gauteng,ZA7,Gauteng,ZA748,West Rand,ZA742,Sedibeng,2020-10-13,2020-10-13,27,27,27,4145653.351606984,1802972.4868109184,221202,20201013,20201013,0.23154887232085752,0.7207832829912092,0.047667844687933295,0.5288128906961219,856804.0,0.24393339879416723,0.6953819961266214,0.06068460507921129,0.5059130831550246,994997.0,0.23715802469135805,0.8076923076923077,0.2808379746835443,0.8461538461538461,1,1,1,0,1,0,0,0,0
384092,ZA7,Gauteng,ZA8,Mpumalanga,ZA799,City of Tshwane,ZA832,Ehlanzeni,2020-10-13,2020-10-13,22,22,22,16619807.906500949,7227316.400701546,677259,20201013,20201013,0.22283079372412132,0.7204843127840075,0.056684893491871245,0.5057337597223363,3627986.0,0.32438893780700045,0.6235217992770762,0.05208926291592337,0.47979089412028486,1837538.0,0.48224212034383956,0.9038461538461539,0.1315940928270042,0.7307692307692307,1,1,1,0,1,0,0,0,0
384093,ZA7,Gauteng,ZA3,Nothern Cape,ZA797,Ekurhuleni,ZA306,Namakwa,2020-10-13,2020-10-13,1,1,1,1128255.7961360512,1109119.8402262942,34319,20201013,20201013,0.23296733680905687,0.7203157619169479,0.04671690127399521,0.5205474946472306,3739653.0,0.2479438366342976,0.6592106724059887,0.09284549095971371,0.5132337492633683,117087.0,0.7435109289617486,0.9615384615384616,0.06505633802816901,0.6153846153846154,1,1,1,0,1,0,0,0,0
384094,ZA4,Free State,ZA7,Gauteng,ZA420,Fezile Dabi,ZA797,Ekurhuleni,2020-10-13,2020-10-16,1,1,1,165552.69451732794,81924.07190523262,240403,20201013,20201016,0.2705098118551487,0.6604572122193,0.06903297592555128,0.5050070807202104,494300.0,0.23296733680905687,0.7203157619169479,0.04671690127399521,0.5205474946472306,3739653.0,0.2276555023923445,0.7884615384615384,0.7435109289617486,0.9615384615384616,1,1,1,0,1,0,0,0,0
384095,ZA4,Free State,ZA7,Gauteng,ZA420,Fezile Dabi,ZA798,City of Johannesburg,2020-10-13,2020-10-14,3,3,3,574473.9735098389,229773.176495532,114941,20201013,20201014,0.2705098118551487,0.6604572122193,0.06903297592555128,0.5050070807202104,494300.0,0.2220629170143196,0.7299897648810346,0.047947318104645836,0.5097433964893054,5540727.0,0.2276555023923445,0.7884615384615384,0.8818060606060606,1.0,1,1,1,0,1,0,0,0,0
384096,ZA5,KwaZulu-Natal,ZA7,Gauteng,ZA529,iLembe,ZA748,West Rand,2020-10-13,2020-10-13,3,3,3,3504928.0036151223,1663114.1668804842,116298,20201013,20201013,0.32390440311621094,0.6202867780885334,0.05580881879525565,0.4827645772056803,636799.0,0.23154887232085752,0.7207832829912092,0.047667844687933295,0.5288128906961219,856804.0,-0.14951617873651774,0.28846153846153844,0.23715802469135805,0.8076923076923077,1,1,1,0,1,0,0,0,0
384097,ZA5,KwaZulu-Natal,ZA7,Gauteng,ZA525,Amajuba,ZA742,Sedibeng,2020-10-13,2020-10-13,3,3,3,2100464.116899441,773124.5522102923,51677,20201013,20201013,0.3311353387795859,0.6144200377537888,0.05444462346662529,0.48045773982507545,502731.0,0.24393339879416723,0.6953819961266214,0.06068460507921129,0.5059130831550246,994997.0,-0.16864155251141552,0.25,0.2808379746835443,0.8461538461538461,1,1,1,0,1,0,0,0,0
384098,ZA5,KwaZulu-Natal,ZA9,Limpopo,ZA521,Ugu,ZA936,Waterberg,2020-10-13,2020-10-13,1,1,1,1340855.026775854,670425.605466278,21680,20201013,20201013,0.32122674606698143,0.6016982741355622,0.07707497979745637,0.47391596021954596,714019.0,0.2870915348782833,0.6477210572390478,0.06518740788266879,0.5138960603357211,718513.0,-0.09480895915678524,0.40384615384615385,0.00236898395721925,0.5576923076923077,1,1,1,0,1,0,0,0,0
384099,ZA2,Eastern Cape,ZA1,Western Cape,ZA293,Nelson Mandela Bay,ZA104,Eden,2020-10-13,2020-10-13,9,9,9,7157345.019681265,2535082.6058757105,179706,20201013,20201013,0.2465186661259611,0.6842154879637478,0.0692658459102911,0.4877654529777138,1230491.0,0.24710205256745305,0.6628052101466374,0.09009273728590954,0.4993180863678119,673839.0,0.5740514018691588,0.9423076923076923,0.0004522691705790296,0.5384615384615384,1,1,1,0,1,0,0,0,0
384100,ZA6,North West,ZA6,North West,ZA637,Bojanala,ZA640,Dr Kenneth Kaunda,2020-10-13,2020-10-14,1,1,1,295367.64300158323,66667.43643173193,15582,20201013,20201014,0.25082919250139085,0.6903465537718604,0.05882425372674875,0.5380589003726469,1786678.0,0.27505895171327793,0.6602340041700301,0.06470704411669191,0.5065976875287468,754431.0,0.07430676328502415,0.6538461538461539,-0.10069384057971015,0.38461538461538464,1,1,1,0,1,0,0,0,0
384101,ZA3,Nothern Cape,ZA3,Nothern Cape,ZA309,Frances Baard,ZA345,John Taolo Gaetsewe,2020-10-13,2020-10-13,2,2,2,775610.0032748056,327733.2389192778,41461,20201013,20201013,0.2860169290028057,0.6497360787483951,0.06424699224879928,0.49189928194398214,420580.0,0.31986957060536586,0.628082594956317,0.05204783443831712,0.4959027820806741,258224.0,0.29907801418439717,0.8846153846153846,-0.13480926430517712,0.3076923076923077,1,1,1,0,1,0,0,0,0
384102,ZA5,KwaZulu-Natal,ZA5,KwaZulu-Natal,ZA523,Uthukela,ZA522,Umgungundlovu,2020-10-13,2020-10-13,14,14,14,4018265.9526673495,1794802.9865693145,265922,20201013,20201013,0.36014331224838336,0.5864396074090654,0.05341708034255123,0.46782833191779016,652282.0,0.2748377359932372,0.663873035280183,0.06128922872657978,0.48236181888519014,1046905.0,-0.19841226215644822,0.19230769230769232,0.0061256544502617805,0.5769230769230769,1,1,1,0,1,0,0,0,0
384103,ZA7,Gauteng,ZA1,Western Cape,ZA798,City of Johannesburg,ZA191,City of Cape Town,2020-10-13,2020-10-30,1,1,1,2568358.2718867883,1266737.7435701487,1405561,20201013,20201030,0.2220629170143196,0.7299897648810346,0.047947318104645836,0.5097433964893054,5540727.0,0.23849582985172932,0.697186217784503,0.06431795236376775,0.4976008771049945,4436413.0,0.8818060606060606,1.0,0.7687640750670242,0.9807692307692307,1,1,1,0,1,0,0,0,0
384104,ZA9,Limpopo,ZA6,North West,ZA936,Waterberg,ZA637,Bojanala,2020-10-13,2020-10-14,2,2,2,40204.81654338272,4584.097058404304,40174,20201013,20201014,0.2870915348782833,0.6477210572390478,0.06518740788266879,0.5138960603357211,718513.0,0.25082919250139085,0.6903465537718604,0.05882425372674875,0.5380589003726469,1786678.0,0.00236898395721925,0.5576923076923077,0.07430676328502415,0.6538461538461539,1,1,1,0,1,0,0,0,0
384105,ZA1,Western Cape,ZA7,Gauteng,ZA191,City of Cape Town,ZA798,City of Johannesburg,2020-10-13,2020-10-16,1,1,1,2609773.3468552586,1271616.765258793,212651,20201013,20201016,0.23849582985172932,0.697186217784503,0.06431795236376775,0.4976008771049945,4436413.0,0.2220629170143196,0.7299897648810346,0.047947318104645836,0.5097433964893054,5540727.0,0.7687640750670242,0.9807692307692307,0.8818060606060606,1.0,1,1,1,0,1,0,0,0,0
384106,ZA4,Free State,ZA4,Free State,ZA419,Thabo Mofutsanyane,ZA420,Fezile Dabi,2020-10-13,2020-10-13,9,9,9,2093210.588716545,843776.9691329227,157405,20201013,20201013,0.31143326559338835,0.6251823622683981,0.06338437213821363,0.47028720831466336,662829.0,0.2705098118551487,0.6604572122193,0.06903297592555128,0.5050070807202104,494300.0,0.10770218579234972,0.7115384615384616,0.2276555023923445,0.7884615384615384,1,1,1,0,1,0,0,0,0
384107,ZA9,Limpopo,ZA7,Gauteng,ZA935,Capricorn,ZA748,West Rand,2020-10-13,2020-10-13,2,2,2,1315388.77480875,632844.6722277895,65356,20201013,20201013,0.3265897738288558,0.6007690312860821,0.07264119488506209,0.472231826966417,1295656.0,0.23154887232085752,0.7207832829912092,0.047667844687933295,0.5288128906961219,856804.0,0.07397387387387387,0.6346153846153846,0.23715802469135805,0.8076923076923077,1,1,1,0,1,0,0,0,0
384108,ZA7,Gauteng,ZA7,Gauteng,ZA742,Sedibeng,ZA748,West Rand,2020-10-13,2020-10-14,3,3,3,502795.5246919213,230596.23567992225,106197,20201013,20201014,0.24393339879416723,0.6953819961266214,0.06068460507921129,0.5059130831550246,994997.0,0.23154887232085752,0.7207832829912092,0.047667844687933295,0.5288128906961219,856804.0,0.2808379746835443,0.8461538461538461,0.23715802469135805,0.8076923076923077,1,1,1,0,1,0,0,0,0
384109,ZA1,Western Cape,ZA1,Western Cape,ZA191,City of Cape Town,ZA105,Central Karoo,2020-10-13,2020-10-13,6,6,6,7823471.667920293,2435988.313018237,212448,20201013,20201013,0.23849582985172932,0.697186217784503,0.06431795236376775,0.4976008771049945,4436413.0,0.29415328297801036,0.633639246216906,0.07220747080508365,0.4979247763656518,77582.0,0.7687640750670242,0.9807692307692307,-0.12604477611940298,0.3269230769230769,1,1,1,0,1,0,0,0,0
384110,ZA7,Gauteng,ZA5,KwaZulu-Natal,ZA797,Ekurhuleni,ZA595,eThekwini,2020-10-13,2020-10-17,1,1,1,491024.65553245286,491024.65553245286,396065,20201013,20201017,0.23296733680905687,0.7203157619169479,0.04671690127399521,0.5205474946472306,3739653.0,0.2446364969883556,0.6990922562931536,0.05627124671849075,0.494610924976595,3587907.0,0.7435109289617486,0.9615384615384616,0.5666580406654343,0.9230769230769231,1,1,1,0,1,0,0,0,0
384111,ZA9,Limpopo,ZA9,Limpopo,ZA934,Vhembe,ZA933,Mopani,2020-10-13,2020-10-19,1,1,1,524471.1312522562,164070.23558444262,511616,20201013,20201019,0.3433867460978093,0.5887604530714541,0.06785280083073665,0.4597374214109392,1325089.0,0.3329418650827259,0.6026296126910996,0.06442852222617454,0.46142626187343905,1062666.0,-0.0767829596412556,0.4230769230769231,-0.037928345626975765,0.4807692307692308,1,1,1,0,1,0,0,0,0
384112,ZA5,KwaZulu-Natal,ZA2,Eastern Cape,ZA521,Ugu,ZA244,Alfred Nzo,2020-10-13,2020-10-14,3,3,3,316174.00549023034,103135.69527351884,61415,20201013,20201014,0.32122674606698143,0.6016982741355622,0.07707497979745637,0.47391596021954596,714019.0,0.40782127157510134,0.5221222097470932,0.07005651867780548,0.4576553946475353,788235.0,-0.09480895915678524,0.40384615384615385,-0.27396673320026615,0.11538461538461539,1,1,1,0,1,0,0,0,0
384113,ZA7,Gauteng,ZA6,North West,ZA799,City of Tshwane,ZA637,Bojanala,2020-10-13,2020-10-14,30,30,30,3575373.365968451,1006644.7256677588,980896,20201013,20201014,0.22283079372412132,0.7204843127840075,0.056684893491871245,0.5057337597223363,3627986.0,0.25082919250139085,0.6903465537718604,0.05882425372674875,0.5380589003726469,1786678.0,0.48224212034383956,0.9038461538461539,0.07430676328502415,0.6538461538461539,1,1,1,0,1,0,0,0,0
384114,ZA5,KwaZulu-Natal,ZA5,KwaZulu-Natal,ZA526,Zululand,ZA528,Uthungulu,2020-10-13,2020-10-30,1,1,1,256365.1866796763,101614.57264310712,1455667,20201013,20201030,0.392497537624586,0.5542130860581069,0.053289376317307055,0.4651401640222711,783796.0,0.3398562749304085,0.6096443299200878,0.05049939514950375,0.4759701217345943,889476.0,-0.2762355212355212,0.09615384615384616,-0.2202014106583072,0.15384615384615385,1,1,1,0,1,0,0,0,0
384115,ZA3,Nothern Cape,ZA3,Nothern Cape,ZA345,John Taolo Gaetsewe,ZA345,John Taolo Gaetsewe,2020-10-13,2020-10-18,1,1,1,117092.72241077396,45001.05214692881,464772,20201013,20201018,0.31986957060536586,0.628082594956317,0.05204783443831712,0.4959027820806741,258224.0,0.31986957060536586,0.628082594956317,0.05204783443831712,0.4959027820806741,258224.0,-0.13480926430517712,0.3076923076923077,-0.13480926430517712,0.3076923076923077,1,1,1,0,1,0,0,0,0
384116,ZA8,Mpumalanga,ZA7,Gauteng,ZA831,Nkangala,ZA797,Ekurhuleni,2020-10-13,2020-10-14,5,5,5,610418.7992103733,257925.4422633156,241443,20201013,20201014,0.27290691475673784,0.6711806877078121,0.055912397535449986,0.5109201270525474,1573837.0,0.23296733680905687,0.7203157619169479,0.04671690127399521,0.5205474946472306,3739653.0,0.07867808219178082,0.6730769230769231,0.7435109289617486,0.9615384615384616,1,1,1,0,1,0,0,0,0
384117,ZA2,Eastern Cape,ZA7,Gauteng,ZA215,O.R.Tambo,ZA797,Ekurhuleni,2020-10-13,2020-10-14,1,1,1,1673048.5616952018,783633.094422551,58002,20201013,20201014,0.38804558548824664,0.5482866433400703,0.06366777117168307,0.4623163104135049,1358678.0,0.23296733680905687,0.7203157619169479,0.04671690127399521,0.5205474946472306,3739653.0,-0.23807536101083035,0.1346153846153846,0.7435109289617486,0.9615384615384616,1,1,1,0,1,0,0,0,0
384118,ZA5,KwaZulu-Natal,ZA5,KwaZulu-Natal,ZA527,Umkhanyakude,ZA595,eThekwini,2020-10-13,2020-10-13,3,3,2,1492796.4739477255,725840.4537158202,24019,20201013,20201013,0.40017378652548197,0.5489306999026919,0.05089551357182606,0.4622270789873748,643318.0,0.2446364969883556,0.6990922562931536,0.05627124671849075,0.494610924976595,3587907.0,-0.31784377542717657,0.038461538461538464,0.5666580406654343,0.9230769230769231,1,1,1,0,1,0,0,0,0
384119,ZA4,Free State,ZA5,KwaZulu-Natal,ZA494,Mangaung,ZA522,Umgungundlovu,2020-10-13,2020-10-13,2,2,2,2379694.750044781,917431.761635018,54765,20201013,20201013,0.26262942751272955,0.6754982029249197,0.06187236956235082,0.4901411892511804,826621.0,0.2748377359932372,0.663873035280183,0.06128922872657978,0.48236181888519014,1046905.0,0.27329104477611943,0.8269230769230769,0.0061256544502617805,0.5769230769230769,1,1,1,0,1,0,0,0,0
384120,ZA1,Western Cape,ZA4,Free State,ZA101,West Coast,ZA494,Mangaung,2020-10-13,2020-10-24,1,1,1,1934864.3006825205,896770.4893354579,1008371,20201013,20201024,0.24466466325617858,0.6852166396976793,0.0701186970461421,0.5060695297345649,497485.0,0.26262942751272955,0.6754982029249197,0.06187236956235082,0.4901411892511804,826621.0,-0.12079976303317536,0.34615384615384615,0.27329104477611943,0.8269230769230769,1,1,1,0,1,0,0,0,0
384121,ZA6,North West,ZA3,Nothern Cape,ZA639,Dr Ruth Segomotsi Mompati,ZA309,Frances Baard,2020-10-13,2020-10-14,3,3,3,145461.44681627653,72026.26195320587,104970,20201013,20201014,0.3412335579082451,0.5850872971649528,0.07367914492680208,0.4911837461796937,473784.0,0.2860169290028057,0.6497360787483951,0.06424699224879928,0.49189928194398214,420580.0,-0.16626678765880218,0.2692307692307692,0.29907801418439717,0.8846153846153846,1,1,1,0,1,0,0,0,0
384122,ZA2,Eastern Cape,ZA2,Eastern Cape,ZA214,Joe Gqabi,ZA213,Chris Hani,2020-10-13,2020-10-13,11,11,10,1917055.713867369,632966.2372026643,214912,20201013,20201013,0.3340471849013029,0.5799636495391386,0.08598916555955849,0.47733103958194023,339473.0,0.334940582305372,0.572656560540376,0.09240285715425203,0.478383232498069,752217.0,-0.1839776119402985,0.21153846153846154,-0.29251697892271666,0.057692307692307696,1,1,1,0,1,0,0,0,0
384123,ZA4,Free State,ZA7,Gauteng,ZA494,Mangaung,ZA742,Sedibeng,2020-10-13,2020-10-13,3,3,3,1709435.8540964,999689.3303694568,61204,20201013,20201013,0.26262942751272955,0.6754982029249197,0.06187236956235082,0.4901411892511804,826621.0,0.24393339879416723,0.6953819961266214,0.06068460507921129,0.5059130831550246,994997.0,0.27329104477611943,0.8269230769230769,0.2808379746835443,0.8461538461538461,1,1,1,0,1,0,0,0,0
384124,ZA6,North West,ZA3,Nothern Cape,ZA639,Dr Ruth Segomotsi Mompati,ZA309,Frances Baard,2020-10-13,2020-10-13,23,23,22,9449116.613147669,1545571.7800061032,362430,20201013,20201013,0.3412335579082451,0.5850872971649528,0.07367914492680208,0.4911837461796937,473784.0,0.2860169290028057,0.6497360787483951,0.06424699224879928,0.49189928194398214,420580.0,-0.16626678765880218,0.2692307692307692,0.29907801418439717,0.8846153846153846,1,1,1,0,1,0,0,0,0
384125,ZA5,KwaZulu-Natal,ZA8,Mpumalanga,ZA529,iLembe,ZA830,Gert Sibande,2020-10-13,2020-10-13,4,4,4,4093857.053198265,1919383.525262968,180609,20201013,20201013,0.32390440311621094,0.6202867780885334,0.05580881879525565,0.4827645772056803,636799.0,0.30688245639051287,0.6412288994160756,0.05188864419341153,0.49968312815881616,1136106.0,-0.14951617873651774,0.28846153846153844,-0.11248741610738255,0.36538461538461536,1,1,1,0,1,0,0,0,0
384126,ZA9,Limpopo,ZA7,Gauteng,ZA934,Vhembe,ZA798,City of Johannesburg,2020-10-13,2020-10-16,1,1,1,590126.3785515381,482100.3548128659,220530,20201013,20201016,0.3433867460978093,0.5887604530714541,0.06785280083073665,0.4597374214109392,1325089.0,0.2220629170143196,0.7299897648810346,0.047947318104645836,0.5097433964893054,5540727.0,-0.0767829596412556,0.4230769230769231,0.8818060606060606,1.0,1,1,1,0,1,0,0,0,0
384127,ZA1,Western Cape,ZA3,Nothern Cape,ZA102,Cape Winelands,ZA308,Z F Mgcawu,2020-10-13,2020-10-13,1,1,1,1614370.759382845,595466.3364268586,32355,20201013,20201013,0.24989252608235304,0.6902123420738123,0.059895131843834624,0.5011121214086944,909523.0,0.27601757542529287,0.6641943181028425,0.059788106471864645,0.5142626583989065,258998.0,-0.012388831437435367,0.5192307692307693,-0.04016603773584906,0.46153846153846156,1,1,1,0,1,0,0,0,0
384128,ZA5,KwaZulu-Natal,ZA5,KwaZulu-Natal,ZA595,eThekwini,ZA525,Amajuba,2020-10-13,2020-10-29,1,1,1,548207.0405839158,264561.3880034038,1429975,20201013,20201029,0.2446364969883556,0.6990922562931536,0.05627124671849075,0.494610924976595,3587907.0,0.3311353387795859,0.6144200377537888,0.05444462346662529,0.48045773982507545,502731.0,0.5666580406654343,0.9230769230769231,-0.16864155251141552,0.25,1,1,1,0,1,0,0,0,0
384129,ZA1,Western Cape,ZA1,Western Cape,ZA103,Overberg,ZA191,City of Cape Town,2020-10-13,2020-10-15,2,2,2,710010.8360797621,342696.7494994175,326836,20201013,20201015,0.22836513904770692,0.6721314716747349,0.09950338927755827,0.511077351980676,303457.0,0.23849582985172932,0.697186217784503,0.06431795236376775,0.4976008771049945,4436413.0,0.051486772486772484,0.5961538461538461,0.7687640750670242,0.9807692307692307,1,1,1,0,1,0,0,0,0
384130,ZA5,KwaZulu-Natal,ZA5,KwaZulu-Natal,ZA526,Zululand,ZA595,eThekwini,2020-10-13,2020-10-14,1,1,1,300202.967256055,148045.2289625433,38830,20201013,20201014,0.392497537624586,0.5542130860581069,0.053289376317307055,0.4651401640222711,783796.0,0.2446364969883556,0.6990922562931536,0.05627124671849075,0.494610924976595,3587907.0,-0.2762355212355212,0.09615384615384616,0.5666580406654343,0.9230769230769231,1,1,1,0,1,0,0,0,0
384131,ZA7,Gauteng,ZA3,Nothern Cape,ZA798,City of Johannesburg,ZA307,Pixley ka Seme,2020-10-13,2020-10-13,2,2,2,3453113.846716856,1372898.021482607,83752,20201013,20201013,0.2220629170143196,0.7299897648810346,0.047947318104645836,0.5097433964893054,5540727.0,0.3060749448635213,0.6232332132979509,0.0706918418385278,0.5011842246002923,196331.0,0.8818060606060606,1.0,0.1854655172413793,0.75,1,1,1,0,1,0,0,0,0
384132,ZA7,Gauteng,ZA4,Free State,ZA798,City of Johannesburg,ZA418,Lejweleputswa,2020-10-13,2020-10-13,3,3,3,1378799.2203751632,779620.1447180385,111119,20201013,20201013,0.2220629170143196,0.7299897648810346,0.047947318104645836,0.5097433964893054,5540727.0,0.27941650281351393,0.6617931601395349,0.058790337046951115,0.500105365269169,574193.0,0.8818060606060606,1.0,0.29495049504950493,0.8653846153846154,1,1,1,0,1,0,0,0,0
384133,ZA8,Mpumalanga,ZA5,KwaZulu-Natal,ZA830,Gert Sibande,ZA525,Amajuba,2020-10-13,2020-10-13,3,3,3,933832.6386849713,338954.4029916933,15191,20201013,20201013,0.30688245639051287,0.6412288994160756,0.05188864419341153,0.49968312815881616,1136106.0,0.3311353387795859,0.6144200377537888,0.05444462346662529,0.48045773982507545,502731.0,-0.11248741610738255,0.36538461538461536,-0.16864155251141552,0.25,1,1,1,0,1,0,0,0,0
384134,ZA4,Free State,ZA6,North West,ZA420,Fezile Dabi,ZA637,Bojanala,2020-10-13,2020-10-13,1,1,1,402787.3232281863,181962.8731673627,31854,20201013,20201013,0.2705098118551487,0.6604572122193,0.06903297592555128,0.5050070807202104,494300.0,0.25082919250139085,0.6903465537718604,0.05882425372674875,0.5380589003726469,1786678.0,0.2276555023923445,0.7884615384615384,0.07430676328502415,0.6538461538461539,1,1,1,0,1,0,0,0,0
384135,ZA2,Eastern Cape,ZA4,Free State,ZA214,Joe Gqabi,ZA494,Mangaung,2020-10-13,2020-10-13,6,6,6,2357824.491577452,1210075.564428769,134242,20201013,20201013,0.3340471849013029,0.5799636495391386,0.08598916555955849,0.47733103958194023,339473.0,0.26262942751272955,0.6754982029249197,0.06187236956235082,0.4901411892511804,826621.0,-0.1839776119402985,0.21153846153846154,0.27329104477611943,0.8269230769230769,1,1,1,0,1,0,0,0,0
384136,ZA2,Eastern Cape,ZA2,Eastern Cape,ZA214,Joe Gqabi,ZA210,Cacadu,2020-10-13,2020-10-13,2,2,2,6395083.847637138,838909.8859226197,63147,20201013,20201013,0.3340471849013029,0.5799636495391386,0.08598916555955849,0.47733103958194023,339473.0,0.2618455236218228,0.6571170870354837,0.08103738934269357,0.4975242081945451,491156.0,-0.1839776119402985,0.21153846153846154,-0.01848062015503876,0.5,1,1,1,0,1,0,0,0,0
384137,ZA7,Gauteng,ZA7,Gauteng,ZA799,City of Tshwane,ZA742,Sedibeng,2020-10-13,2020-10-14,4,4,4,601511.6610740569,301458.67313449027,57327,20201013,20201014,0.22283079372412132,0.7204843127840075,0.056684893491871245,0.5057337597223363,3627986.0,0.24393339879416723,0.6953819961266214,0.06068460507921129,0.5059130831550246,994997.0,0.48224212034383956,0.9038461538461539,0.2808379746835443,0.8461538461538461,1,1,1,0,1,0,0,0,0
384138,ZA6,North West,ZA8,Mpumalanga,ZA637,Bojanala,ZA831,Nkangala,2020-10-13,2020-10-13,4,4,4,1682559.7263589234,847516.9251008669,133764,20201013,20201013,0.25082919250139085,0.6903465537718604,0.05882425372674875,0.5380589003726469,1786678.0,0.27290691475673784,0.6711806877078121,0.055912397535449986,0.5109201270525474,1573837.0,0.07430676328502415,0.6538461538461539,0.07867808219178082,0.6730769230769231,1,1,1,0,1,0,0,0,0
384139,ZA8,Mpumalanga,ZA9,Limpopo,ZA832,Ehlanzeni,ZA947,Sekhukhune,2020-10-13,2020-10-14,2,2,2,293307.75966474845,139439.98682049816,57221,20201013,20201014,0.32438893780700045,0.6235217992770762,0.05208926291592337,0.47979089412028486,1837538.0,0.3536917516859454,0.5707075150199985,0.07560073329405607,0.46486328935523974,1125333.0,0.1315940928270042,0.7307692307692307,-0.06015677966101695,0.4423076923076923,1,1,1,0,1,0,0,0,0
384140,ZA2,Eastern Cape,ZA2,Eastern Cape,ZA214,Joe Gqabi,ZA214,Joe Gqabi,2020-10-13,2020-10-17,1,1,1,184707.9586136414,1305.3684615573804,338780,20201013,20201017,0.3340471849013029,0.5799636495391386,0.08598916555955849,0.47733103958194023,339473.0,0.3340471849013029,0.5799636495391386,0.08598916555955849,0.47733103958194023,339473.0,-0.1839776119402985,0.21153846153846154,-0.1839776119402985,0.21153846153846154,1,1,1,0,1,0,0,0,0
384141,ZA7,Gauteng,ZA6,North West,ZA748,West Rand,ZA638,Ngaka Modiri Molema,2020-10-13,2020-10-13,2,2,2,728647.9383816221,392101.4240214195,16145,20201013,20201013,0.23154887232085752,0.7207832829912092,0.047667844687933295,0.5288128906961219,856804.0,0.3236353449196357,0.6078801705223251,0.06848448455803925,0.4964769205863341,870971.0,0.23715802469135805,0.8076923076923077,-0.18344824707846413,0.23076923076923078,1,1,1,0,1,0,0,0,0
384142,ZA9,Limpopo,ZA9,Limpopo,ZA936,Waterberg,ZA934,Vhembe,2020-10-13,2020-10-13,4,4,4,2372562.359273776,860262.1344121667,94907,20201013,20201013,0.2870915348782833,0.6477210572390478,0.06518740788266879,0.5138960603357211,718513.0,0.3433867460978093,0.5887604530714541,0.06785280083073665,0.4597374214109392,1325089.0,0.00236898395721925,0.5576923076923077,-0.0767829596412556,0.4230769230769231,1,1,1,0,1,0,0,0,0
384143,ZA5,KwaZulu-Natal,ZA5,KwaZulu-Natal,ZA529,iLembe,ZA524,Umzinyathi,2020-10-13,2020-10-13,1,1,1,3871.618916863655,1143.264575148561,17945,20201013,20201013,0.32390440311621094,0.6202867780885334,0.05580881879525565,0.4827645772056803,636799.0,0.3952311253914291,0.5454951881678106,0.05927368644076033,0.451447242842509,514461.0,-0.14951617873651774,0.28846153846153844,-0.28225945945945946,0.07692307692307693,1,1,1,0,1,0,0,0,0
384144,ZA7,Gauteng,ZA9,Limpopo,ZA799,City of Tshwane,ZA947,Sekhukhune,2020-10-13,2020-10-13,10,10,10,3665049.461579118,1773970.6175974454,244884,20201013,20201013,0.22283079372412132,0.7204843127840075,0.056684893491871245,0.5057337597223363,3627986.0,0.3536917516859454,0.5707075150199985,0.07560073329405607,0.46486328935523974,1125333.0,0.48224212034383956,0.9038461538461539,-0.06015677966101695,0.4423076923076923,1,1,1,0,1,0,0,0,0
384145,ZA7,Gauteng,ZA5,KwaZulu-Natal,ZA748,West Rand,ZA521,Ugu,2020-10-13,2020-10-13,1,1,1,1142516.075430964,571084.647338003,5483,20201013,20201013,0.23154887232085752,0.7207832829912092,0.047667844687933295,0.5288128906961219,856804.0,0.32122674606698143,0.6016982741355622,0.07707497979745637,0.47391596021954596,714019.0,0.23715802469135805,0.8076923076923077,-0.09480895915678524,0.40384615384615385,1,1,1,0,1,0,0,0,0
384146,ZA7,Gauteng,ZA6,North West,ZA799,City of Tshwane,ZA638,Ngaka Modiri Molema,2020-10-13,2020-10-21,1,1,1,446176.9231116592,207835.34410334757,660578,20201013,20201021,0.22283079372412132,0.7204843127840075,0.056684893491871245,0.5057337597223363,3627986.0,0.3236353449196357,0.6078801705223251,0.06848448455803925,0.4964769205863341,870971.0,0.48224212034383956,0.9038461538461539,-0.18344824707846413,0.23076923076923078,1,1,1,0,1,0,0,0,0
384147,ZA5,KwaZulu-Natal,,,ZA521,Ugu,,,2020-10-13,2020-10-13,6,6,3,98297.80575345572,16515.930317103193,70971,20201013,20201013,0.32122674606698143,0.6016982741355622,0.07707497979745637,0.47391596021954596,714019.0,,,,,,-0.09480895915678524,0.40384615384615385,,,1,1,1,0,1,0,0,0,0
384148,ZA6,North West,ZA7,Gauteng,ZA640,Dr Kenneth Kaunda,ZA799,City of Tshwane,2020-10-13,2020-10-13,17,17,17,9152520.74724881,3234366.9137721136,338232,20201013,20201013,0.27505895171327793,0.6602340041700301,0.06470704411669191,0.5065976875287468,754431.0,0.22283079372412132,0.7204843127840075,0.056684893491871245,0.5057337597223363,3627986.0,-0.10069384057971015,0.38461538461538464,0.48224212034383956,0.9038461538461539,1,1,1,0,1,0,0,0,0
384150,ZA7,Gauteng,ZA5,KwaZulu-Natal,ZA742,Sedibeng,ZA595,eThekwini,2020-10-13,2020-10-13,1,1,1,462682.07649802335,462682.07649802335,31204,20201013,20201013,0.24393339879416723,0.6953819961266214,0.06068460507921129,0.5059130831550246,994997.0,0.2446364969883556,0.6990922562931536,0.05627124671849075,0.494610924976595,3587907.0,0.2808379746835443,0.8461538461538461,0.5666580406654343,0.9230769230769231,1,1,1,0,1,0,0,0,0
384151,ZA7,Gauteng,ZA5,KwaZulu-Natal,ZA799,City of Tshwane,ZA529,iLembe,2020-10-13,2020-10-30,1,1,1,641736.9461914573,510630.93914593593,1484079,20201013,20201030,0.22283079372412132,0.7204843127840075,0.056684893491871245,0.5057337597223363,3627986.0,0.32390440311621094,0.6202867780885334,0.05580881879525565,0.4827645772056803,636799.0,0.48224212034383956,0.9038461538461539,-0.14951617873651774,0.28846153846153844,1,1,1,0,1,0,0,0,0
384152,ZA3,Nothern Cape,ZA5,KwaZulu-Natal,ZA307,Pixley ka Seme,ZA522,Umgungundlovu,2020-10-13,2020-10-14,1,1,1,586618.7372115984,586618.7372115984,62116,20201013,20201014,0.3060749448635213,0.6232332132979509,0.0706918418385278,0.5011842246002923,196331.0,0.2748377359932372,0.663873035280183,0.06128922872657978,0.48236181888519014,1046905.0,0.1854655172413793,0.75,0.0061256544502617805,0.5769230769230769,1,1,1,0,1,0,0,0,0
384153,ZA1,Western Cape,ZA1,Western Cape,ZA104,Eden,ZA102,Cape Winelands,2020-10-13,2020-10-13,9,9,9,9617777.203562643,2322142.9499667785,266674,20201013,20201013,0.24710205256745305,0.6628052101466374,0.09009273728590954,0.4993180863678119,673839.0,0.24989252608235304,0.6902123420738123,0.059895131843834624,0.5011121214086944,909523.0,0.0004522691705790296,0.5384615384615384,-0.012388831437435367,0.5192307692307693,1,1,1,0,1,0,0,0,0
384154,ZA9,Limpopo,ZA9,Limpopo,ZA947,Sekhukhune,ZA936,Waterberg,2020-10-13,2020-10-13,7,7,7,1289508.8144924878,580743.0417443373,112383,20201013,20201013,0.3536917516859454,0.5707075150199985,0.07560073329405607,0.46486328935523974,1125333.0,0.2870915348782833,0.6477210572390478,0.06518740788266879,0.5138960603357211,718513.0,-0.06015677966101695,0.4423076923076923,0.00236898395721925,0.5576923076923077,1,1,1,0,1,0,0,0,0
384155,ZA9,Limpopo,ZA7,Gauteng,ZA934,Vhembe,ZA799,City of Tshwane,2020-10-13,2020-10-14,1,1,1,1139966.5063142332,407430.0729567824,56987,20201013,20201014,0.3433867460978093,0.5887604530714541,0.06785280083073665,0.4597374214109392,1325089.0,0.22283079372412132,0.7204843127840075,0.056684893491871245,0.5057337597223363,3627986.0,-0.0767829596412556,0.4230769230769231,0.48224212034383956,0.9038461538461539,1,1,1,0,1,0,0,0,0
384156,ZA2,Eastern Cape,ZA2,Eastern Cape,ZA292,Buffalo City,ZA293,Nelson Mandela Bay,2020-10-13,2020-10-13,8,8,8,6794011.688280306,2180893.420007248,216627,20201013,20201013,0.254980022080858,0.6758306608485358,0.06918931707060617,0.48177934914042375,760840.0,0.2465186661259611,0.6842154879637478,0.0692658459102911,0.4877654529777138,1230491.0,0.09585175879396986,0.6923076923076923,0.5740514018691588,0.9423076923076923,1,1,1,0,1,0,0,0,0
384157,ZA5,KwaZulu-Natal,ZA4,Free State,ZA595,eThekwini,ZA419,Thabo Mofutsanyane,2020-10-13,2020-10-13,1,1,1,503178.393381121,259851.44986056225,31182,20201013,20201013,0.2446364969883556,0.6990922562931536,0.05627124671849075,0.494610924976595,3587907.0,0.31143326559338835,0.6251823622683981,0.06338437213821363,0.47028720831466336,662829.0,0.5666580406654343,0.9230769230769231,0.10770218579234972,0.7115384615384616,1,1,1,0,1,0,0,0,0
384158,ZA5,KwaZulu-Natal,ZA5,KwaZulu-Natal,ZA528,Uthungulu,ZA521,Ugu,2020-10-13,2020-10-23,1,1,1,286090.2380444416,277869.08339645603,919342,20201013,20201023,0.3398562749304085,0.6096443299200878,0.05049939514950375,0.4759701217345943,889476.0,0.32122674606698143,0.6016982741355622,0.07707497979745637,0.47391596021954596,714019.0,-0.2202014106583072,0.15384615384615385,-0.09480895915678524,0.40384615384615385,1,1,1,0,1,0,0,0,0
384159,ZA7,Gauteng,ZA4,Free State,ZA797,Ekurhuleni,ZA420,Fezile Dabi,2020-10-13,2020-10-13,19,19,18,6585390.991555537,2401211.2981662485,396794,20201013,20201013,0.23296733680905687,0.7203157619169479,0.04671690127399521,0.5205474946472306,3739653.0,0.2705098118551487,0.6604572122193,0.06903297592555128,0.5050070807202104,494300.0,0.7435109289617486,0.9615384615384616,0.2276555023923445,0.7884615384615384,1,1,1,0,1,0,0,0,0
384160,ZA9,Limpopo,ZA7,Gauteng,ZA936,Waterberg,ZA798,City of Johannesburg,2020-10-13,2020-10-13,7,7,7,3896033.8602854353,1446877.099768332,206432,20201013,20201013,0.2870915348782833,0.6477210572390478,0.06518740788266879,0.5138960603357211,718513.0,0.2220629170143196,0.7299897648810346,0.047947318104645836,0.5097433964893054,5540727.0,0.00236898395721925,0.5576923076923077,0.8818060606060606,1.0,1,1,1,0,1,0,0,0,0
384161,ZA4,Free State,ZA4,Free State,ZA420,Fezile Dabi,ZA418,Lejweleputswa,2020-10-13,2020-10-14,5,5,5,648928.0737247224,321167.7213697209,126369,20201013,20201014,0.2705098118551487,0.6604572122193,0.06903297592555128,0.5050070807202104,494300.0,0.27941650281351393,0.6617931601395349,0.058790337046951115,0.500105365269169,574193.0,0.2276555023923445,0.7884615384615384,0.29495049504950493,0.8653846153846154,1,1,1,0,1,0,0,0,0
384162,ZA5,KwaZulu-Natal,ZA5,KwaZulu-Natal,ZA529,iLembe,ZA521,Ugu,2020-10-13,2020-10-13,2,2,2,680468.062712308,335071.32034290244,67573,20201013,20201013,0.32390440311621094,0.6202867780885334,0.05580881879525565,0.4827645772056803,636799.0,0.32122674606698143,0.6016982741355622,0.07707497979745637,0.47391596021954596,714019.0,-0.14951617873651774,0.28846153846153844,-0.09480895915678524,0.40384615384615385,1,1,1,0,1,0,0,0,0
384163,ZA7,Gauteng,ZA4,Free State,ZA799,City of Tshwane,ZA420,Fezile Dabi,2020-10-13,2020-10-13,9,9,9,3301104.867488528,1577224.2517746396,213122,20201013,20201013,0.22283079372412132,0.7204843127840075,0.056684893491871245,0.5057337597223363,3627986.0,0.2705098118551487,0.6604572122193,0.06903297592555128,0.5050070807202104,494300.0,0.48224212034383956,0.9038461538461539,0.2276555023923445,0.7884615384615384,1,1,1,0,1,0,0,0,0
384164,ZA5,KwaZulu-Natal,ZA5,KwaZulu-Natal,ZA522,Umgungundlovu,ZA524,Umzinyathi,2020-10-13,2020-10-14,2,2,2,512521.1106911006,280724.7339343042,34797,20201013,20201014,0.2748377359932372,0.663873035280183,0.06128922872657978,0.48236181888519014,1046905.0,0.3952311253914291,0.5454951881678106,0.05927368644076033,0.451447242842509,514461.0,0.0061256544502617805,0.5769230769230769,-0.28225945945945946,0.07692307692307693,1,1,1,0,1,0,0,0,0
384165,ZA4,Free State,ZA5,KwaZulu-Natal,ZA420,Fezile Dabi,ZA595,eThekwini,2020-10-13,2020-10-13,1,1,1,959489.9086916944,462327.17064071854,29794,20201013,20201013,0.2705098118551487,0.6604572122193,0.06903297592555128,0.5050070807202104,494300.0,0.2446364969883556,0.6990922562931536,0.05627124671849075,0.494610924976595,3587907.0,0.2276555023923445,0.7884615384615384,0.5666580406654343,0.9230769230769231,1,1,1,0,1,0,0,0,0
384166,ZA4,Free State,ZA4,Free State,ZA419,Thabo Mofutsanyane,ZA416,Xhariep,2020-10-13,2020-10-22,1,1,1,691975.3389721694,313012.66387500934,789191,20201013,20201022,0.31143326559338835,0.6251823622683981,0.06338437213821363,0.47028720831466336,662829.0,0.29515218562959183,0.6325513667867511,0.07229644758365718,0.5005153225730198,105759.0,0.10770218579234972,0.7115384615384616,0.18671264367816093,0.7692307692307693,1,1,1,0,1,0,0,0,0
384167,ZA1,Western Cape,ZA1,Western Cape,ZA191,City of Cape Town,ZA103,Overberg,2020-10-13,2020-10-14,11,11,11,1620136.2309611705,765141.6296802473,387058,20201013,20201014,0.23849582985172932,0.697186217784503,0.06431795236376775,0.4976008771049945,4436413.0,0.22836513904770692,0.6721314716747349,0.09950338927755827,0.511077351980676,303457.0,0.7687640750670242,0.9807692307692307,0.051486772486772484,0.5961538461538461,1,1,1,0,1,0,0,0,0
384168,ZA7,Gauteng,ZA3,Nothern Cape,ZA748,West Rand,ZA307,Pixley ka Seme,2020-10-13,2020-10-13,1,1,1,1202718.6688415338,570271.8896050827,36867,20201013,20201013,0.23154887232085752,0.7207832829912092,0.047667844687933295,0.5288128906961219,856804.0,0.3060749448635213,0.6232332132979509,0.0706918418385278,0.5011842246002923,196331.0,0.23715802469135805,0.8076923076923077,0.1854655172413793,0.75,1,1,1,0,1,0,0,0,0
384169,ZA7,Gauteng,ZA6,North West,ZA798,City of Johannesburg,ZA640,Dr Kenneth Kaunda,2020-10-13,2020-10-14,1,1,1,875018.1658859595,361549.8518598467,57511,20201013,20201014,0.2220629170143196,0.7299897648810346,0.047947318104645836,0.5097433964893054,5540727.0,0.27505895171327793,0.6602340041700301,0.06470704411669191,0.5065976875287468,754431.0,0.8818060606060606,1.0,-0.10069384057971015,0.38461538461538464,1,1,1,0,1,0,0,0,0
384170,ZA8,Mpumalanga,ZA9,Limpopo,ZA832,Ehlanzeni,ZA933,Mopani,2020-10-13,2020-10-14,1,1,1,127877.8386553184,126258.67716986177,90024,20201013,20201014,0.32438893780700045,0.6235217992770762,0.05208926291592337,0.47979089412028486,1837538.0,0.3329418650827259,0.6026296126910996,0.06442852222617454,0.46142626187343905,1062666.0,0.1315940928270042,0.7307692307692307,-0.037928345626975765,0.4807692307692308,1,1,1,0,1,0,0,0,0
384171,ZA2,Eastern Cape,ZA2,Eastern Cape,ZA293,Nelson Mandela Bay,ZA292,Buffalo City,2020-10-13,2020-10-15,1,1,1,419058.90615030495,205039.600698101,132434,20201013,20201015,0.2465186661259611,0.6842154879637478,0.0692658459102911,0.4877654529777138,1230491.0,0.254980022080858,0.6758306608485358,0.06918931707060617,0.48177934914042375,760840.0,0.5740514018691588,0.9423076923076923,0.09585175879396986,0.6923076923076923,1,1,1,0,1,0,0,0,0
384172,ZA4,Free State,ZA2,Eastern Cape,ZA494,Mangaung,ZA210,Cacadu,2020-10-13,2020-10-13,2,2,2,4148766.6145964335,772366.1026893753,60704,20201013,20201013,0.26262942751272955,0.6754982029249197,0.06187236956235082,0.4901411892511804,826621.0,0.2618455236218228,0.6571170870354837,0.08103738934269357,0.4975242081945451,491156.0,0.27329104477611943,0.8269230769230769,-0.01848062015503876,0.5,1,1,1,0,1,0,0,0,0
384173,ZA2,Eastern Cape,ZA2,Eastern Cape,ZA215,O.R.Tambo,ZA210,Cacadu,2020-10-13,2020-10-15,1,1,1,420512.94813676825,301278.27437297924,142472,20201013,20201015,0.38804558548824664,0.5482866433400703,0.06366777117168307,0.4623163104135049,1358678.0,0.2618455236218228,0.6571170870354837,0.08103738934269357,0.4975242081945451,491156.0,-0.23807536101083035,0.1346153846153846,-0.01848062015503876,0.5,1,1,1,0,1,0,0,0,0
384174,ZA5,KwaZulu-Natal,ZA5,KwaZulu-Natal,ZA524,Umzinyathi,ZA523,Uthukela,2020-10-13,2020-10-13,5,5,5,630356.0261945674,270521.7807797285,71552,20201013,20201013,0.3952311253914291,0.5454951881678106,0.05927368644076033,0.451447242842509,514461.0,0.36014331224838336,0.5864396074090654,0.05341708034255123,0.46782833191779016,652282.0,-0.28225945945945946,0.07692307692307693,-0.19841226215644822,0.19230769230769232,1,1,1,0,1,0,0,0,0
384175,ZA5,KwaZulu-Natal,ZA5,KwaZulu-Natal,ZA595,eThekwini,ZA522,Umgungundlovu,2020-10-13,2020-10-14,12,12,12,1452610.604943039,698645.6060663764,391331,20201013,20201014,0.2446364969883556,0.6990922562931536,0.05627124671849075,0.494610924976595,3587907.0,0.2748377359932372,0.663873035280183,0.06128922872657978,0.48236181888519014,1046905.0,0.5666580406654343,0.9230769230769231,0.0061256544502617805,0.5769230769230769,1,1,1,0,1,0,0,0,0
384176,ZA5,KwaZulu-Natal,ZA7,Gauteng,ZA595,eThekwini,ZA798,City of Johannesburg,2020-10-13,2020-10-16,1,1,1,1117482.1254767766,512442.1938200238,274676,20201013,20201016,0.2446364969883556,0.6990922562931536,0.05627124671849075,0.494610924976595,3587907.0,0.2220629170143196,0.7299897648810346,0.047947318104645836,0.5097433964893054,5540727.0,0.5666580406654343,0.9230769230769231,0.8818060606060606,1.0,1,1,1,0,1,0,0,0,0
384177,ZA4,Free State,ZA2,Eastern Cape,ZA494,Mangaung,ZA214,Joe Gqabi,2020-10-13,2020-10-13,4,4,4,2902744.7401052844,868098.5305941,96201,20201013,20201013,0.26262942751272955,0.6754982029249197,0.06187236956235082,0.4901411892511804,826621.0,0.3340471849013029,0.5799636495391386,0.08598916555955849,0.47733103958194023,339473.0,0.27329104477611943,0.8269230769230769,-0.1839776119402985,0.21153846153846154,1,1,1,0,1,0,0,0,0
384178,ZA5,KwaZulu-Natal,ZA7,Gauteng,ZA529,iLembe,ZA798,City of Johannesburg,2020-10-13,2020-10-13,2,2,2,2275687.605609273,970335.9403747208,58035,20201013,20201013,0.32390440311621094,0.6202867780885334,0.05580881879525565,0.4827645772056803,636799.0,0.2220629170143196,0.7299897648810346,0.047947318104645836,0.5097433964893054,5540727.0,-0.14951617873651774,0.28846153846153844,0.8818060606060606,1.0,1,1,1,0,1,0,0,0,0
384179,ZA8,Mpumalanga,ZA7,Gauteng,ZA830,Gert Sibande,ZA798,City of Johannesburg,2020-10-13,2020-10-13,10,10,10,3486121.59091742,1696734.087438006,187213,20201013,20201013,0.30688245639051287,0.6412288994160756,0.05188864419341153,0.49968312815881616,1136106.0,0.2220629170143196,0.7299897648810346,0.047947318104645836,0.5097433964893054,5540727.0,-0.11248741610738255,0.36538461538461536,0.8818060606060606,1.0,1,1,1,0,1,0,0,0,0
384180,ZA7,Gauteng,ZA8,Mpumalanga,ZA797,Ekurhuleni,ZA830,Gert Sibande,2020-10-13,2020-10-14,1,1,1,256366.1195622233,128310.10533118415,106177,20201013,20201014,0.23296733680905687,0.7203157619169479,0.04671690127399521,0.5205474946472306,3739653.0,0.30688245639051287,0.6412288994160756,0.05188864419341153,0.49968312815881616,1136106.0,0.7435109289617486,0.9615384615384616,-0.11248741610738255,0.36538461538461536,1,1,1,0,1,0,0,0,0
384181,ZA1,Western Cape,ZA7,Gauteng,ZA191,City of Cape Town,ZA797,Ekurhuleni,2020-10-13,2020-10-14,1,1,1,2156532.340239161,1257895.1360639716,34573,20201013,20201014,0.23849582985172932,0.697186217784503,0.06431795236376775,0.4976008771049945,4436413.0,0.23296733680905687,0.7203157619169479,0.04671690127399521,0.5205474946472306,3739653.0,0.7687640750670242,0.9807692307692307,0.7435109289617486,0.9615384615384616,1,1,1,0,1,0,0,0,0
384182,ZA1,Western Cape,ZA1,Western Cape,ZA101,West Coast,ZA191,City of Cape Town,2020-10-13,2020-10-15,1,1,1,143834.00795326708,143727.41521193206,211052,20201013,20201015,0.24466466325617858,0.6852166396976793,0.0701186970461421,0.5060695297345649,497485.0,0.23849582985172932,0.697186217784503,0.06431795236376775,0.4976008771049945,4436413.0,-0.12079976303317536,0.34615384615384615,0.7687640750670242,0.9807692307692307,1,1,1,0,1,0,0,0,0
384183,ZA1,Western Cape,ZA1,Western Cape,ZA104,Eden,ZA103,Overberg,2020-10-13,2020-10-13,11,11,11,14396442.075323734,1991915.2865453784,202976,20201013,20201013,0.24710205256745305,0.6628052101466374,0.09009273728590954,0.4993180863678119,673839.0,0.22836513904770692,0.6721314716747349,0.09950338927755827,0.511077351980676,303457.0,0.0004522691705790296,0.5384615384615384,0.051486772486772484,0.5961538461538461,1,1,1,0,1,0,0,0,0
384184,ZA1,Western Cape,ZA2,Eastern Cape,ZA191,City of Cape Town,ZA210,Cacadu,2020-10-13,2020-10-13,6,6,6,9117733.194221778,3589275.796374105,194606,20201013,20201013,0.23849582985172932,0.697186217784503,0.06431795236376775,0.4976008771049945,4436413.0,0.2618455236218228,0.6571170870354837,0.08103738934269357,0.4975242081945451,491156.0,0.7687640750670242,0.9807692307692307,-0.01848062015503876,0.5,1,1,1,0,1,0,0,0,0
384185,ZA1,Western Cape,ZA7,Gauteng,ZA102,Cape Winelands,ZA798,City of Johannesburg,2020-10-13,2020-10-13,1,1,1,2688535.180779713,1259325.2683338309,31084,20201013,20201013,0.24989252608235304,0.6902123420738123,0.059895131843834624,0.5011121214086944,909523.0,0.2220629170143196,0.7299897648810346,0.047947318104645836,0.5097433964893054,5540727.0,-0.012388831437435367,0.5192307692307693,0.8818060606060606,1.0,1,1,1,0,1,0,0,0,0
384186,ZA7,Gauteng,ZA4,Free State,ZA798,City of Johannesburg,ZA419,Thabo Mofutsanyane,2020-10-13,2020-10-13,6,6,6,3622319.517321528,1726470.149446587,140119,20201013,20201013,0.2220629170143196,0.7299897648810346,0.047947318104645836,0.5097433964893054,5540727.0,0.31143326559338835,0.6251823622683981,0.06338437213821363,0.47028720831466336,662829.0,0.8818060606060606,1.0,0.10770218579234972,0.7115384615384616,1,1,1,0,1,0,0,0,0
384187,ZA1,Western Cape,ZA1,Western Cape,ZA101,West Coast,ZA102,Cape Winelands,2020-10-13,2020-10-13,22,22,22,2777914.1594617595,1306564.304862775,302203,20201013,20201013,0.24466466325617858,0.6852166396976793,0.0701186970461421,0.5060695297345649,497485.0,0.24989252608235304,0.6902123420738123,0.059895131843834624,0.5011121214086944,909523.0,-0.12079976303317536,0.34615384615384615,-0.012388831437435367,0.5192307692307693,1,1,1,0,1,0,0,0,0
384188,ZA2,Eastern Cape,ZA1,Western Cape,ZA293,Nelson Mandela Bay,ZA191,City of Cape Town,2020-10-13,2020-10-14,2,2,2,2757318.1376775764,1403229.051277256,158623,20201013,20201014,0.2465186661259611,0.6842154879637478,0.0692658459102911,0.4877654529777138,1230491.0,0.23849582985172932,0.697186217784503,0.06431795236376775,0.4976008771049945,4436413.0,0.5740514018691588,0.9423076923076923,0.7687640750670242,0.9807692307692307,1,1,1,0,1,0,0,0,0
384189,ZA6,North West,ZA6,North West,ZA640,Dr Kenneth Kaunda,ZA637,Bojanala,2020-10-13,2020-10-13,15,15,15,5613282.926050084,2566698.534964109,327738,20201013,20201013,0.27505895171327793,0.6602340041700301,0.06470704411669191,0.5065976875287468,754431.0,0.25082919250139085,0.6903465537718604,0.05882425372674875,0.5380589003726469,1786678.0,-0.10069384057971015,0.38461538461538464,0.07430676328502415,0.6538461538461539,1,1,1,0,1,0,0,0,0
384190,ZA9,Limpopo,ZA6,North West,ZA933,Mopani,ZA637,Bojanala,2020-10-13,2020-10-15,1,1,1,1428969.166686304,314768.0562140627,142530,20201013,20201015,0.3329418650827259,0.6026296126910996,0.06442852222617454,0.46142626187343905,1062666.0,0.25082919250139085,0.6903465537718604,0.05882425372674875,0.5380589003726469,1786678.0,-0.037928345626975765,0.4807692307692308,0.07430676328502415,0.6538461538461539,1,1,1,0,1,0,0,0,0
384191,ZA6,North West,ZA7,Gauteng,ZA638,Ngaka Modiri Molema,ZA797,Ekurhuleni,2020-10-13,2020-10-13,4,4,4,2055254.402222599,1012217.421829762,104356,20201013,20201013,0.3236353449196357,0.6078801705223251,0.06848448455803925,0.4964769205863341,870971.0,0.23296733680905687,0.7203157619169479,0.04671690127399521,0.5205474946472306,3739653.0,-0.18344824707846413,0.23076923076923078,0.7435109289617486,0.9615384615384616,1,1,1,0,1,0,0,0,0
384192,ZA7,Gauteng,ZA9,Limpopo,ZA798,City of Johannesburg,ZA935,Capricorn,2020-10-13,2020-10-13,5,5,5,5765028.973717608,1491286.947066998,151907,20201013,20201013,0.2220629170143196,0.7299897648810346,0.047947318104645836,0.5097433964893054,5540727.0,0.3265897738288558,0.6007690312860821,0.07264119488506209,0.472231826966417,1295656.0,0.8818060606060606,1.0,0.07397387387387387,0.6346153846153846,1,1,1,0,1,0,0,0,0
384193,ZA2,Eastern Cape,ZA2,Eastern Cape,ZA244,Alfred Nzo,ZA215,O.R.Tambo,2020-10-13,2020-10-13,5,5,5,795204.5575879641,411253.8696213407,71295,20201013,20201013,0.40782127157510134,0.5221222097470932,0.07005651867780548,0.4576553946475353,788235.0,0.38804558548824664,0.5482866433400703,0.06366777117168307,0.4623163104135049,1358678.0,-0.27396673320026615,0.11538461538461539,-0.23807536101083035,0.1346153846153846,1,1,1,0,1,0,0,0,0
384194,ZA6,North West,ZA9,Limpopo,ZA640,Dr Kenneth Kaunda,ZA934,Vhembe,2020-10-13,2020-10-13,1,1,1,1148158.1713535571,577915.1029595956,39073,20201013,20201013,0.27505895171327793,0.6602340041700301,0.06470704411669191,0.5065976875287468,754431.0,0.3433867460978093,0.5887604530714541,0.06785280083073665,0.4597374214109392,1325089.0,-0.10069384057971015,0.38461538461538464,-0.0767829596412556,0.4230769230769231,1,1,1,0,1,0,0,0,0
384195,ZA6,North West,ZA7,Gauteng,ZA640,Dr Kenneth Kaunda,ZA797,Ekurhuleni,2020-10-13,2020-10-14,1,1,1,605372.9692662618,114968.919512564,55588,20201013,20201014,0.27505895171327793,0.6602340041700301,0.06470704411669191,0.5065976875287468,754431.0,0.23296733680905687,0.7203157619169479,0.04671690127399521,0.5205474946472306,3739653.0,-0.10069384057971015,0.38461538461538464,0.7435109289617486,0.9615384615384616,1,1,1,0,1,0,0,0,0
384196,ZA5,KwaZulu-Natal,ZA5,KwaZulu-Natal,ZA528,Uthungulu,ZA529,iLembe,2020-10-13,2020-10-13,14,14,14,3944017.6379182152,1152393.0448849448,235918,20201013,20201013,0.3398562749304085,0.6096443299200878,0.05049939514950375,0.4759701217345943,889476.0,0.32390440311621094,0.6202867780885334,0.05580881879525565,0.4827645772056803,636799.0,-0.2202014106583072,0.15384615384615385,-0.14951617873651774,0.28846153846153844,1,1,1,0,1,0,0,0,0
384197,ZA5,KwaZulu-Natal,ZA5,KwaZulu-Natal,ZA528,Uthungulu,ZA527,Umkhanyakude,2020-10-13,2020-10-13,9,9,9,1457838.6632068246,491591.7822551909,83561,20201013,20201013,0.3398562749304085,0.6096443299200878,0.05049939514950375,0.4759701217345943,889476.0,0.40017378652548197,0.5489306999026919,0.05089551357182606,0.4622270789873748,643318.0,-0.2202014106583072,0.15384615384615385,-0.31784377542717657,0.038461538461538464,1,1,1,0,1,0,0,0,0
384198,ZA8,Mpumalanga,ZA7,Gauteng,ZA832,Ehlanzeni,ZA798,City of Johannesburg,2020-10-13,2020-10-13,7,7,7,4038898.30811354,2315529.236291321,195614,20201013,20201013,0.32438893780700045,0.6235217992770762,0.05208926291592337,0.47979089412028486,1837538.0,0.2220629170143196,0.7299897648810346,0.047947318104645836,0.5097433964893054,5540727.0,0.1315940928270042,0.7307692307692307,0.8818060606060606,1.0,1,1,1,0,1,0,0,0,0
384199,ZA1,Western Cape,ZA1,Western Cape,ZA104,Eden,ZA101,West Coast,2020-10-13,2020-10-13,2,2,2,1496955.3587005823,1072965.402778112,71051,20201013,20201013,0.24710205256745305,0.6628052101466374,0.09009273728590954,0.4993180863678119,673839.0,0.24466466325617858,0.6852166396976793,0.0701186970461421,0.5060695297345649,497485.0,0.0004522691705790296,0.5384615384615384,-0.12079976303317536,0.34615384615384615,1,1,1,0,1,0,0,0,0
384200,ZA2,Eastern Cape,ZA2,Eastern Cape,ZA210,Cacadu,ZA212,Amathole,2020-10-13,2020-10-13,6,6,6,3967847.7439443856,1026090.772943492,139774,20201013,20201013,0.2618455236218228,0.6571170870354837,0.08103738934269357,0.4975242081945451,491156.0,0.32816698449842097,0.5696178168124134,0.1022151986891656,0.47434426623917664,789726.0,-0.01848062015503876,0.5,-0.3192883211678832,0.019230769230769232,1,1,1,0,1,0,0,0,0
384201,ZA5,KwaZulu-Natal,ZA5,KwaZulu-Natal,ZA525,Amajuba,ZA523,Uthukela,2020-10-13,2020-10-13,3,3,3,1167389.4198096355,297633.90831516864,16665,20201013,20201013,0.3311353387795859,0.6144200377537888,0.05444462346662529,0.48045773982507545,502731.0,0.36014331224838336,0.5864396074090654,0.05341708034255123,0.46782833191779016,652282.0,-0.16864155251141552,0.25,-0.19841226215644822,0.19230769230769232,1,1,1,0,1,0,0,0,0
384202,ZA7,Gauteng,ZA8,Mpumalanga,ZA797,Ekurhuleni,ZA831,Nkangala,2020-10-13,2020-10-14,7,7,7,1023923.1294074284,464342.8535821445,245168,20201013,20201014,0.23296733680905687,0.7203157619169479,0.04671690127399521,0.5205474946472306,3739653.0,0.27290691475673784,0.6711806877078121,0.055912397535449986,0.5109201270525474,1573837.0,0.7435109289617486,0.9615384615384616,0.07867808219178082,0.6730769230769231,1,1,1,0,1,0,0,0,0
384203,ZA7,Gauteng,ZA1,Western Cape,ZA799,City of Tshwane,ZA191,City of Cape Town,2020-10-13,2020-10-13,3,3,3,6731088.132593267,3861163.840058117,106112,20201013,20201013,0.22283079372412132,0.7204843127840075,0.056684893491871245,0.5057337597223363,3627986.0,0.23849582985172932,0.697186217784503,0.06431795236376775,0.4976008771049945,4436413.0,0.48224212034383956,0.9038461538461539,0.7687640750670242,0.9807692307692307,1,1,1,0,1,0,0,0,0
384204,ZA9,Limpopo,ZA8,Mpumalanga,ZA936,Waterberg,ZA831,Nkangala,2020-10-13,2020-10-13,9,9,8,2005637.3386573,708769.6209200905,90040,20201013,20201013,0.2870915348782833,0.6477210572390478,0.06518740788266879,0.5138960603357211,718513.0,0.27290691475673784,0.6711806877078121,0.055912397535449986,0.5109201270525474,1573837.0,0.00236898395721925,0.5576923076923077,0.07867808219178082,0.6730769230769231,1,1,1,0,1,0,0,0,0
384205,ZA2,Eastern Cape,ZA5,KwaZulu-Natal,ZA215,O.R.Tambo,ZA595,eThekwini,2020-10-13,2020-10-13,1,1,1,526616.4020358133,243840.97958262512,32405,20201013,20201013,0.38804558548824664,0.5482866433400703,0.06366777117168307,0.4623163104135049,1358678.0,0.2446364969883556,0.6990922562931536,0.05627124671849075,0.494610924976595,3587907.0,-0.23807536101083035,0.1346153846153846,0.5666580406654343,0.9230769230769231,1,1,1,0,1,0,0,0,0
384206,ZA2,Eastern Cape,ZA2,Eastern Cape,ZA214,Joe Gqabi,ZA244,Alfred Nzo,2020-10-13,2020-10-13,1,1,1,127531.4412194446,78804.12731676175,2620,20201013,20201013,0.3340471849013029,0.5799636495391386,0.08598916555955849,0.47733103958194023,339473.0,0.40782127157510134,0.5221222097470932,0.07005651867780548,0.4576553946475353,788235.0,-0.1839776119402985,0.21153846153846154,-0.27396673320026615,0.11538461538461539,1,1,1,0,1,0,0,0,0
384207,ZA3,Nothern Cape,ZA3,Nothern Cape,ZA309,Frances Baard,ZA307,Pixley ka Seme,2020-10-13,2020-10-14,1,1,1,847710.6099514782,278886.3337168047,61408,20201013,20201014,0.2860169290028057,0.6497360787483951,0.06424699224879928,0.49189928194398214,420580.0,0.3060749448635213,0.6232332132979509,0.0706918418385278,0.5011842246002923,196331.0,0.29907801418439717,0.8846153846153846,0.1854655172413793,0.75,1,1,1,0,1,0,0,0,0
384208,ZA1,Western Cape,ZA3,Nothern Cape,ZA105,Central Karoo,ZA306,Namakwa,2020-10-13,2020-10-13,3,3,3,509137.7266435471,289733.8956870676,80574,20201013,20201013,0.29415328297801036,0.633639246216906,0.07220747080508365,0.4979247763656518,77582.0,0.2479438366342976,0.6592106724059887,0.09284549095971371,0.5132337492633683,117087.0,-0.12604477611940298,0.3269230769230769,0.06505633802816901,0.6153846153846154,1,1,1,0,1,0,0,0,0
384209,ZA1,Western Cape,ZA1,Western Cape,ZA104,Eden,ZA104,Eden,2020-10-13,2020-10-15,4,4,4,1123186.2983277882,639499.5625913752,610279,20201013,20201015,0.24710205256745305,0.6628052101466374,0.09009273728590954,0.4993180863678119,673839.0,0.24710205256745305,0.6628052101466374,0.09009273728590954,0.4993180863678119,673839.0,0.0004522691705790296,0.5384615384615384,0.0004522691705790296,0.5384615384615384,1,1,1,0,1,0,0,0,0
384210,ZA4,Free State,ZA6,North West,ZA418,Lejweleputswa,ZA640,Dr Kenneth Kaunda,2020-10-13,2020-10-14,1,1,1,110866.78077491085,55632.453673068594,20899,20201013,20201014,0.27941650281351393,0.6617931601395349,0.058790337046951115,0.500105365269169,574193.0,0.27505895171327793,0.6602340041700301,0.06470704411669191,0.5065976875287468,754431.0,0.29495049504950493,0.8653846153846154,-0.10069384057971015,0.38461538461538464,1,1,1,0,1,0,0,0,0
384211,ZA7,Gauteng,ZA6,North West,ZA742,Sedibeng,ZA637,Bojanala,2020-10-13,2020-10-13,4,4,4,1421861.9051650856,823357.6092772443,96153,20201013,20201013,0.24393339879416723,0.6953819961266214,0.06068460507921129,0.5059130831550246,994997.0,0.25082919250139085,0.6903465537718604,0.05882425372674875,0.5380589003726469,1786678.0,0.2808379746835443,0.8461538461538461,0.07430676328502415,0.6538461538461539,1,1,1,0,1,0,0,0,0
384212,ZA5,KwaZulu-Natal,ZA5,KwaZulu-Natal,ZA524,Umzinyathi,ZA529,iLembe,2020-10-13,2020-10-14,1,1,1,1834.4539946113728,985.0956291168956,19933,20201013,20201014,0.3952311253914291,0.5454951881678106,0.05927368644076033,0.451447242842509,514461.0,0.32390440311621094,0.6202867780885334,0.05580881879525565,0.4827645772056803,636799.0,-0.28225945945945946,0.07692307692307693,-0.14951617873651774,0.28846153846153844,1,1,1,0,1,0,0,0,0
384213,ZA5,KwaZulu-Natal,ZA7,Gauteng,ZA522,Umgungundlovu,ZA797,Ekurhuleni,2020-10-13,2020-10-13,2,2,2,2059147.034866372,1028884.1481967984,72408,20201013,20201013,0.2748377359932372,0.663873035280183,0.06128922872657978,0.48236181888519014,1046905.0,0.23296733680905687,0.7203157619169479,0.04671690127399521,0.5205474946472306,3739653.0,0.0061256544502617805,0.5769230769230769,0.7435109289617486,0.9615384615384616,1,1,1,0,1,0,0,0,0
384214,ZA4,Free State,ZA4,Free State,ZA418,Lejweleputswa,ZA419,Thabo Mofutsanyane,2020-10-13,2020-10-14,1,1,1,325669.36567944166,171983.59011431853,53422,20201013,20201014,0.27941650281351393,0.6617931601395349,0.058790337046951115,0.500105365269169,574193.0,0.31143326559338835,0.6251823622683981,0.06338437213821363,0.47028720831466336,662829.0,0.29495049504950493,0.8653846153846154,0.10770218579234972,0.7115384615384616,1,1,1,0,1,0,0,0,0
384215,ZA5,KwaZulu-Natal,ZA4,Free State,ZA525,Amajuba,ZA420,Fezile Dabi,2020-10-13,2020-10-13,2,2,2,661543.3532274587,339341.3244874004,25092,20201013,20201013,0.3311353387795859,0.6144200377537888,0.05444462346662529,0.48045773982507545,502731.0,0.2705098118551487,0.6604572122193,0.06903297592555128,0.5050070807202104,494300.0,-0.16864155251141552,0.25,0.2276555023923445,0.7884615384615384,1,1,1,0,1,0,0,0,0
384216,ZA2,Eastern Cape,ZA2,Eastern Cape,ZA214,Joe Gqabi,ZA215,O.R.Tambo,2020-10-13,2020-10-14,1,1,1,110768.30083904872,60550.145993935446,58681,20201013,20201014,0.3340471849013029,0.5799636495391386,0.08598916555955849,0.47733103958194023,339473.0,0.38804558548824664,0.5482866433400703,0.06366777117168307,0.4623163104135049,1358678.0,-0.1839776119402985,0.21153846153846154,-0.23807536101083035,0.1346153846153846,1,1,1,0,1,0,0,0,0
384217,ZA7,Gauteng,ZA9,Limpopo,ZA797,Ekurhuleni,ZA935,Capricorn,2020-10-13,2020-10-13,4,4,4,2863473.1282343566,1141144.272354277,67009,20201013,20201013,0.23296733680905687,0.7203157619169479,0.04671690127399521,0.5205474946472306,3739653.0,0.3265897738288558,0.6007690312860821,0.07264119488506209,0.472231826966417,1295656.0,0.7435109289617486,0.9615384615384616,0.07397387387387387,0.6346153846153846,1,1,1,0,1,0,0,0,0
384218,ZA3,Nothern Cape,ZA1,Western Cape,ZA306,Namakwa,ZA103,Overberg,2020-10-13,2020-10-17,1,1,1,718438.7764370071,539485.1272874373,367162,20201013,20201017,0.2479438366342976,0.6592106724059887,0.09284549095971371,0.5132337492633683,117087.0,0.22836513904770692,0.6721314716747349,0.09950338927755827,0.511077351980676,303457.0,0.06505633802816901,0.6153846153846154,0.051486772486772484,0.5961538461538461,1,1,1,0,1,0,0,0,0
384219,ZA7,Gauteng,ZA4,Free State,ZA797,Ekurhuleni,ZA494,Mangaung,2020-10-13,2020-10-13,3,3,3,3590022.167392578,1237722.6788115115,76177,20201013,20201013,0.23296733680905687,0.7203157619169479,0.04671690127399521,0.5205474946472306,3739653.0,0.26262942751272955,0.6754982029249197,0.06187236956235082,0.4901411892511804,826621.0,0.7435109289617486,0.9615384615384616,0.27329104477611943,0.8269230769230769,1,1,1,0,1,0,0,0,0
384220,ZA6,North West,ZA4,Free State,ZA638,Ngaka Modiri Molema,ZA418,Lejweleputswa,2020-10-13,2020-10-13,1,1,1,578841.7015235841,577951.6879613029,10745,20201013,20201013,0.3236353449196357,0.6078801705223251,0.06848448455803925,0.4964769205863341,870971.0,0.27941650281351393,0.6617931601395349,0.058790337046951115,0.500105365269169,574193.0,-0.18344824707846413,0.23076923076923078,0.29495049504950493,0.8653846153846154,1,1,1,0,1,0,0,0,0
384221,ZA5,KwaZulu-Natal,ZA5,KwaZulu-Natal,ZA528,Uthungulu,ZA595,eThekwini,2020-10-13,2020-10-13,21,21,20,8802544.711119544,3271698.5258089947,279649,20201013,20201013,0.3398562749304085,0.6096443299200878,0.05049939514950375,0.4759701217345943,889476.0,0.2446364969883556,0.6990922562931536,0.05627124671849075,0.494610924976595,3587907.0,-0.2202014106583072,0.15384615384615385,0.5666580406654343,0.9230769230769231,1,1,1,0,1,0,0,0,0
384222,ZA2,Eastern Cape,ZA4,Free State,ZA214,Joe Gqabi,ZA494,Mangaung,2020-10-13,2020-10-17,1,1,1,410069.1378702792,193695.16751659487,361688,20201013,20201017,0.3340471849013029,0.5799636495391386,0.08598916555955849,0.47733103958194023,339473.0,0.26262942751272955,0.6754982029249197,0.06187236956235082,0.4901411892511804,826621.0,-0.1839776119402985,0.21153846153846154,0.27329104477611943,0.8269230769230769,1,1,1,0,1,0,0,0,0
384223,ZA1,Western Cape,ZA2,Eastern Cape,ZA104,Eden,ZA293,Nelson Mandela Bay,2020-10-13,2020-10-15,1,1,1,1717918.8229202658,287187.28649673733,214627,20201013,20201015,0.24710205256745305,0.6628052101466374,0.09009273728590954,0.4993180863678119,673839.0,0.2465186661259611,0.6842154879637478,0.0692658459102911,0.4877654529777138,1230491.0,0.0004522691705790296,0.5384615384615384,0.5740514018691588,0.9423076923076923,1,1,1,0,1,0,0,0,0
384224,ZA5,KwaZulu-Natal,ZA7,Gauteng,ZA521,Ugu,ZA742,Sedibeng,2020-10-13,2020-10-13,2,2,2,2982718.1772685004,1201603.2605097329,83095,20201013,20201013,0.32122674606698143,0.6016982741355622,0.07707497979745637,0.47391596021954596,714019.0,0.24393339879416723,0.6953819961266214,0.06068460507921129,0.5059130831550246,994997.0,-0.09480895915678524,0.40384615384615385,0.2808379746835443,0.8461538461538461,1,1,1,0,1,0,0,0,0
384225,ZA5,KwaZulu-Natal,ZA8,Mpumalanga,ZA523,Uthukela,ZA830,Gert Sibande,2020-10-13,2020-10-13,3,3,3,2435665.3658112306,831835.0834728209,78809,20201013,20201013,0.36014331224838336,0.5864396074090654,0.05341708034255123,0.46782833191779016,652282.0,0.30688245639051287,0.6412288994160756,0.05188864419341153,0.49968312815881616,1136106.0,-0.19841226215644822,0.19230769230769232,-0.11248741610738255,0.36538461538461536,1,1,1,0,1,0,0,0,0
384226,ZA8,Mpumalanga,ZA7,Gauteng,ZA832,Ehlanzeni,ZA799,City of Tshwane,2020-10-13,2020-10-14,1,1,1,334507.0658972403,280639.27563054784,48728,20201013,20201014,0.32438893780700045,0.6235217992770762,0.05208926291592337,0.47979089412028486,1837538.0,0.22283079372412132,0.7204843127840075,0.056684893491871245,0.5057337597223363,3627986.0,0.1315940928270042,0.7307692307692307,0.48224212034383956,0.9038461538461539,1,1,1,0,1,0,0,0,0
384227,ZA5,KwaZulu-Natal,ZA7,Gauteng,ZA595,eThekwini,ZA797,Ekurhuleni,2020-10-13,2020-10-31,1,1,1,518836.1396994778,515252.7407323416,1499845,20201013,20201031,0.2446364969883556,0.6990922562931536,0.05627124671849075,0.494610924976595,3587907.0,0.23296733680905687,0.7203157619169479,0.04671690127399521,0.5205474946472306,3739653.0,0.5666580406654343,0.9230769230769231,0.7435109289617486,0.9615384615384616,1,1,1,0,1,0,0,0,0
384228,ZA1,Western Cape,ZA1,Western Cape,ZA104,Eden,ZA104,Eden,2020-10-13,2020-10-29,1,1,1,170345.01001354973,39647.53870278445,1431089,20201013,20201029,0.24710205256745305,0.6628052101466374,0.09009273728590954,0.4993180863678119,673839.0,0.24710205256745305,0.6628052101466374,0.09009273728590954,0.4993180863678119,673839.0,0.0004522691705790296,0.5384615384615384,0.0004522691705790296,0.5384615384615384,1,1,1,0,1,0,0,0,0
384229,ZA3,Nothern Cape,ZA1,Western Cape,ZA306,Namakwa,ZA191,City of Cape Town,2020-10-13,2020-10-14,1,1,1,1955980.5052284352,333882.0567067186,78686,20201013,20201014,0.2479438366342976,0.6592106724059887,0.09284549095971371,0.5132337492633683,117087.0,0.23849582985172932,0.697186217784503,0.06431795236376775,0.4976008771049945,4436413.0,0.06505633802816901,0.6153846153846154,0.7687640750670242,0.9807692307692307,1,1,1,0,1,0,0,0,0
384230,ZA4,Free State,ZA5,KwaZulu-Natal,ZA420,Fezile Dabi,ZA521,Ugu,2020-10-13,2020-10-15,1,1,1,721166.010977349,423056.9338963076,162905,20201013,20201015,0.2705098118551487,0.6604572122193,0.06903297592555128,0.5050070807202104,494300.0,0.32122674606698143,0.6016982741355622,0.07707497979745637,0.47391596021954596,714019.0,0.2276555023923445,0.7884615384615384,-0.09480895915678524,0.40384615384615385,1,1,1,0,1,0,0,0,0
384231,ZA1,Western Cape,ZA2,Eastern Cape,ZA191,City of Cape Town,ZA292,Buffalo City,2020-10-13,2020-10-13,1,1,1,1833099.6121439652,882194.5232265213,6026,20201013,20201013,0.23849582985172932,0.697186217784503,0.06431795236376775,0.4976008771049945,4436413.0,0.254980022080858,0.6758306608485358,0.06918931707060617,0.48177934914042375,760840.0,0.7687640750670242,0.9807692307692307,0.09585175879396986,0.6923076923076923,1,1,1,0,1,0,0,0,0
384232,ZA7,Gauteng,ZA2,Eastern Cape,ZA798,City of Johannesburg,ZA293,Nelson Mandela Bay,2020-10-13,2020-10-13,1,1,1,1877811.5393780032,963405.6807876097,37435,20201013,20201013,0.2220629170143196,0.7299897648810346,0.047947318104645836,0.5097433964893054,5540727.0,0.2465186661259611,0.6842154879637478,0.0692658459102911,0.4877654529777138,1230491.0,0.8818060606060606,1.0,0.5740514018691588,0.9423076923076923,1,1,1,0,1,0,0,0,0
384233,ZA2,Eastern Cape,ZA8,Mpumalanga,ZA293,Nelson Mandela Bay,ZA831,Nkangala,2020-10-13,2020-10-13,1,1,1,2873987.7172425585,963498.1771404162,30550,20201013,20201013,0.2465186661259611,0.6842154879637478,0.0692658459102911,0.4877654529777138,1230491.0,0.27290691475673784,0.6711806877078121,0.055912397535449986,0.5109201270525474,1573837.0,0.5740514018691588,0.9423076923076923,0.07867808219178082,0.6730769230769231,1,1,1,0,1,0,0,0,0
384234,ZA8,Mpumalanga,ZA8,Mpumalanga,ZA830,Gert Sibande,ZA831,Nkangala,2020-10-13,2020-10-29,1,1,1,348328.0742894557,75801.96928504408,1403741,20201013,20201029,0.30688245639051287,0.6412288994160756,0.05188864419341153,0.49968312815881616,1136106.0,0.27290691475673784,0.6711806877078121,0.055912397535449986,0.5109201270525474,1573837.0,-0.11248741610738255,0.36538461538461536,0.07867808219178082,0.6730769230769231,1,1,1,0,1,0,0,0,0
384235,ZA8,Mpumalanga,ZA9,Limpopo,ZA831,Nkangala,ZA947,Sekhukhune,2020-10-13,2020-10-14,2,2,2,154022.2368291188,138813.33478714272,119880,20201013,20201014,0.27290691475673784,0.6711806877078121,0.055912397535449986,0.5109201270525474,1573837.0,0.3536917516859454,0.5707075150199985,0.07560073329405607,0.46486328935523974,1125333.0,0.07867808219178082,0.6730769230769231,-0.06015677966101695,0.4423076923076923,1,1,1,0,1,0,0,0,0
384236,ZA8,Mpumalanga,ZA7,Gauteng,ZA831,Nkangala,ZA799,City of Tshwane,2020-10-13,2020-10-29,1,1,1,612606.8103685633,101353.16873099146,1347549,20201013,20201029,0.27290691475673784,0.6711806877078121,0.055912397535449986,0.5109201270525474,1573837.0,0.22283079372412132,0.7204843127840075,0.056684893491871245,0.5057337597223363,3627986.0,0.07867808219178082,0.6730769230769231,0.48224212034383956,0.9038461538461539,1,1,1,0,1,0,0,0,0
384237,ZA5,KwaZulu-Natal,ZA7,Gauteng,ZA523,Uthukela,ZA798,City of Johannesburg,2020-10-13,2020-10-13,4,4,4,10049119.481051547,8671919.786331242,111088,20201013,20201013,0.36014331224838336,0.5864396074090654,0.05341708034255123,0.46782833191779016,652282.0,0.2220629170143196,0.7299897648810346,0.047947318104645836,0.5097433964893054,5540727.0,-0.19841226215644822,0.19230769230769232,0.8818060606060606,1.0,1,1,1,0,1,0,0,0,0
384238,ZA7,Gauteng,ZA6,North West,ZA799,City of Tshwane,ZA637,Bojanala,2020-10-13,2020-10-15,1,1,1,245867.39380100855,112204.93864356609,141834,20201013,20201015,0.22283079372412132,0.7204843127840075,0.056684893491871245,0.5057337597223363,3627986.0,0.25082919250139085,0.6903465537718604,0.05882425372674875,0.5380589003726469,1786678.0,0.48224212034383956,0.9038461538461539,0.07430676328502415,0.6538461538461539,1,1,1,0,1,0,0,0,0
384239,ZA2,Eastern Cape,ZA1,Western Cape,ZA210,Cacadu,ZA191,City of Cape Town,2020-10-13,2020-10-13,4,4,4,7018435.459275575,2504393.281849012,164053,20201013,20201013,0.2618455236218228,0.6571170870354837,0.08103738934269357,0.4975242081945451,491156.0,0.23849582985172932,0.697186217784503,0.06431795236376775,0.4976008771049945,4436413.0,-0.01848062015503876,0.5,0.7687640750670242,0.9807692307692307,1,1,1,0,1,0,0,0,0
384240,ZA5,KwaZulu-Natal,ZA5,KwaZulu-Natal,ZA525,Amajuba,ZA526,Zululand,2020-10-13,2020-10-14,1,1,1,18116.25108783681,9017.052209672702,35845,20201013,20201014,0.3311353387795859,0.6144200377537888,0.05444462346662529,0.48045773982507545,502731.0,0.392497537624586,0.5542130860581069,0.053289376317307055,0.4651401640222711,783796.0,-0.16864155251141552,0.25,-0.2762355212355212,0.09615384615384616,1,1,1,0,1,0,0,0,0
384241,ZA4,Free State,ZA6,North West,ZA420,Fezile Dabi,ZA638,Ngaka Modiri Molema,2020-10-13,2020-10-14,1,1,1,405945.9216915881,198266.96988589445,48551,20201013,20201014,0.2705098118551487,0.6604572122193,0.06903297592555128,0.5050070807202104,494300.0,0.3236353449196357,0.6078801705223251,0.06848448455803925,0.4964769205863341,870971.0,0.2276555023923445,0.7884615384615384,-0.18344824707846413,0.23076923076923078,1,1,1,0,1,0,0,0,0
384242,ZA1,Western Cape,ZA7,Gauteng,ZA105,Central Karoo,ZA799,City of Tshwane,2020-10-13,2020-10-29,1,1,1,1851044.3916104508,925618.9617490652,1395797,20201013,20201029,0.29415328297801036,0.633639246216906,0.07220747080508365,0.4979247763656518,77582.0,0.22283079372412132,0.7204843127840075,0.056684893491871245,0.5057337597223363,3627986.0,-0.12604477611940298,0.3269230769230769,0.48224212034383956,0.9038461538461539,1,1,1,0,1,0,0,0,0
384243,ZA9,Limpopo,ZA8,Mpumalanga,ZA947,Sekhukhune,ZA831,Nkangala,2020-10-13,2020-10-14,5,5,5,793385.3419427415,229631.4282721784,161096,20201013,20201014,0.3536917516859454,0.5707075150199985,0.07560073329405607,0.46486328935523974,1125333.0,0.27290691475673784,0.6711806877078121,0.055912397535449986,0.5109201270525474,1573837.0,-0.06015677966101695,0.4423076923076923,0.07867808219178082,0.6730769230769231,1,1,1,0,1,0,0,0,0
384244,ZA1,Western Cape,ZA1,Western Cape,ZA191,City of Cape Town,ZA101,West Coast,2020-10-13,2020-10-22,1,1,1,122593.73923898854,122593.73923898854,739622,20201013,20201022,0.23849582985172932,0.697186217784503,0.06431795236376775,0.4976008771049945,4436413.0,0.24466466325617858,0.6852166396976793,0.0701186970461421,0.5060695297345649,497485.0,0.7687640750670242,0.9807692307692307,-0.12079976303317536,0.34615384615384615,1,1,1,0,1,0,0,0,0
384245,ZA5,KwaZulu-Natal,ZA5,KwaZulu-Natal,ZA529,iLembe,ZA528,Uthungulu,2020-10-13,2020-10-14,3,3,3,508353.2452972073,253672.74351741467,101634,20201013,20201014,0.32390440311621094,0.6202867780885334,0.05580881879525565,0.4827645772056803,636799.0,0.3398562749304085,0.6096443299200878,0.05049939514950375,0.4759701217345943,889476.0,-0.14951617873651774,0.28846153846153844,-0.2202014106583072,0.15384615384615385,1,1,1,0,1,0,0,0,0
384246,ZA7,Gauteng,ZA8,Mpumalanga,ZA798,City of Johannesburg,ZA830,Gert Sibande,2020-10-13,2020-10-25,1,1,1,497815.867558886,237151.77382821543,1051898,20201013,20201025,0.2220629170143196,0.7299897648810346,0.047947318104645836,0.5097433964893054,5540727.0,0.30688245639051287,0.6412288994160756,0.05188864419341153,0.49968312815881616,1136106.0,0.8818060606060606,1.0,-0.11248741610738255,0.36538461538461536,1,1,1,0,1,0,0,0,0
384247,ZA2,Eastern Cape,,,ZA293,Nelson Mandela Bay,,,2020-10-13,2020-10-14,1,1,1,39057.28563335886,19157.913686196425,29676,20201013,20201014,0.2465186661259611,0.6842154879637478,0.0692658459102911,0.4877654529777138,1230491.0,,,,,,0.5740514018691588,0.9423076923076923,,,1,1,1,0,1,0,0,0,0
384248,ZA7,Gauteng,ZA5,KwaZulu-Natal,ZA742,Sedibeng,ZA523,Uthukela,2020-10-13,2020-10-14,1,1,1,939496.929474861,316914.1163247814,58871,20201013,20201014,0.24393339879416723,0.6953819961266214,0.06068460507921129,0.5059130831550246,994997.0,0.36014331224838336,0.5864396074090654,0.05341708034255123,0.46782833191779016,652282.0,0.2808379746835443,0.8461538461538461,-0.19841226215644822,0.19230769230769232,1,1,1,0,1,0,0,0,0
384249,ZA6,North West,ZA9,Limpopo,ZA638,Ngaka Modiri Molema,ZA936,Waterberg,2020-10-13,2020-10-25,1,1,1,985883.0009679272,356854.7620590862,1090749,20201013,20201025,0.3236353449196357,0.6078801705223251,0.06848448455803925,0.4964769205863341,870971.0,0.2870915348782833,0.6477210572390478,0.06518740788266879,0.5138960603357211,718513.0,-0.18344824707846413,0.23076923076923078,0.00236898395721925,0.5576923076923077,1,1,1,0,1,0,0,0,0
384250,ZA6,North West,ZA7,Gauteng,ZA640,Dr Kenneth Kaunda,ZA742,Sedibeng,2020-10-13,2020-10-14,2,2,2,289085.20081120543,144258.27122168455,45129,20201013,20201014,0.27505895171327793,0.6602340041700301,0.06470704411669191,0.5065976875287468,754431.0,0.24393339879416723,0.6953819961266214,0.06068460507921129,0.5059130831550246,994997.0,-0.10069384057971015,0.38461538461538464,0.2808379746835443,0.8461538461538461,1,1,1,0,1,0,0,0,0
384251,ZA2,Eastern Cape,ZA2,Eastern Cape,ZA213,Chris Hani,ZA293,Nelson Mandela Bay,2020-10-13,2020-10-14,1,1,1,1012465.3053023396,208629.17474191965,25223,20201013,20201014,0.334940582305372,0.572656560540376,0.09240285715425203,0.478383232498069,752217.0,0.2465186661259611,0.6842154879637478,0.0692658459102911,0.4877654529777138,1230491.0,-0.29251697892271666,0.057692307692307696,0.5740514018691588,0.9423076923076923,1,1,1,0,1,0,0,0,0
384252,ZA5,KwaZulu-Natal,ZA4,Free State,ZA525,Amajuba,ZA419,Thabo Mofutsanyane,2020-10-13,2020-10-13,2,2,2,1028874.5375935565,334569.87691832153,6308,20201013,20201013,0.3311353387795859,0.6144200377537888,0.05444462346662529,0.48045773982507545,502731.0,0.31143326559338835,0.6251823622683981,0.06338437213821363,0.47028720831466336,662829.0,-0.16864155251141552,0.25,0.10770218579234972,0.7115384615384616,1,1,1,0,1,0,0,0,0
384253,ZA6,North West,ZA9,Limpopo,ZA639,Dr Ruth Segomotsi Mompati,ZA936,Waterberg,2020-10-13,2020-10-13,1,1,1,1353986.3381786873,496377.2507641824,33852,20201013,20201013,0.3412335579082451,0.5850872971649528,0.07367914492680208,0.4911837461796937,473784.0,0.2870915348782833,0.6477210572390478,0.06518740788266879,0.5138960603357211,718513.0,-0.16626678765880218,0.2692307692307692,0.00236898395721925,0.5576923076923077,1,1,1,0,1,0,0,0,0
384254,ZA5,KwaZulu-Natal,ZA5,KwaZulu-Natal,ZA527,Umkhanyakude,ZA524,Umzinyathi,2020-10-13,2020-10-14,1,1,1,684899.3072371208,423773.6885258864,78055,20201013,20201014,0.40017378652548197,0.5489306999026919,0.05089551357182606,0.4622270789873748,643318.0,0.3952311253914291,0.5454951881678106,0.05927368644076033,0.451447242842509,514461.0,-0.31784377542717657,0.038461538461538464,-0.28225945945945946,0.07692307692307693,1,1,1,0,1,0,0,0,0
384255,ZA5,KwaZulu-Natal,ZA4,Free State,ZA522,Umgungundlovu,ZA419,Thabo Mofutsanyane,2020-10-13,2020-10-13,2,2,2,1378879.789725549,442279.090707559,42779,20201013,20201013,0.2748377359932372,0.663873035280183,0.06128922872657978,0.48236181888519014,1046905.0,0.31143326559338835,0.6251823622683981,0.06338437213821363,0.47028720831466336,662829.0,0.0061256544502617805,0.5769230769230769,0.10770218579234972,0.7115384615384616,1,1,1,0,1,0,0,0,0
384257,ZA4,Free State,,,ZA494,Mangaung,,,2020-10-13,2020-10-13,1,1,1,953783.9649300948,476620.1684399753,17225,20201013,20201013,0.26262942751272955,0.6754982029249197,0.06187236956235082,0.4901411892511804,826621.0,,,,,,0.27329104477611943,0.8269230769230769,,,1,1,1,0,1,0,0,0,0
384258,ZA7,Gauteng,ZA4,Free State,ZA748,West Rand,ZA420,Fezile Dabi,2020-10-13,2020-10-13,4,4,4,776229.994757961,327754.2603413088,56623,20201013,20201013,0.23154887232085752,0.7207832829912092,0.047667844687933295,0.5288128906961219,856804.0,0.2705098118551487,0.6604572122193,0.06903297592555128,0.5050070807202104,494300.0,0.23715802469135805,0.8076923076923077,0.2276555023923445,0.7884615384615384,1,1,1,0,1,0,0,0,0
384259,ZA5,KwaZulu-Natal,ZA5,KwaZulu-Natal,ZA595,eThekwini,ZA543,Sisonke,2020-10-13,2020-10-13,8,8,8,3629177.326499701,1248010.9718989758,233677,20201013,20201013,0.2446364969883556,0.6990922562931536,0.05627124671849075,0.494610924976595,3587907.0,0.37293146983899067,0.5707096800166399,0.05635885014436937,0.4671305273563743,447117.0,0.5666580406654343,0.9230769230769231,-0.2112274881516588,0.17307692307692307,1,1,1,0,1,0,0,0,0
384260,ZA2,Eastern Cape,ZA7,Gauteng,ZA292,Buffalo City,ZA798,City of Johannesburg,2020-10-13,2020-10-13,3,3,3,4085811.085083524,2468446.102794244,85792,20201013,20201013,0.254980022080858,0.6758306608485358,0.06918931707060617,0.48177934914042375,760840.0,0.2220629170143196,0.7299897648810346,0.047947318104645836,0.5097433964893054,5540727.0,0.09585175879396986,0.6923076923076923,0.8818060606060606,1.0,1,1,1,0,1,0,0,0,0
384261,ZA7,Gauteng,ZA5,KwaZulu-Natal,ZA748,West Rand,ZA529,iLembe,2020-10-13,2020-10-13,1,1,1,1108253.765469516,511135.5917678687,26222,20201013,20201013,0.23154887232085752,0.7207832829912092,0.047667844687933295,0.5288128906961219,856804.0,0.32390440311621094,0.6202867780885334,0.05580881879525565,0.4827645772056803,636799.0,0.23715802469135805,0.8076923076923077,-0.14951617873651774,0.28846153846153844,1,1,1,0,1,0,0,0,0
384262,ZA7,Gauteng,ZA8,Mpumalanga,ZA748,West Rand,ZA831,Nkangala,2020-10-13,2020-10-22,1,1,1,473660.9071225616,180223.1876641549,793398,20201013,20201022,0.23154887232085752,0.7207832829912092,0.047667844687933295,0.5288128906961219,856804.0,0.27290691475673784,0.6711806877078121,0.055912397535449986,0.5109201270525474,1573837.0,0.23715802469135805,0.8076923076923077,0.07867808219178082,0.6730769230769231,1,1,1,0,1,0,0,0,0
384263,ZA5,KwaZulu-Natal,ZA7,Gauteng,ZA522,Umgungundlovu,ZA748,West Rand,2020-10-13,2020-10-13,1,1,1,1289772.007627844,451074.9903233492,40033,20201013,20201013,0.2748377359932372,0.663873035280183,0.06128922872657978,0.48236181888519014,1046905.0,0.23154887232085752,0.7207832829912092,0.047667844687933295,0.5288128906961219,856804.0,0.0061256544502617805,0.5769230769230769,0.23715802469135805,0.8076923076923077,1,1,1,0,1,0,0,0,0
384264,ZA5,KwaZulu-Natal,ZA4,Free State,ZA528,Uthungulu,ZA420,Fezile Dabi,2020-10-13,2020-10-13,1,1,1,1289320.56074725,530672.1196477769,36137,20201013,20201013,0.3398562749304085,0.6096443299200878,0.05049939514950375,0.4759701217345943,889476.0,0.2705098118551487,0.6604572122193,0.06903297592555128,0.5050070807202104,494300.0,-0.2202014106583072,0.15384615384615385,0.2276555023923445,0.7884615384615384,1,1,1,0,1,0,0,0,0
384265,ZA5,KwaZulu-Natal,ZA7,Gauteng,ZA521,Ugu,ZA799,City of Tshwane,2020-10-13,2020-10-13,3,3,3,3553523.3500410267,1917675.0902547413,82485,20201013,20201013,0.32122674606698143,0.6016982741355622,0.07707497979745637,0.47391596021954596,714019.0,0.22283079372412132,0.7204843127840075,0.056684893491871245,0.5057337597223363,3627986.0,-0.09480895915678524,0.40384615384615385,0.48224212034383956,0.9038461538461539,1,1,1,0,1,0,0,0,0
384266,ZA9,Limpopo,ZA9,Limpopo,ZA935,Capricorn,ZA934,Vhembe,2020-10-13,2020-10-14,2,2,2,726974.7519372661,483922.69612738007,169090,20201013,20201014,0.3265897738288558,0.6007690312860821,0.07264119488506209,0.472231826966417,1295656.0,0.3433867460978093,0.5887604530714541,0.06785280083073665,0.4597374214109392,1325089.0,0.07397387387387387,0.6346153846153846,-0.0767829596412556,0.4230769230769231,1,1,1,0,1,0,0,0,0
384267,ZA3,Nothern Cape,ZA6,North West,ZA308,Z F Mgcawu,ZA639,Dr Ruth Segomotsi Mompati,2020-10-13,2020-10-13,1,1,1,806170.4647875674,422298.76991047605,29669,20201013,20201013,0.27601757542529287,0.6641943181028425,0.059788106471864645,0.5142626583989065,258998.0,0.3412335579082451,0.5850872971649528,0.07367914492680208,0.4911837461796937,473784.0,-0.04016603773584906,0.46153846153846156,-0.16626678765880218,0.2692307692307692,1,1,1,0,1,0,0,0,0
384268,ZA2,Eastern Cape,ZA2,Eastern Cape,ZA215,O.R.Tambo,ZA244,Alfred Nzo,2020-10-13,2020-10-14,1,1,1,17593.010270858045,8796.505135429023,73893,20201013,20201014,0.38804558548824664,0.5482866433400703,0.06366777117168307,0.4623163104135049,1358678.0,0.40782127157510134,0.5221222097470932,0.07005651867780548,0.4576553946475353,788235.0,-0.23807536101083035,0.1346153846153846,-0.27396673320026615,0.11538461538461539,1,1,1,0,1,0,0,0,0
384269,ZA2,Eastern Cape,ZA1,Western Cape,ZA210,Cacadu,ZA103,Overberg,2020-10-13,2020-10-13,4,4,4,5008578.589924832,2086669.84573884,141773,20201013,20201013,0.2618455236218228,0.6571170870354837,0.08103738934269357,0.4975242081945451,491156.0,0.22836513904770692,0.6721314716747349,0.09950338927755827,0.511077351980676,303457.0,-0.01848062015503876,0.5,0.051486772486772484,0.5961538461538461,1,1,1,0,1,0,0,0,0
384270,ZA1,Western Cape,ZA1,Western Cape,ZA101,West Coast,ZA102,Cape Winelands,2020-10-13,2020-10-14,1,1,1,82074.48404117116,41037.24202058558,31049,20201013,20201014,0.24466466325617858,0.6852166396976793,0.0701186970461421,0.5060695297345649,497485.0,0.24989252608235304,0.6902123420738123,0.059895131843834624,0.5011121214086944,909523.0,-0.12079976303317536,0.34615384615384615,-0.012388831437435367,0.5192307692307693,1,1,1,0,1,0,0,0,0
384271,ZA3,Nothern Cape,ZA7,Gauteng,ZA309,Frances Baard,ZA798,City of Johannesburg,2020-10-13,2020-10-14,1,1,1,875077.8246431483,429384.7745926393,112504,20201013,20201014,0.2860169290028057,0.6497360787483951,0.06424699224879928,0.49189928194398214,420580.0,0.2220629170143196,0.7299897648810346,0.047947318104645836,0.5097433964893054,5540727.0,0.29907801418439717,0.8846153846153846,0.8818060606060606,1.0,1,1,1,0,1,0,0,0,0
384272,ZA7,Gauteng,ZA3,Nothern Cape,ZA798,City of Johannesburg,ZA309,Frances Baard,2020-10-13,2020-10-13,3,3,3,6002569.129374461,1393486.5660090323,98858,20201013,20201013,0.2220629170143196,0.7299897648810346,0.047947318104645836,0.5097433964893054,5540727.0,0.2860169290028057,0.6497360787483951,0.06424699224879928,0.49189928194398214,420580.0,0.8818060606060606,1.0,0.29907801418439717,0.8846153846153846,1,1,1,0,1,0,0,0,0
384273,ZA6,North West,ZA9,Limpopo,ZA637,Bojanala,ZA933,Mopani,2020-10-13,2020-10-28,1,1,1,723604.7569533408,333073.22251152684,1305324,20201013,20201028,0.25082919250139085,0.6903465537718604,0.05882425372674875,0.5380589003726469,1786678.0,0.3329418650827259,0.6026296126910996,0.06442852222617454,0.46142626187343905,1062666.0,0.07430676328502415,0.6538461538461539,-0.037928345626975765,0.4807692307692308,1,1,1,0,1,0,0,0,0
384274,ZA3,Nothern Cape,ZA3,Nothern Cape,ZA306,Namakwa,ZA308,Z F Mgcawu,2020-10-13,2020-10-13,1,1,1,1500416.1303216862,130016.59518816808,6501,20201013,20201013,0.2479438366342976,0.6592106724059887,0.09284549095971371,0.5132337492633683,117087.0,0.27601757542529287,0.6641943181028425,0.059788106471864645,0.5142626583989065,258998.0,0.06505633802816901,0.6153846153846154,-0.04016603773584906,0.46153846153846156,1,1,1,0,1,0,0,0,0
384275,ZA4,Free State,ZA5,KwaZulu-Natal,ZA419,Thabo Mofutsanyane,ZA595,eThekwini,2020-10-13,2020-10-13,1,1,1,1664292.743572388,400497.82561410806,21888,20201013,20201013,0.31143326559338835,0.6251823622683981,0.06338437213821363,0.47028720831466336,662829.0,0.2446364969883556,0.6990922562931536,0.05627124671849075,0.494610924976595,3587907.0,0.10770218579234972,0.7115384615384616,0.5666580406654343,0.9230769230769231,1,1,1,0,1,0,0,0,0
384276,ZA1,Western Cape,ZA1,Western Cape,ZA102,Cape Winelands,ZA103,Overberg,2020-10-13,2020-10-17,1,1,1,64033.86393976291,64033.86393976291,302381,20201013,20201017,0.24989252608235304,0.6902123420738123,0.059895131843834624,0.5011121214086944,909523.0,0.22836513904770692,0.6721314716747349,0.09950338927755827,0.511077351980676,303457.0,-0.012388831437435367,0.5192307692307693,0.051486772486772484,0.5961538461538461,1,1,1,0,1,0,0,0,0
384277,ZA2,Eastern Cape,ZA1,Western Cape,ZA210,Cacadu,ZA105,Central Karoo,2020-10-13,2020-10-13,1,1,1,1774094.4944331315,368572.23158836935,43207,20201013,20201013,0.2618455236218228,0.6571170870354837,0.08103738934269357,0.4975242081945451,491156.0,0.29415328297801036,0.633639246216906,0.07220747080508365,0.4979247763656518,77582.0,-0.01848062015503876,0.5,-0.12604477611940298,0.3269230769230769,1,1,1,0,1,0,0,0,0
384278,ZA1,Western Cape,ZA7,Gauteng,ZA191,City of Cape Town,ZA742,Sedibeng,2020-10-13,2020-10-13,1,1,1,2891712.659113054,1224671.1141033045,32108,20201013,20201013,0.23849582985172932,0.697186217784503,0.06431795236376775,0.4976008771049945,4436413.0,0.24393339879416723,0.6953819961266214,0.06068460507921129,0.5059130831550246,994997.0,0.7687640750670242,0.9807692307692307,0.2808379746835443,0.8461538461538461,1,1,1,0,1,0,0,0,0
384279,ZA9,Limpopo,ZA7,Gauteng,ZA947,Sekhukhune,ZA797,Ekurhuleni,2020-10-13,2020-10-17,1,1,1,388991.0737463788,150261.54834947697,353973,20201013,20201017,0.3536917516859454,0.5707075150199985,0.07560073329405607,0.46486328935523974,1125333.0,0.23296733680905687,0.7203157619169479,0.04671690127399521,0.5205474946472306,3739653.0,-0.06015677966101695,0.4423076923076923,0.7435109289617486,0.9615384615384616,1,1,1,0,1,0,0,0,0
384280,ZA7,Gauteng,ZA3,Nothern Cape,ZA742,Sedibeng,ZA307,Pixley ka Seme,2020-10-13,2020-10-13,1,1,1,1050020.9270207584,549176.2768147684,44409,20201013,20201013,0.24393339879416723,0.6953819961266214,0.06068460507921129,0.5059130831550246,994997.0,0.3060749448635213,0.6232332132979509,0.0706918418385278,0.5011842246002923,196331.0,0.2808379746835443,0.8461538461538461,0.1854655172413793,0.75,1,1,1,0,1,0,0,0,0
384281,ZA5,KwaZulu-Natal,ZA2,Eastern Cape,ZA543,Sisonke,ZA215,O.R.Tambo,2020-10-13,2020-10-13,3,3,3,912343.9661640387,455141.1127242256,76087,20201013,20201013,0.37293146983899067,0.5707096800166399,0.05635885014436937,0.4671305273563743,447117.0,0.38804558548824664,0.5482866433400703,0.06366777117168307,0.4623163104135049,1358678.0,-0.2112274881516588,0.17307692307692307,-0.23807536101083035,0.1346153846153846,1,1,1,0,1,0,0,0,0
384282,ZA2,Eastern Cape,ZA2,Eastern Cape,ZA244,Alfred Nzo,ZA212,Amathole,2020-10-13,2020-10-13,1,1,1,321497.4812038604,234592.56854837204,17805,20201013,20201013,0.40782127157510134,0.5221222097470932,0.07005651867780548,0.4576553946475353,788235.0,0.32816698449842097,0.5696178168124134,0.1022151986891656,0.47434426623917664,789726.0,-0.27396673320026615,0.11538461538461539,-0.3192883211678832,0.019230769230769232,1,1,1,0,1,0,0,0,0
384283,ZA9,Limpopo,ZA7,Gauteng,ZA947,Sekhukhune,ZA799,City of Tshwane,2020-10-13,2020-10-24,1,1,1,218269.0669995046,194399.9721461185,988704,20201013,20201024,0.3536917516859454,0.5707075150199985,0.07560073329405607,0.46486328935523974,1125333.0,0.22283079372412132,0.7204843127840075,0.056684893491871245,0.5057337597223363,3627986.0,-0.06015677966101695,0.4423076923076923,0.48224212034383956,0.9038461538461539,1,1,1,0,1,0,0,0,0
384284,ZA1,Western Cape,ZA1,Western Cape,ZA191,City of Cape Town,ZA102,Cape Winelands,2020-10-13,2020-10-16,1,1,1,226970.27170124435,113468.07318309494,256839,20201013,20201016,0.23849582985172932,0.697186217784503,0.06431795236376775,0.4976008771049945,4436413.0,0.24989252608235304,0.6902123420738123,0.059895131843834624,0.5011121214086944,909523.0,0.7687640750670242,0.9807692307692307,-0.012388831437435367,0.5192307692307693,1,1,1,0,1,0,0,0,0
384285,ZA4,Free State,ZA3,Nothern Cape,ZA418,Lejweleputswa,ZA309,Frances Baard,2020-10-13,2020-10-13,11,11,11,2478854.6130029564,1365958.9143097454,159850,20201013,20201013,0.27941650281351393,0.6617931601395349,0.058790337046951115,0.500105365269169,574193.0,0.2860169290028057,0.6497360787483951,0.06424699224879928,0.49189928194398214,420580.0,0.29495049504950493,0.8653846153846154,0.29907801418439717,0.8846153846153846,1,1,1,0,1,0,0,0,0
384286,ZA9,Limpopo,ZA6,North West,ZA935,Capricorn,ZA637,Bojanala,2020-10-13,2020-10-14,1,1,1,1052183.576700143,305635.234956691,33778,20201013,20201014,0.3265897738288558,0.6007690312860821,0.07264119488506209,0.472231826966417,1295656.0,0.25082919250139085,0.6903465537718604,0.05882425372674875,0.5380589003726469,1786678.0,0.07397387387387387,0.6346153846153846,0.07430676328502415,0.6538461538461539,1,1,1,0,1,0,0,0,0
384287,ZA2,Eastern Cape,,,ZA210,Cacadu,,,2020-10-13,2020-10-13,1,1,1,9498.111784663655,1581.4252315920776,8229,20201013,20201013,0.2618455236218228,0.6571170870354837,0.08103738934269357,0.4975242081945451,491156.0,,,,,,-0.01848062015503876,0.5,,,1,1,1,0,1,0,0,0,0
384289,ZA6,North West,ZA7,Gauteng,ZA638,Ngaka Modiri Molema,ZA799,City of Tshwane,2020-10-13,2020-10-13,2,2,2,1083944.8207027202,541224.7943753483,51060,20201013,20201013,0.3236353449196357,0.6078801705223251,0.06848448455803925,0.4964769205863341,870971.0,0.22283079372412132,0.7204843127840075,0.056684893491871245,0.5057337597223363,3627986.0,-0.18344824707846413,0.23076923076923078,0.48224212034383956,0.9038461538461539,1,1,1,0,1,0,0,0,0
384290,ZA8,Mpumalanga,ZA7,Gauteng,ZA831,Nkangala,ZA799,City of Tshwane,2020-10-13,2020-10-16,1,1,1,331988.5094013505,127796.38721468832,229986,20201013,20201016,0.27290691475673784,0.6711806877078121,0.055912397535449986,0.5109201270525474,1573837.0,0.22283079372412132,0.7204843127840075,0.056684893491871245,0.5057337597223363,3627986.0,0.07867808219178082,0.6730769230769231,0.48224212034383956,0.9038461538461539,1,1,1,0,1,0,0,0,0
384291,ZA3,Nothern Cape,ZA4,Free State,ZA309,Frances Baard,ZA418,Lejweleputswa,2020-10-13,2020-10-14,2,2,2,289092.6420315613,142394.22036926428,29260,20201013,20201014,0.2860169290028057,0.6497360787483951,0.06424699224879928,0.49189928194398214,420580.0,0.27941650281351393,0.6617931601395349,0.058790337046951115,0.500105365269169,574193.0,0.29907801418439717,0.8846153846153846,0.29495049504950493,0.8653846153846154,1,1,1,0,1,0,0,0,0
384292,ZA2,Eastern Cape,ZA7,Gauteng,ZA214,Joe Gqabi,ZA797,Ekurhuleni,2020-10-13,2020-10-13,1,1,1,1237929.3080809836,584690.8036271103,34207,20201013,20201013,0.3340471849013029,0.5799636495391386,0.08598916555955849,0.47733103958194023,339473.0,0.23296733680905687,0.7203157619169479,0.04671690127399521,0.5205474946472306,3739653.0,-0.1839776119402985,0.21153846153846154,0.7435109289617486,0.9615384615384616,1,1,1,0,1,0,0,0,0
384293,ZA8,Mpumalanga,ZA5,KwaZulu-Natal,ZA830,Gert Sibande,ZA527,Umkhanyakude,2020-10-13,2020-10-24,1,1,1,196708.07830883155,190327.22617430243,967571,20201013,20201024,0.30688245639051287,0.6412288994160756,0.05188864419341153,0.49968312815881616,1136106.0,0.40017378652548197,0.5489306999026919,0.05089551357182606,0.4622270789873748,643318.0,-0.11248741610738255,0.36538461538461536,-0.31784377542717657,0.038461538461538464,1,1,1,0,1,0,0,0,0
384294,ZA6,North West,ZA9,Limpopo,ZA637,Bojanala,ZA933,Mopani,2020-10-13,2020-10-14,1,1,1,321842.00082635554,321810.33758902457,54186,20201013,20201014,0.25082919250139085,0.6903465537718604,0.05882425372674875,0.5380589003726469,1786678.0,0.3329418650827259,0.6026296126910996,0.06442852222617454,0.46142626187343905,1062666.0,0.07430676328502415,0.6538461538461539,-0.037928345626975765,0.4807692307692308,1,1,1,0,1,0,0,0,0
384295,ZA5,KwaZulu-Natal,ZA5,KwaZulu-Natal,ZA595,eThekwini,ZA523,Uthukela,2020-10-13,2020-10-15,1,1,1,362527.9873922048,189092.1246271794,124354,20201013,20201015,0.2446364969883556,0.6990922562931536,0.05627124671849075,0.494610924976595,3587907.0,0.36014331224838336,0.5864396074090654,0.05341708034255123,0.46782833191779016,652282.0,0.5666580406654343,0.9230769230769231,-0.19841226215644822,0.19230769230769232,1,1,1,0,1,0,0,0,0
384296,ZA5,KwaZulu-Natal,ZA7,Gauteng,ZA521,Ugu,ZA798,City of Johannesburg,2020-10-13,2020-10-13,1,1,1,599341.9579140362,599341.9579140362,4209,20201013,20201013,0.32122674606698143,0.6016982741355622,0.07707497979745637,0.47391596021954596,714019.0,0.2220629170143196,0.7299897648810346,0.047947318104645836,0.5097433964893054,5540727.0,-0.09480895915678524,0.40384615384615385,0.8818060606060606,1.0,1,1,1,0,1,0,0,0,0
384297,ZA5,KwaZulu-Natal,ZA7,Gauteng,ZA528,Uthungulu,ZA797,Ekurhuleni,2020-10-13,2020-10-13,3,3,3,3334436.972467196,1547187.8426772133,99600,20201013,20201013,0.3398562749304085,0.6096443299200878,0.05049939514950375,0.4759701217345943,889476.0,0.23296733680905687,0.7203157619169479,0.04671690127399521,0.5205474946472306,3739653.0,-0.2202014106583072,0.15384615384615385,0.7435109289617486,0.9615384615384616,1,1,1,0,1,0,0,0,0
384298,ZA7,Gauteng,ZA6,North West,ZA799,City of Tshwane,ZA639,Dr Ruth Segomotsi Mompati,2020-10-13,2020-10-14,1,1,1,671946.33289634,341633.2024983357,52227,20201013,20201014,0.22283079372412132,0.7204843127840075,0.056684893491871245,0.5057337597223363,3627986.0,0.3412335579082451,0.5850872971649528,0.07367914492680208,0.4911837461796937,473784.0,0.48224212034383956,0.9038461538461539,-0.16626678765880218,0.2692307692307692,1,1,1,0,1,0,0,0,0
384299,ZA5,KwaZulu-Natal,ZA5,KwaZulu-Natal,ZA528,Uthungulu,ZA528,Uthungulu,2020-10-13,2020-10-20,1,1,1,241252.0415956101,81885.39901217568,583791,20201013,20201020,0.3398562749304085,0.6096443299200878,0.05049939514950375,0.4759701217345943,889476.0,0.3398562749304085,0.6096443299200878,0.05049939514950375,0.4759701217345943,889476.0,-0.2202014106583072,0.15384615384615385,-0.2202014106583072,0.15384615384615385,1,1,1,0,1,0,0,0,0
384300,ZA5,KwaZulu-Natal,ZA5,KwaZulu-Natal,ZA526,Zululand,ZA525,Amajuba,2020-10-13,2020-10-13,1,1,1,18116.25108783681,9099.19887816411,15276,20201013,20201013,0.392497537624586,0.5542130860581069,0.053289376317307055,0.4651401640222711,783796.0,0.3311353387795859,0.6144200377537888,0.05444462346662529,0.48045773982507545,502731.0,-0.2762355212355212,0.09615384615384616,-0.16864155251141552,0.25,1,1,1,0,1,0,0,0,0
384301,ZA5,KwaZulu-Natal,ZA5,KwaZulu-Natal,ZA524,Umzinyathi,ZA523,Uthukela,2020-10-13,2020-10-14,2,2,2,242812.4914326645,121291.83867720047,83878,20201013,20201014,0.3952311253914291,0.5454951881678106,0.05927368644076033,0.451447242842509,514461.0,0.36014331224838336,0.5864396074090654,0.05341708034255123,0.46782833191779016,652282.0,-0.28225945945945946,0.07692307692307693,-0.19841226215644822,0.19230769230769232,1,1,1,0,1,0,0,0,0
384302,ZA7,Gauteng,ZA3,Nothern Cape,ZA799,City of Tshwane,ZA309,Frances Baard,2020-10-13,2020-10-14,2,2,2,1487420.711311581,978191.2643801504,143261,20201013,20201014,0.22283079372412132,0.7204843127840075,0.056684893491871245,0.5057337597223363,3627986.0,0.2860169290028057,0.6497360787483951,0.06424699224879928,0.49189928194398214,420580.0,0.48224212034383956,0.9038461538461539,0.29907801418439717,0.8846153846153846,1,1,1,0,1,0,0,0,0
384303,ZA5,KwaZulu-Natal,ZA8,Mpumalanga,ZA595,eThekwini,ZA830,Gert Sibande,2020-10-13,2020-10-13,1,1,1,980602.9587153504,460664.8709003656,30699,20201013,20201013,0.2446364969883556,0.6990922562931536,0.05627124671849075,0.494610924976595,3587907.0,0.30688245639051287,0.6412288994160756,0.05188864419341153,0.49968312815881616,1136106.0,0.5666580406654343,0.9230769230769231,-0.11248741610738255,0.36538461538461536,1,1,1,0,1,0,0,0,0
384304,ZA5,KwaZulu-Natal,ZA5,KwaZulu-Natal,ZA543,Sisonke,ZA522,Umgungundlovu,2020-10-13,2020-10-14,1,1,1,15188.106613699874,1463.5677671111323,31251,20201013,20201014,0.37293146983899067,0.5707096800166399,0.05635885014436937,0.4671305273563743,447117.0,0.2748377359932372,0.663873035280183,0.06128922872657978,0.48236181888519014,1046905.0,-0.2112274881516588,0.17307692307692307,0.0061256544502617805,0.5769230769230769,1,1,1,0,1,0,0,0,0
384305,ZA7,Gauteng,ZA7,Gauteng,ZA742,Sedibeng,ZA798,City of Johannesburg,2020-10-13,2020-10-15,1,1,1,166692.37076626197,83086.61881972,123714,20201013,20201015,0.24393339879416723,0.6953819961266214,0.06068460507921129,0.5059130831550246,994997.0,0.2220629170143196,0.7299897648810346,0.047947318104645836,0.5097433964893054,5540727.0,0.2808379746835443,0.8461538461538461,0.8818060606060606,1.0,1,1,1,0,1,0,0,0,0
384306,ZA5,KwaZulu-Natal,ZA2,Eastern Cape,ZA543,Sisonke,ZA214,Joe Gqabi,2020-10-13,2020-10-26,1,1,1,178849.97662323475,89356.63600939537,1095935,20201013,20201026,0.37293146983899067,0.5707096800166399,0.05635885014436937,0.4671305273563743,447117.0,0.3340471849013029,0.5799636495391386,0.08598916555955849,0.47733103958194023,339473.0,-0.2112274881516588,0.17307692307692307,-0.1839776119402985,0.21153846153846154,1,1,1,0,1,0,0,0,0
384307,ZA6,North West,ZA1,Western Cape,ZA637,Bojanala,ZA104,Eden,2020-10-13,2020-10-13,1,1,1,1152290.8907583223,1151357.8664245184,56020,20201013,20201013,0.25082919250139085,0.6903465537718604,0.05882425372674875,0.5380589003726469,1786678.0,0.24710205256745305,0.6628052101466374,0.09009273728590954,0.4993180863678119,673839.0,0.07430676328502415,0.6538461538461539,0.0004522691705790296,0.5384615384615384,1,1,1,0,1,0,0,0,0
384308,ZA8,Mpumalanga,ZA8,Mpumalanga,ZA831,Nkangala,ZA832,Ehlanzeni,2020-10-13,2020-10-23,1,1,1,282965.0216039944,229276.5667474805,865375,20201013,20201023,0.27290691475673784,0.6711806877078121,0.055912397535449986,0.5109201270525474,1573837.0,0.32438893780700045,0.6235217992770762,0.05208926291592337,0.47979089412028486,1837538.0,0.07867808219178082,0.6730769230769231,0.1315940928270042,0.7307692307692307,1,1,1,0,1,0,0,0,0
384309,ZA3,Nothern Cape,ZA7,Gauteng,ZA309,Frances Baard,ZA797,Ekurhuleni,2020-10-13,2020-10-13,2,2,2,1861749.568512606,896665.9428452906,22442,20201013,20201013,0.2860169290028057,0.6497360787483951,0.06424699224879928,0.49189928194398214,420580.0,0.23296733680905687,0.7203157619169479,0.04671690127399521,0.5205474946472306,3739653.0,0.29907801418439717,0.8846153846153846,0.7435109289617486,0.9615384615384616,1,1,1,0,1,0,0,0,0
384310,ZA9,Limpopo,ZA8,Mpumalanga,ZA936,Waterberg,ZA830,Gert Sibande,2020-10-13,2020-10-13,1,1,1,616740.4093317754,241709.852943073,33334,20201013,20201013,0.2870915348782833,0.6477210572390478,0.06518740788266879,0.5138960603357211,718513.0,0.30688245639051287,0.6412288994160756,0.05188864419341153,0.49968312815881616,1136106.0,0.00236898395721925,0.5576923076923077,-0.11248741610738255,0.36538461538461536,1,1,1,0,1,0,0,0,0
384311,ZA8,Mpumalanga,ZA5,KwaZulu-Natal,ZA830,Gert Sibande,ZA528,Uthungulu,2020-10-13,2020-10-13,1,1,1,977873.69746047,365976.4399766877,37872,20201013,20201013,0.30688245639051287,0.6412288994160756,0.05188864419341153,0.49968312815881616,1136106.0,0.3398562749304085,0.6096443299200878,0.05049939514950375,0.4759701217345943,889476.0,-0.11248741610738255,0.36538461538461536,-0.2202014106583072,0.15384615384615385,1,1,1,0,1,0,0,0,0
384312,ZA5,KwaZulu-Natal,ZA5,KwaZulu-Natal,ZA528,Uthungulu,ZA522,Umgungundlovu,2020-10-13,2020-10-13,2,2,2,1775072.8406515217,464052.8065891556,81422,20201013,20201013,0.3398562749304085,0.6096443299200878,0.05049939514950375,0.4759701217345943,889476.0,0.2748377359932372,0.663873035280183,0.06128922872657978,0.48236181888519014,1046905.0,-0.2202014106583072,0.15384615384615385,0.0061256544502617805,0.5769230769230769,1,1,1,0,1,0,0,0,0
384313,ZA7,Gauteng,ZA1,Western Cape,ZA748,West Rand,ZA191,City of Cape Town,2020-10-13,2020-10-16,1,1,1,2447238.551522082,1694785.154707706,283067,20201013,20201016,0.23154887232085752,0.7207832829912092,0.047667844687933295,0.5288128906961219,856804.0,0.23849582985172932,0.697186217784503,0.06431795236376775,0.4976008771049945,4436413.0,0.23715802469135805,0.8076923076923077,0.7687640750670242,0.9807692307692307,1,1,1,0,1,0,0,0,0
384314,ZA1,Western Cape,ZA1,Western Cape,ZA104,Eden,ZA105,Central Karoo,2020-10-13,2020-10-13,3,3,3,932945.2676763022,293784.05922838504,60280,20201013,20201013,0.24710205256745305,0.6628052101466374,0.09009273728590954,0.4993180863678119,673839.0,0.29415328297801036,0.633639246216906,0.07220747080508365,0.4979247763656518,77582.0,0.0004522691705790296,0.5384615384615384,-0.12604477611940298,0.3269230769230769,1,1,1,0,1,0,0,0,0
384315,ZA9,Limpopo,ZA9,Limpopo,ZA935,Capricorn,ZA933,Mopani,2020-10-13,2020-10-21,1,1,1,155379.55375986578,143768.31996321958,741069,20201013,20201021,0.3265897738288558,0.6007690312860821,0.07264119488506209,0.472231826966417,1295656.0,0.3329418650827259,0.6026296126910996,0.06442852222617454,0.46142626187343905,1062666.0,0.07397387387387387,0.6346153846153846,-0.037928345626975765,0.4807692307692308,1,1,1,0,1,0,0,0,0
384316,ZA1,Western Cape,ZA1,Western Cape,ZA191,City of Cape Town,ZA103,Overberg,2020-10-13,2020-10-24,2,2,2,285223.56739403534,285019.9759759567,1951419,20201013,20201024,0.23849582985172932,0.697186217784503,0.06431795236376775,0.4976008771049945,4436413.0,0.22836513904770692,0.6721314716747349,0.09950338927755827,0.511077351980676,303457.0,0.7687640750670242,0.9807692307692307,0.051486772486772484,0.5961538461538461,1,1,1,0,1,0,0,0,0
384317,ZA3,Nothern Cape,ZA5,KwaZulu-Natal,ZA307,Pixley ka Seme,ZA521,Ugu,2020-10-13,2020-10-13,1,1,1,1682260.954949377,962401.4323942576,43634,20201013,20201013,0.3060749448635213,0.6232332132979509,0.0706918418385278,0.5011842246002923,196331.0,0.32122674606698143,0.6016982741355622,0.07707497979745637,0.47391596021954596,714019.0,0.1854655172413793,0.75,-0.09480895915678524,0.40384615384615385,1,1,1,0,1,0,0,0,0
384318,ZA9,Limpopo,ZA6,North West,ZA933,Mopani,ZA637,Bojanala,2020-10-13,2020-10-14,1,1,1,937200.8350242808,483817.0583431223,54780,20201013,20201014,0.3329418650827259,0.6026296126910996,0.06442852222617454,0.46142626187343905,1062666.0,0.25082919250139085,0.6903465537718604,0.05882425372674875,0.5380589003726469,1786678.0,-0.037928345626975765,0.4807692307692308,0.07430676328502415,0.6538461538461539,1,1,1,0,1,0,0,0,0
384319,ZA5,KwaZulu-Natal,ZA5,KwaZulu-Natal,ZA523,Uthukela,ZA526,Zululand,2020-10-13,2020-10-13,3,3,3,1478037.2465377524,440250.0091571747,47400,20201013,20201013,0.36014331224838336,0.5864396074090654,0.05341708034255123,0.46782833191779016,652282.0,0.392497537624586,0.5542130860581069,0.053289376317307055,0.4651401640222711,783796.0,-0.19841226215644822,0.19230769230769232,-0.2762355212355212,0.09615384615384616,1,1,1,0,1,0,0,0,0
384320,ZA5,KwaZulu-Natal,ZA5,KwaZulu-Natal,ZA523,Uthukela,ZA522,Umgungundlovu,2020-10-13,2020-10-16,1,1,1,165826.76058926736,81415.99099103152,208868,20201013,20201016,0.36014331224838336,0.5864396074090654,0.05341708034255123,0.46782833191779016,652282.0,0.2748377359932372,0.663873035280183,0.06128922872657978,0.48236181888519014,1046905.0,-0.19841226215644822,0.19230769230769232,0.0061256544502617805,0.5769230769230769,1,1,1,0,1,0,0,0,0
384321,ZA6,North West,ZA7,Gauteng,ZA638,Ngaka Modiri Molema,ZA748,West Rand,2020-10-13,2020-10-13,2,2,2,728647.9383816221,336538.5913191358,63154,20201013,20201013,0.3236353449196357,0.6078801705223251,0.06848448455803925,0.4964769205863341,870971.0,0.23154887232085752,0.7207832829912092,0.047667844687933295,0.5288128906961219,856804.0,-0.18344824707846413,0.23076923076923078,0.23715802469135805,0.8076923076923077,1,1,1,0,1,0,0,0,0
384322,ZA5,KwaZulu-Natal,ZA7,Gauteng,ZA529,iLembe,ZA799,City of Tshwane,2020-10-13,2020-10-14,1,1,1,1151826.5066283897,553668.6271178238,55857,20201013,20201014,0.32390440311621094,0.6202867780885334,0.05580881879525565,0.4827645772056803,636799.0,0.22283079372412132,0.7204843127840075,0.056684893491871245,0.5057337597223363,3627986.0,-0.14951617873651774,0.28846153846153844,0.48224212034383956,0.9038461538461539,1,1,1,0,1,0,0,0,0
384323,ZA7,Gauteng,ZA5,KwaZulu-Natal,ZA798,City of Johannesburg,ZA528,Uthungulu,2020-10-13,2020-10-13,1,1,1,1216135.8986470508,505636.7510736987,34496,20201013,20201013,0.2220629170143196,0.7299897648810346,0.047947318104645836,0.5097433964893054,5540727.0,0.3398562749304085,0.6096443299200878,0.05049939514950375,0.4759701217345943,889476.0,0.8818060606060606,1.0,-0.2202014106583072,0.15384615384615385,1,1,1,0,1,0,0,0,0
384324,ZA4,Free State,ZA5,KwaZulu-Natal,ZA419,Thabo Mofutsanyane,ZA521,Ugu,2020-10-13,2020-10-13,2,2,2,1935589.7400311888,779346.2001844903,31522,20201013,20201013,0.31143326559338835,0.6251823622683981,0.06338437213821363,0.47028720831466336,662829.0,0.32122674606698143,0.6016982741355622,0.07707497979745637,0.47391596021954596,714019.0,0.10770218579234972,0.7115384615384616,-0.09480895915678524,0.40384615384615385,1,1,1,0,1,0,0,0,0
384325,ZA6,North West,ZA4,Free State,ZA638,Ngaka Modiri Molema,ZA494,Mangaung,2020-10-13,2020-10-24,1,1,1,301190.22708424384,301150.68440289056,980389,20201013,20201024,0.3236353449196357,0.6078801705223251,0.06848448455803925,0.4964769205863341,870971.0,0.26262942751272955,0.6754982029249197,0.06187236956235082,0.4901411892511804,826621.0,-0.18344824707846413,0.23076923076923078,0.27329104477611943,0.8269230769230769,1,1,1,0,1,0,0,0,0
384326,ZA3,Nothern Cape,ZA3,Nothern Cape,ZA345,John Taolo Gaetsewe,ZA306,Namakwa,2020-10-13,2020-10-13,1,1,1,1896810.3130840624,560278.0607157387,30021,20201013,20201013,0.31986957060536586,0.628082594956317,0.05204783443831712,0.4959027820806741,258224.0,0.2479438366342976,0.6592106724059887,0.09284549095971371,0.5132337492633683,117087.0,-0.13480926430517712,0.3076923076923077,0.06505633802816901,0.6153846153846154,1,1,1,0,1,0,0,0,0
384327,ZA1,Western Cape,ZA9,Limpopo,ZA191,City of Cape Town,ZA935,Capricorn,2020-10-13,2020-10-13,2,2,2,3671203.9776957054,3119605.413874897,77929,20201013,20201013,0.23849582985172932,0.697186217784503,0.06431795236376775,0.4976008771049945,4436413.0,0.3265897738288558,0.6007690312860821,0.07264119488506209,0.472231826966417,1295656.0,0.7687640750670242,0.9807692307692307,0.07397387387387387,0.6346153846153846,1,1,1,0,1,0,0,0,0
384328,ZA5,KwaZulu-Natal,ZA5,KwaZulu-Natal,ZA528,Uthungulu,ZA595,eThekwini,2020-10-13,2020-10-14,1,1,1,231512.26386876235,117119.54869998776,29873,20201013,20201014,0.3398562749304085,0.6096443299200878,0.05049939514950375,0.4759701217345943,889476.0,0.2446364969883556,0.6990922562931536,0.05627124671849075,0.494610924976595,3587907.0,-0.2202014106583072,0.15384615384615385,0.5666580406654343,0.9230769230769231,1,1,1,0,1,0,0,0,0
384329,ZA1,Western Cape,ZA1,Western Cape,ZA103,Overberg,ZA104,Eden,2020-10-13,2020-10-15,1,1,1,655709.8376653832,268582.80761219305,130411,20201013,20201015,0.22836513904770692,0.6721314716747349,0.09950338927755827,0.511077351980676,303457.0,0.24710205256745305,0.6628052101466374,0.09009273728590954,0.4993180863678119,673839.0,0.051486772486772484,0.5961538461538461,0.0004522691705790296,0.5384615384615384,1,1,1,0,1,0,0,0,0
384330,ZA4,Free State,ZA7,Gauteng,ZA494,Mangaung,ZA799,City of Tshwane,2020-10-13,2020-10-14,1,1,1,862669.8552660233,426862.6273568,107964,20201013,20201014,0.26262942751272955,0.6754982029249197,0.06187236956235082,0.4901411892511804,826621.0,0.22283079372412132,0.7204843127840075,0.056684893491871245,0.5057337597223363,3627986.0,0.27329104477611943,0.8269230769230769,0.48224212034383956,0.9038461538461539,1,1,1,0,1,0,0,0,0
384331,ZA6,North West,ZA4,Free State,ZA637,Bojanala,ZA420,Fezile Dabi,2020-10-13,2020-10-13,1,1,1,409476.0695936423,143184.00884502896,10973,20201013,20201013,0.25082919250139085,0.6903465537718604,0.05882425372674875,0.5380589003726469,1786678.0,0.2705098118551487,0.6604572122193,0.06903297592555128,0.5050070807202104,494300.0,0.07430676328502415,0.6538461538461539,0.2276555023923445,0.7884615384615384,1,1,1,0,1,0,0,0,0
384332,ZA5,KwaZulu-Natal,ZA5,KwaZulu-Natal,ZA522,Umgungundlovu,ZA526,Zululand,2020-10-13,2020-10-13,2,2,2,891287.4937653244,608645.8153140435,74505,20201013,20201013,0.2748377359932372,0.663873035280183,0.06128922872657978,0.48236181888519014,1046905.0,0.392497537624586,0.5542130860581069,0.053289376317307055,0.4651401640222711,783796.0,0.0061256544502617805,0.5769230769230769,-0.2762355212355212,0.09615384615384616,1,1,1,0,1,0,0,0,0
384333,ZA5,KwaZulu-Natal,ZA4,Free State,ZA523,Uthukela,ZA419,Thabo Mofutsanyane,2020-10-13,2020-10-14,1,1,1,1506371.551238857,203031.93769944197,47592,20201013,20201014,0.36014331224838336,0.5864396074090654,0.05341708034255123,0.46782833191779016,652282.0,0.31143326559338835,0.6251823622683981,0.06338437213821363,0.47028720831466336,662829.0,-0.19841226215644822,0.19230769230769232,0.10770218579234972,0.7115384615384616,1,1,1,0,1,0,0,0,0
384334,ZA1,Western Cape,ZA6,North West,ZA191,City of Cape Town,ZA638,Ngaka Modiri Molema,2020-10-13,2020-10-13,1,1,1,1328571.1023052728,1328131.5172520375,34334,20201013,20201013,0.23849582985172932,0.697186217784503,0.06431795236376775,0.4976008771049945,4436413.0,0.3236353449196357,0.6078801705223251,0.06848448455803925,0.4964769205863341,870971.0,0.7687640750670242,0.9807692307692307,-0.18344824707846413,0.23076923076923078,1,1,1,0,1,0,0,0,0
384335,ZA2,Eastern Cape,ZA4,Free State,ZA210,Cacadu,ZA418,Lejweleputswa,2020-10-13,2020-10-14,1,1,1,1329313.7560281227,745660.1543959065,73235,20201013,20201014,0.2618455236218228,0.6571170870354837,0.08103738934269357,0.4975242081945451,491156.0,0.27941650281351393,0.6617931601395349,0.058790337046951115,0.500105365269169,574193.0,-0.01848062015503876,0.5,0.29495049504950493,0.8653846153846154,1,1,1,0,1,0,0,0,0
384336,ZA8,Mpumalanga,ZA7,Gauteng,ZA830,Gert Sibande,ZA797,Ekurhuleni,2020-10-13,2020-10-20,1,1,1,198833.43576310755,98770.52046321431,634915,20201013,20201020,0.30688245639051287,0.6412288994160756,0.05188864419341153,0.49968312815881616,1136106.0,0.23296733680905687,0.7203157619169479,0.04671690127399521,0.5205474946472306,3739653.0,-0.11248741610738255,0.36538461538461536,0.7435109289617486,0.9615384615384616,1,1,1,0,1,0,0,0,0
384337,ZA5,KwaZulu-Natal,ZA4,Free State,ZA521,Ugu,ZA494,Mangaung,2020-10-13,2020-10-14,1,1,1,1112211.9712554023,616224.2006037856,74237,20201013,20201014,0.32122674606698143,0.6016982741355622,0.07707497979745637,0.47391596021954596,714019.0,0.26262942751272955,0.6754982029249197,0.06187236956235082,0.4901411892511804,826621.0,-0.09480895915678524,0.40384615384615385,0.27329104477611943,0.8269230769230769,1,1,1,0,1,0,0,0,0
384338,ZA1,Western Cape,ZA4,Free State,ZA191,City of Cape Town,ZA416,Xhariep,2020-10-13,2020-10-13,1,1,1,1727663.272073447,976401.741762705,41812,20201013,20201013,0.23849582985172932,0.697186217784503,0.06431795236376775,0.4976008771049945,4436413.0,0.29515218562959183,0.6325513667867511,0.07229644758365718,0.5005153225730198,105759.0,0.7687640750670242,0.9807692307692307,0.18671264367816093,0.7692307692307693,1,1,1,0,1,0,0,0,0
384339,ZA5,KwaZulu-Natal,ZA7,Gauteng,ZA522,Umgungundlovu,ZA799,City of Tshwane,2020-10-13,2020-10-13,1,1,1,957846.5216449128,473051.1090826578,21819,20201013,20201013,0.2748377359932372,0.663873035280183,0.06128922872657978,0.48236181888519014,1046905.0,0.22283079372412132,0.7204843127840075,0.056684893491871245,0.5057337597223363,3627986.0,0.0061256544502617805,0.5769230769230769,0.48224212034383956,0.9038461538461539,1,1,1,0,1,0,0,0,0
384340,ZA8,Mpumalanga,ZA5,KwaZulu-Natal,ZA832,Ehlanzeni,ZA529,iLembe,2020-10-13,2020-10-13,1,1,1,934330.1962153846,467157.1257931679,960,20201013,20201013,0.32438893780700045,0.6235217992770762,0.05208926291592337,0.47979089412028486,1837538.0,0.32390440311621094,0.6202867780885334,0.05580881879525565,0.4827645772056803,636799.0,0.1315940928270042,0.7307692307692307,-0.14951617873651774,0.28846153846153844,1,1,1,0,1,0,0,0,0
384341,ZA1,Western Cape,ZA8,Mpumalanga,ZA102,Cape Winelands,ZA832,Ehlanzeni,2020-10-13,2020-10-13,1,1,1,3369303.813797053,1602851.4022086752,32475,20201013,20201013,0.24989252608235304,0.6902123420738123,0.059895131843834624,0.5011121214086944,909523.0,0.32438893780700045,0.6235217992770762,0.05208926291592337,0.47979089412028486,1837538.0,-0.012388831437435367,0.5192307692307693,0.1315940928270042,0.7307692307692307,1,1,1,0,1,0,0,0,0
384342,ZA8,Mpumalanga,ZA8,Mpumalanga,ZA830,Gert Sibande,ZA832,Ehlanzeni,2020-10-13,2020-10-14,2,2,2,684744.8918515668,152123.57746723198,67125,20201013,20201014,0.30688245639051287,0.6412288994160756,0.05188864419341153,0.49968312815881616,1136106.0,0.32438893780700045,0.6235217992770762,0.05208926291592337,0.47979089412028486,1837538.0,-0.11248741610738255,0.36538461538461536,0.1315940928270042,0.7307692307692307,1,1,1,0,1,0,0,0,0
384343,ZA6,North West,ZA7,Gauteng,ZA640,Dr Kenneth Kaunda,ZA799,City of Tshwane,2020-10-13,2020-10-31,1,1,1,160285.2989502546,160285.2989502546,1587073,20201013,20201031,0.27505895171327793,0.6602340041700301,0.06470704411669191,0.5065976875287468,754431.0,0.22283079372412132,0.7204843127840075,0.056684893491871245,0.5057337597223363,3627986.0,-0.10069384057971015,0.38461538461538464,0.48224212034383956,0.9038461538461539,1,1,1,0,1,0,0,0,0
384344,ZA5,KwaZulu-Natal,ZA5,KwaZulu-Natal,ZA543,Sisonke,ZA543,Sisonke,2020-10-13,2020-10-22,1,1,1,96197.69143759918,394.3993882352903,755881,20201013,20201022,0.37293146983899067,0.5707096800166399,0.05635885014436937,0.4671305273563743,447117.0,0.37293146983899067,0.5707096800166399,0.05635885014436937,0.4671305273563743,447117.0,-0.2112274881516588,0.17307692307692307,-0.2112274881516588,0.17307692307692307,1,1,1,0,1,0,0,0,0
384345,ZA7,Gauteng,ZA6,North West,ZA797,Ekurhuleni,ZA639,Dr Ruth Segomotsi Mompati,2020-10-13,2020-10-13,1,1,1,1272514.398339548,333388.7042355495,31499,20201013,20201013,0.23296733680905687,0.7203157619169479,0.04671690127399521,0.5205474946472306,3739653.0,0.3412335579082451,0.5850872971649528,0.07367914492680208,0.4911837461796937,473784.0,0.7435109289617486,0.9615384615384616,-0.16626678765880218,0.2692307692307692,1,1,1,0,1,0,0,0,0
384346,ZA5,KwaZulu-Natal,ZA5,KwaZulu-Natal,ZA526,Zululand,ZA528,Uthungulu,2020-10-13,2020-10-14,2,2,2,345847.9493904904,60752.8840511832,62988,20201013,20201014,0.392497537624586,0.5542130860581069,0.053289376317307055,0.4651401640222711,783796.0,0.3398562749304085,0.6096443299200878,0.05049939514950375,0.4759701217345943,889476.0,-0.2762355212355212,0.09615384615384616,-0.2202014106583072,0.15384615384615385,1,1,1,0,1,0,0,0,0
384347,ZA7,Gauteng,ZA4,Free State,ZA797,Ekurhuleni,ZA420,Fezile Dabi,2020-10-13,2020-10-17,1,1,1,957783.4220926716,80006.50074899448,301959,20201013,20201017,0.23296733680905687,0.7203157619169479,0.04671690127399521,0.5205474946472306,3739653.0,0.2705098118551487,0.6604572122193,0.06903297592555128,0.5050070807202104,494300.0,0.7435109289617486,0.9615384615384616,0.2276555023923445,0.7884615384615384,1,1,1,0,1,0,0,0,0
384348,ZA8,Mpumalanga,ZA4,Free State,ZA831,Nkangala,ZA420,Fezile Dabi,2020-10-13,2020-10-17,1,1,1,534906.3662081161,267433.0961457079,339338,20201013,20201017,0.27290691475673784,0.6711806877078121,0.055912397535449986,0.5109201270525474,1573837.0,0.2705098118551487,0.6604572122193,0.06903297592555128,0.5050070807202104,494300.0,0.07867808219178082,0.6730769230769231,0.2276555023923445,0.7884615384615384,1,1,1,0,1,0,0,0,0
384349,ZA7,Gauteng,ZA5,KwaZulu-Natal,ZA799,City of Tshwane,ZA527,Umkhanyakude,2020-10-13,2020-10-14,1,1,1,2034337.638520865,444307.9456762534,88265,20201013,20201014,0.22283079372412132,0.7204843127840075,0.056684893491871245,0.5057337597223363,3627986.0,0.40017378652548197,0.5489306999026919,0.05089551357182606,0.4622270789873748,643318.0,0.48224212034383956,0.9038461538461539,-0.31784377542717657,0.038461538461538464,1,1,1,0,1,0,0,0,0
384350,ZA6,North West,ZA7,Gauteng,ZA639,Dr Ruth Segomotsi Mompati,ZA748,West Rand,2020-10-13,2020-10-24,1,1,1,752687.2761635901,340914.1585131411,951870,20201013,20201024,0.3412335579082451,0.5850872971649528,0.07367914492680208,0.4911837461796937,473784.0,0.23154887232085752,0.7207832829912092,0.047667844687933295,0.5288128906961219,856804.0,-0.16626678765880218,0.2692307692307692,0.23715802469135805,0.8076923076923077,1,1,1,0,1,0,0,0,0
384351,ZA5,KwaZulu-Natal,ZA5,KwaZulu-Natal,ZA521,Ugu,ZA528,Uthungulu,2020-10-13,2020-10-13,1,1,1,441364.9961570776,219731.9751936259,30372,20201013,20201013,0.32122674606698143,0.6016982741355622,0.07707497979745637,0.47391596021954596,714019.0,0.3398562749304085,0.6096443299200878,0.05049939514950375,0.4759701217345943,889476.0,-0.09480895915678524,0.40384615384615385,-0.2202014106583072,0.15384615384615385,1,1,1,0,1,0,0,0,0
384352,ZA8,Mpumalanga,ZA7,Gauteng,ZA830,Gert Sibande,ZA798,City of Johannesburg,2020-10-13,2020-10-17,1,1,1,991994.0547019436,113135.15395397515,363076,20201013,20201017,0.30688245639051287,0.6412288994160756,0.05188864419341153,0.49968312815881616,1136106.0,0.2220629170143196,0.7299897648810346,0.047947318104645836,0.5097433964893054,5540727.0,-0.11248741610738255,0.36538461538461536,0.8818060606060606,1.0,1,1,1,0,1,0,0,0,0
384353,ZA6,North West,ZA4,Free State,ZA640,Dr Kenneth Kaunda,ZA420,Fezile Dabi,2020-10-13,2020-10-21,1,1,1,230254.0568741201,115118.2670733648,717793,20201013,20201021,0.27505895171327793,0.6602340041700301,0.06470704411669191,0.5065976875287468,754431.0,0.2705098118551487,0.6604572122193,0.06903297592555128,0.5050070807202104,494300.0,-0.10069384057971015,0.38461538461538464,0.2276555023923445,0.7884615384615384,1,1,1,0,1,0,0,0,0
384354,ZA7,Gauteng,ZA9,Limpopo,ZA799,City of Tshwane,ZA936,Waterberg,2020-10-13,2020-10-14,2,2,2,586364.1824197682,268123.13858070347,68625,20201013,20201014,0.22283079372412132,0.7204843127840075,0.056684893491871245,0.5057337597223363,3627986.0,0.2870915348782833,0.6477210572390478,0.06518740788266879,0.5138960603357211,718513.0,0.48224212034383956,0.9038461538461539,0.00236898395721925,0.5576923076923077,1,1,1,0,1,0,0,0,0
384355,ZA8,Mpumalanga,ZA6,North West,ZA830,Gert Sibande,ZA637,Bojanala,2020-10-13,2020-10-13,2,2,2,1041818.8997209822,436500.1593724964,42013,20201013,20201013,0.30688245639051287,0.6412288994160756,0.05188864419341153,0.49968312815881616,1136106.0,0.25082919250139085,0.6903465537718604,0.05882425372674875,0.5380589003726469,1786678.0,-0.11248741610738255,0.36538461538461536,0.07430676328502415,0.6538461538461539,1,1,1,0,1,0,0,0,0
384356,ZA4,Free State,ZA4,Free State,ZA494,Mangaung,ZA418,Lejweleputswa,2020-10-13,2020-10-14,1,1,1,134774.8630207237,67101.29031830668,14929,20201013,20201014,0.26262942751272955,0.6754982029249197,0.06187236956235082,0.4901411892511804,826621.0,0.27941650281351393,0.6617931601395349,0.058790337046951115,0.500105365269169,574193.0,0.27329104477611943,0.8269230769230769,0.29495049504950493,0.8653846153846154,1,1,1,0,1,0,0,0,0
384357,ZA2,Eastern Cape,ZA7,Gauteng,ZA293,Nelson Mandela Bay,ZA798,City of Johannesburg,2020-10-13,2020-10-13,3,3,3,4636868.474523068,2708190.3308502,58665,20201013,20201013,0.2465186661259611,0.6842154879637478,0.0692658459102911,0.4877654529777138,1230491.0,0.2220629170143196,0.7299897648810346,0.047947318104645836,0.5097433964893054,5540727.0,0.5740514018691588,0.9423076923076923,0.8818060606060606,1.0,1,1,1,0,1,0,0,0,0
384358,ZA1,Western Cape,ZA7,Gauteng,ZA102,Cape Winelands,ZA798,City of Johannesburg,2020-10-13,2020-10-31,1,1,1,2429338.0583181847,1169577.764800836,1519246,20201013,20201031,0.24989252608235304,0.6902123420738123,0.059895131843834624,0.5011121214086944,909523.0,0.2220629170143196,0.7299897648810346,0.047947318104645836,0.5097433964893054,5540727.0,-0.012388831437435367,0.5192307692307693,0.8818060606060606,1.0,1,1,1,0,1,0,0,0,0
384359,ZA4,Free State,ZA1,Western Cape,ZA418,Lejweleputswa,ZA104,Eden,2020-10-13,2020-10-13,1,1,1,939187.5775851113,814214.3459274294,35950,20201013,20201013,0.27941650281351393,0.6617931601395349,0.058790337046951115,0.500105365269169,574193.0,0.24710205256745305,0.6628052101466374,0.09009273728590954,0.4993180863678119,673839.0,0.29495049504950493,0.8653846153846154,0.0004522691705790296,0.5384615384615384,1,1,1,0,1,0,0,0,0
384360,ZA6,North West,ZA5,KwaZulu-Natal,ZA640,Dr Kenneth Kaunda,ZA595,eThekwini,2020-10-13,2020-10-13,1,1,1,1337798.3852749667,511571.6243980822,32718,20201013,20201013,0.27505895171327793,0.6602340041700301,0.06470704411669191,0.5065976875287468,754431.0,0.2446364969883556,0.6990922562931536,0.05627124671849075,0.494610924976595,3587907.0,-0.10069384057971015,0.38461538461538464,0.5666580406654343,0.9230769230769231,1,1,1,0,1,0,0,0,0
384361,ZA2,Eastern Cape,ZA2,Eastern Cape,ZA212,Amathole,ZA213,Chris Hani,2020-10-13,2020-10-25,1,1,1,91471.21556381484,91471.21556381484,1054512,20201013,20201025,0.32816698449842097,0.5696178168124134,0.1022151986891656,0.47434426623917664,789726.0,0.334940582305372,0.572656560540376,0.09240285715425203,0.478383232498069,752217.0,-0.3192883211678832,0.019230769230769232,-0.29251697892271666,0.057692307692307696,1,1,1,0,1,0,0,0,0
384362,ZA7,Gauteng,ZA9,Limpopo,ZA798,City of Johannesburg,ZA936,Waterberg,2020-10-13,2020-10-16,1,1,1,496422.8896748271,248211.5102981983,244171,20201013,20201016,0.2220629170143196,0.7299897648810346,0.047947318104645836,0.5097433964893054,5540727.0,0.2870915348782833,0.6477210572390478,0.06518740788266879,0.5138960603357211,718513.0,0.8818060606060606,1.0,0.00236898395721925,0.5576923076923077,1,1,1,0,1,0,0,0,0
384363,ZA3,Nothern Cape,ZA1,Western Cape,ZA308,Z F Mgcawu,ZA101,West Coast,2020-10-13,2020-10-13,1,1,1,1824868.4844493093,792369.1446348983,38022,20201013,20201013,0.27601757542529287,0.6641943181028425,0.059788106471864645,0.5142626583989065,258998.0,0.24466466325617858,0.6852166396976793,0.0701186970461421,0.5060695297345649,497485.0,-0.04016603773584906,0.46153846153846156,-0.12079976303317536,0.34615384615384615,1,1,1,0,1,0,0,0,0
384364,ZA2,Eastern Cape,ZA5,KwaZulu-Natal,ZA292,Buffalo City,ZA595,eThekwini,2020-10-13,2020-10-13,1,1,1,1802379.1885399036,462337.684264742,31355,20201013,20201013,0.254980022080858,0.6758306608485358,0.06918931707060617,0.48177934914042375,760840.0,0.2446364969883556,0.6990922562931536,0.05627124671849075,0.494610924976595,3587907.0,0.09585175879396986,0.6923076923076923,0.5666580406654343,0.9230769230769231,1,1,1,0,1,0,0,0,0
384365,ZA7,Gauteng,ZA1,Western Cape,ZA797,Ekurhuleni,ZA104,Eden,2020-10-13,2020-10-16,1,1,1,2066860.857504474,1033437.3235267772,204134,20201013,20201016,0.23296733680905687,0.7203157619169479,0.04671690127399521,0.5205474946472306,3739653.0,0.24710205256745305,0.6628052101466374,0.09009273728590954,0.4993180863678119,673839.0,0.7435109289617486,0.9615384615384616,0.0004522691705790296,0.5384615384615384,1,1,1,0,1,0,0,0,0
384366,ZA6,North West,ZA3,Nothern Cape,ZA640,Dr Kenneth Kaunda,ZA309,Frances Baard,2020-10-13,2020-10-14,1,1,1,1428241.927814238,352149.54791988817,33174,20201013,20201014,0.27505895171327793,0.6602340041700301,0.06470704411669191,0.5065976875287468,754431.0,0.2860169290028057,0.6497360787483951,0.06424699224879928,0.49189928194398214,420580.0,-0.10069384057971015,0.38461538461538464,0.29907801418439717,0.8846153846153846,1,1,1,0,1,0,0,0,0
384367,ZA2,Eastern Cape,ZA4,Free State,ZA244,Alfred Nzo,ZA419,Thabo Mofutsanyane,2020-10-13,2020-10-14,1,1,1,2393719.7589412984,601184.7844659097,68447,20201013,20201014,0.40782127157510134,0.5221222097470932,0.07005651867780548,0.4576553946475353,788235.0,0.31143326559338835,0.6251823622683981,0.06338437213821363,0.47028720831466336,662829.0,-0.27396673320026615,0.11538461538461539,0.10770218579234972,0.7115384615384616,1,1,1,0,1,0,0,0,0
384368,ZA5,KwaZulu-Natal,ZA2,Eastern Cape,ZA595,eThekwini,ZA293,Nelson Mandela Bay,2020-10-13,2020-10-13,1,1,1,2193320.6642216844,717565.2817915274,31802,20201013,20201013,0.2446364969883556,0.6990922562931536,0.05627124671849075,0.494610924976595,3587907.0,0.2465186661259611,0.6842154879637478,0.0692658459102911,0.4877654529777138,1230491.0,0.5666580406654343,0.9230769230769231,0.5740514018691588,0.9423076923076923,1,1,1,0,1,0,0,0,0
384369,ZA4,Free State,ZA6,North West,ZA494,Mangaung,ZA639,Dr Ruth Segomotsi Mompati,2020-10-13,2020-10-14,1,1,1,267495.37713612616,188185.36027015588,38708,20201013,20201014,0.26262942751272955,0.6754982029249197,0.06187236956235082,0.4901411892511804,826621.0,0.3412335579082451,0.5850872971649528,0.07367914492680208,0.4911837461796937,473784.0,0.27329104477611943,0.8269230769230769,-0.16626678765880218,0.2692307692307692,1,1,1,0,1,0,0,0,0
384370,ZA8,Mpumalanga,ZA6,North West,ZA830,Gert Sibande,ZA640,Dr Kenneth Kaunda,2020-10-13,2020-10-13,1,1,1,605372.9692662618,206069.18920693063,8940,20201013,20201013,0.30688245639051287,0.6412288994160756,0.05188864419341153,0.49968312815881616,1136106.0,0.27505895171327793,0.6602340041700301,0.06470704411669191,0.5065976875287468,754431.0,-0.11248741610738255,0.36538461538461536,-0.10069384057971015,0.38461538461538464,1,1,1,0,1,0,0,0,0
384371,ZA2,Eastern Cape,ZA5,KwaZulu-Natal,ZA293,Nelson Mandela Bay,ZA521,Ugu,2020-10-13,2020-10-13,1,1,1,2288915.361963028,767434.8412757709,34603,20201013,20201013,0.2465186661259611,0.6842154879637478,0.0692658459102911,0.4877654529777138,1230491.0,0.32122674606698143,0.6016982741355622,0.07707497979745637,0.47391596021954596,714019.0,0.5740514018691588,0.9423076923076923,-0.09480895915678524,0.40384615384615385,1,1,1,0,1,0,0,0,0
384372,ZA2,Eastern Cape,ZA2,Eastern Cape,ZA292,Buffalo City,ZA213,Chris Hani,2020-10-13,2020-10-13,4,4,4,1936159.7450848056,589811.5049409836,116349,20201013,20201013,0.254980022080858,0.6758306608485358,0.06918931707060617,0.48177934914042375,760840.0,0.334940582305372,0.572656560540376,0.09240285715425203,0.478383232498069,752217.0,0.09585175879396986,0.6923076923076923,-0.29251697892271666,0.057692307692307696,1,1,1,0,1,0,0,0,0
384373,ZA9,Limpopo,ZA9,Limpopo,ZA935,Capricorn,ZA936,Waterberg,2020-10-13,2020-10-14,1,1,1,120156.78953682478,60078.07491330525,14705,20201013,20201014,0.3265897738288558,0.6007690312860821,0.07264119488506209,0.472231826966417,1295656.0,0.2870915348782833,0.6477210572390478,0.06518740788266879,0.5138960603357211,718513.0,0.07397387387387387,0.6346153846153846,0.00236898395721925,0.5576923076923077,1,1,1,0,1,0,0,0,0
384374,ZA5,KwaZulu-Natal,ZA5,KwaZulu-Natal,ZA595,eThekwini,ZA525,Amajuba,2020-10-13,2020-10-19,1,1,1,573390.27258052,249512.6500530075,479774,20201013,20201019,0.2446364969883556,0.6990922562931536,0.05627124671849075,0.494610924976595,3587907.0,0.3311353387795859,0.6144200377537888,0.05444462346662529,0.48045773982507545,502731.0,0.5666580406654343,0.9230769230769231,-0.16864155251141552,0.25,1,1,1,0,1,0,0,0,0
384375,ZA3,Nothern Cape,ZA6,North West,ZA345,John Taolo Gaetsewe,ZA638,Ngaka Modiri Molema,2020-10-13,2020-10-13,1,1,1,732149.6790562626,372180.9242579914,17686,20201013,20201013,0.31986957060536586,0.628082594956317,0.05204783443831712,0.4959027820806741,258224.0,0.3236353449196357,0.6078801705223251,0.06848448455803925,0.4964769205863341,870971.0,-0.13480926430517712,0.3076923076923077,-0.18344824707846413,0.23076923076923078,1,1,1,0,1,0,0,0,0
384376,ZA3,Nothern Cape,ZA5,KwaZulu-Natal,ZA309,Frances Baard,ZA522,Umgungundlovu,2020-10-13,2020-10-23,1,1,1,896305.0648639374,512469.49952489446,819059,20201013,20201023,0.2860169290028057,0.6497360787483951,0.06424699224879928,0.49189928194398214,420580.0,0.2748377359932372,0.663873035280183,0.06128922872657978,0.48236181888519014,1046905.0,0.29907801418439717,0.8846153846153846,0.0061256544502617805,0.5769230769230769,1,1,1,0,1,0,0,0,0
384377,ZA7,Gauteng,ZA9,Limpopo,ZA799,City of Tshwane,ZA933,Mopani,2020-10-13,2020-10-13,3,3,3,3245908.366118648,1184620.9211333217,115704,20201013,20201013,0.22283079372412132,0.7204843127840075,0.056684893491871245,0.5057337597223363,3627986.0,0.3329418650827259,0.6026296126910996,0.06442852222617454,0.46142626187343905,1062666.0,0.48224212034383956,0.9038461538461539,-0.037928345626975765,0.4807692307692308,1,1,1,0,1,0,0,0,0
384378,ZA1,Western Cape,ZA1,Western Cape,ZA103,Overberg,ZA103,Overberg,2020-10-13,2020-10-18,1,1,1,161867.18183513527,80529.19412831959,492352,20201013,20201018,0.22836513904770692,0.6721314716747349,0.09950338927755827,0.511077351980676,303457.0,0.22836513904770692,0.6721314716747349,0.09950338927755827,0.511077351980676,303457.0,0.051486772486772484,0.5961538461538461,0.051486772486772484,0.5961538461538461,1,1,1,0,1,0,0,0,0
384379,ZA4,Free State,ZA9,Limpopo,ZA419,Thabo Mofutsanyane,ZA936,Waterberg,2020-10-13,2020-10-13,1,1,1,1609566.440773842,414675.2930280106,44992,20201013,20201013,0.31143326559338835,0.6251823622683981,0.06338437213821363,0.47028720831466336,662829.0,0.2870915348782833,0.6477210572390478,0.06518740788266879,0.5138960603357211,718513.0,0.10770218579234972,0.7115384615384616,0.00236898395721925,0.5576923076923077,1,1,1,0,1,0,0,0,0
384380,ZA1,Western Cape,ZA1,Western Cape,ZA105,Central Karoo,ZA191,City of Cape Town,2020-10-13,2020-10-14,2,2,2,5430006.938953238,948630.4709689276,74056,20201013,20201014,0.29415328297801036,0.633639246216906,0.07220747080508365,0.4979247763656518,77582.0,0.23849582985172932,0.697186217784503,0.06431795236376775,0.4976008771049945,4436413.0,-0.12604477611940298,0.3269230769230769,0.7687640750670242,0.9807692307692307,1,1,1,0,1,0,0,0,0
384381,ZA5,KwaZulu-Natal,ZA9,Limpopo,ZA523,Uthukela,ZA935,Capricorn,2020-10-13,2020-10-13,1,1,1,1305688.9025394295,568224.1157121717,34011,20201013,20201013,0.36014331224838336,0.5864396074090654,0.05341708034255123,0.46782833191779016,652282.0,0.3265897738288558,0.6007690312860821,0.07264119488506209,0.472231826966417,1295656.0,-0.19841226215644822,0.19230769230769232,0.07397387387387387,0.6346153846153846,1,1,1,0,1,0,0,0,0
384382,ZA2,Eastern Cape,ZA2,Eastern Cape,ZA212,Amathole,ZA215,O.R.Tambo,2020-10-13,2020-10-14,1,1,1,3681.426337407901,1375.933758361684,33155,20201013,20201014,0.32816698449842097,0.5696178168124134,0.1022151986891656,0.47434426623917664,789726.0,0.38804558548824664,0.5482866433400703,0.06366777117168307,0.4623163104135049,1358678.0,-0.3192883211678832,0.019230769230769232,-0.23807536101083035,0.1346153846153846,1,1,1,0,1,0,0,0,0
384383,ZA5,KwaZulu-Natal,ZA5,KwaZulu-Natal,ZA526,Zululand,ZA526,Zululand,2020-10-13,2020-10-17,1,1,1,50449.42793260726,2669.5813671381943,319224,20201013,20201017,0.392497537624586,0.5542130860581069,0.053289376317307055,0.4651401640222711,783796.0,0.392497537624586,0.5542130860581069,0.053289376317307055,0.4651401640222711,783796.0,-0.2762355212355212,0.09615384615384616,-0.2762355212355212,0.09615384615384616,1,1,1,0,1,0,0,0,0
384384,ZA6,North West,ZA7,Gauteng,ZA639,Dr Ruth Segomotsi Mompati,ZA799,City of Tshwane,2020-10-13,2020-10-19,1,1,1,463025.8255990179,397738.1263571652,460116,20201013,20201019,0.3412335579082451,0.5850872971649528,0.07367914492680208,0.4911837461796937,473784.0,0.22283079372412132,0.7204843127840075,0.056684893491871245,0.5057337597223363,3627986.0,-0.16626678765880218,0.2692307692307692,0.48224212034383956,0.9038461538461539,1,1,1,0,1,0,0,0,0
384385,ZA5,KwaZulu-Natal,ZA5,KwaZulu-Natal,ZA595,eThekwini,ZA521,Ugu,2020-10-13,2020-10-17,1,1,1,284061.1950240626,105352.40181778086,305568,20201013,20201017,0.2446364969883556,0.6990922562931536,0.05627124671849075,0.494610924976595,3587907.0,0.32122674606698143,0.6016982741355622,0.07707497979745637,0.47391596021954596,714019.0,0.5666580406654343,0.9230769230769231,-0.09480895915678524,0.40384615384615385,1,1,1,0,1,0,0,0,0
384386,ZA2,Eastern Cape,ZA2,Eastern Cape,ZA215,O.R.Tambo,ZA212,Amathole,2020-10-13,2020-10-14,1,1,1,18986.84996240157,9167.631852275716,34076,20201013,20201014,0.38804558548824664,0.5482866433400703,0.06366777117168307,0.4623163104135049,1358678.0,0.32816698449842097,0.5696178168124134,0.1022151986891656,0.47434426623917664,789726.0,-0.23807536101083035,0.1346153846153846,-0.3192883211678832,0.019230769230769232,1,1,1,0,1,0,0,0,0
384387,ZA8,Mpumalanga,ZA7,Gauteng,ZA832,Ehlanzeni,ZA797,Ekurhuleni,2020-10-13,2020-10-23,1,1,1,687773.6416094124,318581.3492632236,890699,20201013,20201023,0.32438893780700045,0.6235217992770762,0.05208926291592337,0.47979089412028486,1837538.0,0.23296733680905687,0.7203157619169479,0.04671690127399521,0.5205474946472306,3739653.0,0.1315940928270042,0.7307692307692307,0.7435109289617486,0.9615384615384616,1,1,1,0,1,0,0,0,0
384388,ZA7,Gauteng,ZA5,KwaZulu-Natal,ZA799,City of Tshwane,ZA522,Umgungundlovu,2020-10-13,2020-10-13,3,3,3,2899718.647734803,1427475.3255103128,94616,20201013,20201013,0.22283079372412132,0.7204843127840075,0.056684893491871245,0.5057337597223363,3627986.0,0.2748377359932372,0.663873035280183,0.06128922872657978,0.48236181888519014,1046905.0,0.48224212034383956,0.9038461538461539,0.0061256544502617805,0.5769230769230769,1,1,1,0,1,0,0,0,0
384389,ZA4,Free State,ZA2,Eastern Cape,ZA419,Thabo Mofutsanyane,ZA214,Joe Gqabi,2020-10-13,2020-10-13,1,1,1,1086731.779608074,365208.01561963937,38143,20201013,20201013,0.31143326559338835,0.6251823622683981,0.06338437213821363,0.47028720831466336,662829.0,0.3340471849013029,0.5799636495391386,0.08598916555955849,0.47733103958194023,339473.0,0.10770218579234972,0.7115384615384616,-0.1839776119402985,0.21153846153846154,1,1,1,0,1,0,0,0,0
384390,ZA6,North West,ZA8,Mpumalanga,ZA637,Bojanala,ZA830,Gert Sibande,2020-10-13,2020-10-13,1,1,1,790855.6622061173,410118.6445546407,40405,20201013,20201013,0.25082919250139085,0.6903465537718604,0.05882425372674875,0.5380589003726469,1786678.0,0.30688245639051287,0.6412288994160756,0.05188864419341153,0.49968312815881616,1136106.0,0.07430676328502415,0.6538461538461539,-0.11248741610738255,0.36538461538461536,1,1,1,0,1,0,0,0,0
384391,ZA6,North West,ZA7,Gauteng,ZA640,Dr Kenneth Kaunda,ZA799,City of Tshwane,2020-10-13,2020-10-14,2,2,2,890150.9540499651,585288.4923078874,160183,20201013,20201014,0.27505895171327793,0.6602340041700301,0.06470704411669191,0.5065976875287468,754431.0,0.22283079372412132,0.7204843127840075,0.056684893491871245,0.5057337597223363,3627986.0,-0.10069384057971015,0.38461538461538464,0.48224212034383956,0.9038461538461539,1,1,1,0,1,0,0,0,0
384392,ZA7,Gauteng,ZA6,North West,ZA799,City of Tshwane,ZA637,Bojanala,2020-10-13,2020-10-29,1,1,1,203731.8393302828,91572.01032748136,1372463,20201013,20201029,0.22283079372412132,0.7204843127840075,0.056684893491871245,0.5057337597223363,3627986.0,0.25082919250139085,0.6903465537718604,0.05882425372674875,0.5380589003726469,1786678.0,0.48224212034383956,0.9038461538461539,0.07430676328502415,0.6538461538461539,1,1,1,0,1,0,0,0,0
384393,ZA4,Free State,ZA1,Western Cape,ZA494,Mangaung,ZA103,Overberg,2020-10-13,2020-10-13,1,1,1,1833383.958402207,965187.0183604278,43479,20201013,20201013,0.26262942751272955,0.6754982029249197,0.06187236956235082,0.4901411892511804,826621.0,0.22836513904770692,0.6721314716747349,0.09950338927755827,0.511077351980676,303457.0,0.27329104477611943,0.8269230769230769,0.051486772486772484,0.5961538461538461,1,1,1,0,1,0,0,0,0
384394,ZA9,Limpopo,ZA9,Limpopo,ZA934,Vhembe,ZA934,Vhembe,2020-10-13,2020-10-16,1,1,1,132256.56891308882,113658.23210192472,314247,20201013,20201016,0.3433867460978093,0.5887604530714541,0.06785280083073665,0.4597374214109392,1325089.0,0.3433867460978093,0.5887604530714541,0.06785280083073665,0.4597374214109392,1325089.0,-0.0767829596412556,0.4230769230769231,-0.0767829596412556,0.4230769230769231,1,1,1,0,1,0,0,0,0
384395,ZA5,KwaZulu-Natal,ZA5,KwaZulu-Natal,ZA525,Amajuba,ZA528,Uthungulu,2020-10-13,2020-10-13,2,2,2,769021.5647806777,416044.0514343208,46981,20201013,20201013,0.3311353387795859,0.6144200377537888,0.05444462346662529,0.48045773982507545,502731.0,0.3398562749304085,0.6096443299200878,0.05049939514950375,0.4759701217345943,889476.0,-0.16864155251141552,0.25,-0.2202014106583072,0.15384615384615385,1,1,1,0,1,0,0,0,0
384396,ZA6,North West,ZA3,Nothern Cape,ZA639,Dr Ruth Segomotsi Mompati,ZA345,John Taolo Gaetsewe,2020-10-13,2020-10-22,1,1,1,312202.3551405737,143106.58350653303,805662,20201013,20201022,0.3412335579082451,0.5850872971649528,0.07367914492680208,0.4911837461796937,473784.0,0.31986957060536586,0.628082594956317,0.05204783443831712,0.4959027820806741,258224.0,-0.16626678765880218,0.2692307692307692,-0.13480926430517712,0.3076923076923077,1,1,1,0,1,0,0,0,0
384397,ZA7,Gauteng,ZA5,KwaZulu-Natal,ZA798,City of Johannesburg,ZA595,eThekwini,2020-10-13,2020-10-17,1,1,1,509916.74950805807,509916.74950805807,378579,20201013,20201017,0.2220629170143196,0.7299897648810346,0.047947318104645836,0.5097433964893054,5540727.0,0.2446364969883556,0.6990922562931536,0.05627124671849075,0.494610924976595,3587907.0,0.8818060606060606,1.0,0.5666580406654343,0.9230769230769231,1,1,1,0,1,0,0,0,0
384398,ZA7,Gauteng,ZA5,KwaZulu-Natal,ZA798,City of Johannesburg,ZA595,eThekwini,2020-10-13,2020-10-16,1,1,1,763125.4932287224,467164.02182522713,260492,20201013,20201016,0.2220629170143196,0.7299897648810346,0.047947318104645836,0.5097433964893054,5540727.0,0.2446364969883556,0.6990922562931536,0.05627124671849075,0.494610924976595,3587907.0,0.8818060606060606,1.0,0.5666580406654343,0.9230769230769231,1,1,1,0,1,0,0,0,0
384399,ZA5,KwaZulu-Natal,ZA2,Eastern Cape,ZA528,Uthungulu,ZA215,O.R.Tambo,2020-10-13,2020-10-24,1,1,1,432341.4779054965,432341.4779054965,941108,20201013,20201024,0.3398562749304085,0.6096443299200878,0.05049939514950375,0.4759701217345943,889476.0,0.38804558548824664,0.5482866433400703,0.06366777117168307,0.4623163104135049,1358678.0,-0.2202014106583072,0.15384615384615385,-0.23807536101083035,0.1346153846153846,1,1,1,0,1,0,0,0,0
384400,ZA9,Limpopo,ZA9,Limpopo,ZA935,Capricorn,ZA936,Waterberg,2020-10-13,2020-10-30,1,1,1,200764.2645673309,99137.03511004176,1404851,20201013,20201030,0.3265897738288558,0.6007690312860821,0.07264119488506209,0.472231826966417,1295656.0,0.2870915348782833,0.6477210572390478,0.06518740788266879,0.5138960603357211,718513.0,0.07397387387387387,0.6346153846153846,0.00236898395721925,0.5576923076923077,1,1,1,0,1,0,0,0,0
384401,ZA1,Western Cape,ZA1,Western Cape,ZA191,City of Cape Town,ZA191,City of Cape Town,2020-10-13,2020-10-15,1,1,1,3202743.9827357265,3202743.9827357265,134465,20201013,20201015,0.23849582985172932,0.697186217784503,0.06431795236376775,0.4976008771049945,4436413.0,0.23849582985172932,0.697186217784503,0.06431795236376775,0.4976008771049945,4436413.0,0.7687640750670242,0.9807692307692307,0.7687640750670242,0.9807692307692307,1,1,1,0,1,0,0,0,0
384402,ZA7,Gauteng,ZA9,Limpopo,ZA798,City of Johannesburg,ZA934,Vhembe,2020-10-13,2020-10-14,1,1,1,518935.6172266164,510460.5114656044,45433,20201013,20201014,0.2220629170143196,0.7299897648810346,0.047947318104645836,0.5097433964893054,5540727.0,0.3433867460978093,0.5887604530714541,0.06785280083073665,0.4597374214109392,1325089.0,0.8818060606060606,1.0,-0.0767829596412556,0.4230769230769231,1,1,1,0,1,0,0,0,0
384403,ZA6,North West,ZA5,KwaZulu-Natal,ZA640,Dr Kenneth Kaunda,ZA521,Ugu,2020-10-13,2020-10-13,1,1,1,1835103.2645133943,1277455.4909938115,36430,20201013,20201013,0.27505895171327793,0.6602340041700301,0.06470704411669191,0.5065976875287468,754431.0,0.32122674606698143,0.6016982741355622,0.07707497979745637,0.47391596021954596,714019.0,-0.10069384057971015,0.38461538461538464,-0.09480895915678524,0.40384615384615385,1,1,1,0,1,0,0,0,0
384404,ZA8,Mpumalanga,ZA8,Mpumalanga,ZA830,Gert Sibande,ZA830,Gert Sibande,2020-10-13,2020-10-27,1,1,1,17706.849193897237,17692.555630478502,1163966,20201013,20201027,0.30688245639051287,0.6412288994160756,0.05188864419341153,0.49968312815881616,1136106.0,0.30688245639051287,0.6412288994160756,0.05188864419341153,0.49968312815881616,1136106.0,-0.11248741610738255,0.36538461538461536,-0.11248741610738255,0.36538461538461536,1,1,1,0,1,0,0,0,0
384405,ZA1,Western Cape,ZA7,Gauteng,ZA191,City of Cape Town,ZA799,City of Tshwane,2020-10-13,2020-10-14,1,1,1,2871704.64322286,1271525.164193007,29166,20201013,20201014,0.23849582985172932,0.697186217784503,0.06431795236376775,0.4976008771049945,4436413.0,0.22283079372412132,0.7204843127840075,0.056684893491871245,0.5057337597223363,3627986.0,0.7687640750670242,0.9807692307692307,0.48224212034383956,0.9038461538461539,1,1,1,0,1,0,0,0,0
384406,ZA7,Gauteng,ZA4,Free State,ZA798,City of Johannesburg,ZA419,Thabo Mofutsanyane,2020-10-13,2020-10-29,1,1,1,172396.9724966554,172396.9724966554,1414053,20201013,20201029,0.2220629170143196,0.7299897648810346,0.047947318104645836,0.5097433964893054,5540727.0,0.31143326559338835,0.6251823622683981,0.06338437213821363,0.47028720831466336,662829.0,0.8818060606060606,1.0,0.10770218579234972,0.7115384615384616,1,1,1,0,1,0,0,0,0
384407,ZA8,Mpumalanga,ZA9,Limpopo,ZA832,Ehlanzeni,ZA935,Capricorn,2020-10-13,2020-10-13,3,3,3,1509143.9983407692,740127.8727510679,97441,20201013,20201013,0.32438893780700045,0.6235217992770762,0.05208926291592337,0.47979089412028486,1837538.0,0.3265897738288558,0.6007690312860821,0.07264119488506209,0.472231826966417,1295656.0,0.1315940928270042,0.7307692307692307,0.07397387387387387,0.6346153846153846,1,1,1,0,1,0,0,0,0
384408,ZA8,Mpumalanga,ZA9,Limpopo,ZA831,Nkangala,ZA933,Mopani,2020-10-13,2020-10-13,1,1,1,455812.8386286528,133198.52827305874,31514,20201013,20201013,0.27290691475673784,0.6711806877078121,0.055912397535449986,0.5109201270525474,1573837.0,0.3329418650827259,0.6026296126910996,0.06442852222617454,0.46142626187343905,1062666.0,0.07867808219178082,0.6730769230769231,-0.037928345626975765,0.4807692307692308,1,1,1,0,1,0,0,0,0
384409,ZA5,KwaZulu-Natal,ZA1,Western Cape,ZA595,eThekwini,ZA102,Cape Winelands,2020-10-13,2020-10-13,1,1,1,2724264.721451669,1253558.3955292688,25943,20201013,20201013,0.2446364969883556,0.6990922562931536,0.05627124671849075,0.494610924976595,3587907.0,0.24989252608235304,0.6902123420738123,0.059895131843834624,0.5011121214086944,909523.0,0.5666580406654343,0.9230769230769231,-0.012388831437435367,0.5192307692307693,1,1,1,0,1,0,0,0,0
384410,ZA8,Mpumalanga,ZA4,Free State,ZA830,Gert Sibande,ZA418,Lejweleputswa,2020-10-13,2020-10-13,1,1,1,536156.770636697,268039.8786948108,60142,20201013,20201013,0.30688245639051287,0.6412288994160756,0.05188864419341153,0.49968312815881616,1136106.0,0.27941650281351393,0.6617931601395349,0.058790337046951115,0.500105365269169,574193.0,-0.11248741610738255,0.36538461538461536,0.29495049504950493,0.8653846153846154,1,1,1,0,1,0,0,0,0
384411,ZA2,Eastern Cape,ZA7,Gauteng,ZA292,Buffalo City,ZA797,Ekurhuleni,2020-10-13,2020-10-13,1,1,1,791052.7348600457,766344.0664113453,6819,20201013,20201013,0.254980022080858,0.6758306608485358,0.06918931707060617,0.48177934914042375,760840.0,0.23296733680905687,0.7203157619169479,0.04671690127399521,0.5205474946472306,3739653.0,0.09585175879396986,0.6923076923076923,0.7435109289617486,0.9615384615384616,1,1,1,0,1,0,0,0,0
384412,ZA5,KwaZulu-Natal,ZA5,KwaZulu-Natal,ZA595,eThekwini,ZA523,Uthukela,2020-10-13,2020-10-26,1,1,1,881480.9948035808,160681.45194631326,1137334,20201013,20201026,0.2446364969883556,0.6990922562931536,0.05627124671849075,0.494610924976595,3587907.0,0.36014331224838336,0.5864396074090654,0.05341708034255123,0.46782833191779016,652282.0,0.5666580406654343,0.9230769230769231,-0.19841226215644822,0.19230769230769232,1,1,1,0,1,0,0,0,0
384413,ZA6,North West,ZA7,Gauteng,ZA638,Ngaka Modiri Molema,ZA799,City of Tshwane,2020-10-13,2020-10-15,1,1,1,254486.9571916875,254029.5382085542,107919,20201013,20201015,0.3236353449196357,0.6078801705223251,0.06848448455803925,0.4964769205863341,870971.0,0.22283079372412132,0.7204843127840075,0.056684893491871245,0.5057337597223363,3627986.0,-0.18344824707846413,0.23076923076923078,0.48224212034383956,0.9038461538461539,1,1,1,0,1,0,0,0,0
384414,ZA2,Eastern Cape,ZA3,Nothern Cape,ZA212,Amathole,ZA307,Pixley ka Seme,2020-10-13,2020-10-13,1,1,1,2319327.9771854044,426336.2266575615,56803,20201013,20201013,0.32816698449842097,0.5696178168124134,0.1022151986891656,0.47434426623917664,789726.0,0.3060749448635213,0.6232332132979509,0.0706918418385278,0.5011842246002923,196331.0,-0.3192883211678832,0.019230769230769232,0.1854655172413793,0.75,1,1,1,0,1,0,0,0,0
384415,ZA8,Mpumalanga,ZA8,Mpumalanga,ZA830,Gert Sibande,ZA831,Nkangala,2020-10-13,2020-10-20,1,1,1,196468.9223537916,90553.84528971958,577582,20201013,20201020,0.30688245639051287,0.6412288994160756,0.05188864419341153,0.49968312815881616,1136106.0,0.27290691475673784,0.6711806877078121,0.055912397535449986,0.5109201270525474,1573837.0,-0.11248741610738255,0.36538461538461536,0.07867808219178082,0.6730769230769231,1,1,1,0,1,0,0,0,0
384416,ZA3,Nothern Cape,ZA3,Nothern Cape,ZA306,Namakwa,ZA306,Namakwa,2020-10-13,2020-10-19,1,1,1,167526.09676925323,83763.04838462661,480043,20201013,20201019,0.2479438366342976,0.6592106724059887,0.09284549095971371,0.5132337492633683,117087.0,0.2479438366342976,0.6592106724059887,0.09284549095971371,0.5132337492633683,117087.0,0.06505633802816901,0.6153846153846154,0.06505633802816901,0.6153846153846154,1,1,1,0,1,0,0,0,0
384417,ZA3,Nothern Cape,ZA8,Mpumalanga,ZA307,Pixley ka Seme,ZA830,Gert Sibande,2020-10-13,2020-10-13,1,1,1,1458917.802434445,614171.8013344075,29451,20201013,20201013,0.3060749448635213,0.6232332132979509,0.0706918418385278,0.5011842246002923,196331.0,0.30688245639051287,0.6412288994160756,0.05188864419341153,0.49968312815881616,1136106.0,0.1854655172413793,0.75,-0.11248741610738255,0.36538461538461536,1,1,1,0,1,0,0,0,0
384418,ZA9,Limpopo,ZA8,Mpumalanga,ZA935,Capricorn,ZA832,Ehlanzeni,2020-10-13,2020-10-13,2,2,2,1701065.312812931,435025.9886981304,70110,20201013,20201013,0.3265897738288558,0.6007690312860821,0.07264119488506209,0.472231826966417,1295656.0,0.32438893780700045,0.6235217992770762,0.05208926291592337,0.47979089412028486,1837538.0,0.07397387387387387,0.6346153846153846,0.1315940928270042,0.7307692307692307,1,1,1,0,1,0,0,0,0
384419,ZA8,Mpumalanga,ZA5,KwaZulu-Natal,ZA830,Gert Sibande,ZA522,Umgungundlovu,2020-10-13,2020-10-13,1,1,1,1071441.0054183698,307929.7763329345,16208,20201013,20201013,0.30688245639051287,0.6412288994160756,0.05188864419341153,0.49968312815881616,1136106.0,0.2748377359932372,0.663873035280183,0.06128922872657978,0.48236181888519014,1046905.0,-0.11248741610738255,0.36538461538461536,0.0061256544502617805,0.5769230769230769,1,1,1,0,1,0,0,0,0
384420,ZA5,KwaZulu-Natal,ZA2,Eastern Cape,ZA529,iLembe,ZA244,Alfred Nzo,2020-10-13,2020-10-13,1,1,1,474733.1000857861,227977.12586875455,33424,20201013,20201013,0.32390440311621094,0.6202867780885334,0.05580881879525565,0.4827645772056803,636799.0,0.40782127157510134,0.5221222097470932,0.07005651867780548,0.4576553946475353,788235.0,-0.14951617873651774,0.28846153846153844,-0.27396673320026615,0.11538461538461539,1,1,1,0,1,0,0,0,0
384421,ZA3,Nothern Cape,ZA3,Nothern Cape,ZA308,Z F Mgcawu,ZA309,Frances Baard,2020-10-13,2020-10-15,1,1,1,704671.4220063381,361996.7618902407,145029,20201013,20201015,0.27601757542529287,0.6641943181028425,0.059788106471864645,0.5142626583989065,258998.0,0.2860169290028057,0.6497360787483951,0.06424699224879928,0.49189928194398214,420580.0,-0.04016603773584906,0.46153846153846156,0.29907801418439717,0.8846153846153846,1,1,1,0,1,0,0,0,0
384422,ZA2,Eastern Cape,ZA7,Gauteng,ZA292,Buffalo City,ZA799,City of Tshwane,2020-10-13,2020-10-16,1,1,1,2402750.4973809454,1181661.488303975,267744,20201013,20201016,0.254980022080858,0.6758306608485358,0.06918931707060617,0.48177934914042375,760840.0,0.22283079372412132,0.7204843127840075,0.056684893491871245,0.5057337597223363,3627986.0,0.09585175879396986,0.6923076923076923,0.48224212034383956,0.9038461538461539,1,1,1,0,1,0,0,0,0
384423,ZA2,Eastern Cape,ZA2,Eastern Cape,ZA214,Joe Gqabi,ZA244,Alfred Nzo,2020-10-13,2020-10-14,1,1,1,9698.592889420735,4849.296444710369,26741,20201013,20201014,0.3340471849013029,0.5799636495391386,0.08598916555955849,0.47733103958194023,339473.0,0.40782127157510134,0.5221222097470932,0.07005651867780548,0.4576553946475353,788235.0,-0.1839776119402985,0.21153846153846154,-0.27396673320026615,0.11538461538461539,1,1,1,0,1,0,0,0,0
384425,ZA8,Mpumalanga,ZA5,KwaZulu-Natal,ZA830,Gert Sibande,ZA524,Umzinyathi,2020-10-13,2020-10-13,1,1,1,564730.071240976,432771.2082911229,46409,20201013,20201013,0.30688245639051287,0.6412288994160756,0.05188864419341153,0.49968312815881616,1136106.0,0.3952311253914291,0.5454951881678106,0.05927368644076033,0.451447242842509,514461.0,-0.11248741610738255,0.36538461538461536,-0.28225945945945946,0.07692307692307693,1,1,1,0,1,0,0,0,0
384426,ZA1,Western Cape,ZA1,Western Cape,ZA104,Eden,ZA191,City of Cape Town,2020-10-13,2020-10-19,1,1,1,637828.3930162821,9613.707341948142,525901,20201013,20201019,0.24710205256745305,0.6628052101466374,0.09009273728590954,0.4993180863678119,673839.0,0.23849582985172932,0.697186217784503,0.06431795236376775,0.4976008771049945,4436413.0,0.0004522691705790296,0.5384615384615384,0.7687640750670242,0.9807692307692307,1,1,1,0,1,0,0,0,0
384427,ZA7,Gauteng,ZA7,Gauteng,ZA798,City of Johannesburg,ZA799,City of Tshwane,2020-10-13,2020-10-26,1,1,1,180376.74992589737,85308.28435572785,1144165,20201013,20201026,0.2220629170143196,0.7299897648810346,0.047947318104645836,0.5097433964893054,5540727.0,0.22283079372412132,0.7204843127840075,0.056684893491871245,0.5057337597223363,3627986.0,0.8818060606060606,1.0,0.48224212034383956,0.9038461538461539,1,1,1,0,1,0,0,0,0
384428,ZA8,Mpumalanga,ZA7,Gauteng,ZA832,Ehlanzeni,ZA797,Ekurhuleni,2020-10-13,2020-10-21,1,1,1,305316.59810179775,305316.59810179775,730816,20201013,20201021,0.32438893780700045,0.6235217992770762,0.05208926291592337,0.47979089412028486,1837538.0,0.23296733680905687,0.7203157619169479,0.04671690127399521,0.5205474946472306,3739653.0,0.1315940928270042,0.7307692307692307,0.7435109289617486,0.9615384615384616,1,1,1,0,1,0,0,0,0
384429,ZA1,Western Cape,ZA1,Western Cape,ZA191,City of Cape Town,ZA101,West Coast,2020-10-13,2020-10-18,1,1,1,175501.76064486263,85501.47583983096,377379,20201013,20201018,0.23849582985172932,0.697186217784503,0.06431795236376775,0.4976008771049945,4436413.0,0.24466466325617858,0.6852166396976793,0.0701186970461421,0.5060695297345649,497485.0,0.7687640750670242,0.9807692307692307,-0.12079976303317536,0.34615384615384615,1,1,1,0,1,0,0,0,0
384430,ZA5,KwaZulu-Natal,ZA5,KwaZulu-Natal,ZA595,eThekwini,ZA526,Zululand,2020-10-13,2020-10-18,1,1,1,451030.88306210143,166033.99543009498,437343,20201013,20201018,0.2446364969883556,0.6990922562931536,0.05627124671849075,0.494610924976595,3587907.0,0.392497537624586,0.5542130860581069,0.053289376317307055,0.4651401640222711,783796.0,0.5666580406654343,0.9230769230769231,-0.2762355212355212,0.09615384615384616,1,1,1,0,1,0,0,0,0
384431,ZA7,Gauteng,ZA5,KwaZulu-Natal,ZA798,City of Johannesburg,ZA595,eThekwini,2020-10-13,2020-10-18,1,1,1,1019288.7861154902,509900.4490124765,424844,20201013,20201018,0.2220629170143196,0.7299897648810346,0.047947318104645836,0.5097433964893054,5540727.0,0.2446364969883556,0.6990922562931536,0.05627124671849075,0.494610924976595,3587907.0,0.8818060606060606,1.0,0.5666580406654343,0.9230769230769231,1,1,1,0,1,0,0,0,0
384432,ZA1,Western Cape,ZA6,North West,ZA104,Eden,ZA638,Ngaka Modiri Molema,2020-10-13,2020-10-13,1,1,1,962340.8388311806,961952.3587257247,55665,20201013,20201013,0.24710205256745305,0.6628052101466374,0.09009273728590954,0.4993180863678119,673839.0,0.3236353449196357,0.6078801705223251,0.06848448455803925,0.4964769205863341,870971.0,0.0004522691705790296,0.5384615384615384,-0.18344824707846413,0.23076923076923078,1,1,1,0,1,0,0,0,0
384433,ZA5,KwaZulu-Natal,ZA7,Gauteng,ZA543,Sisonke,ZA798,City of Johannesburg,2020-10-13,2020-10-13,1,1,1,1248181.812784933,647569.5496871315,28953,20201013,20201013,0.37293146983899067,0.5707096800166399,0.05635885014436937,0.4671305273563743,447117.0,0.2220629170143196,0.7299897648810346,0.047947318104645836,0.5097433964893054,5540727.0,-0.2112274881516588,0.17307692307692307,0.8818060606060606,1.0,1,1,1,0,1,0,0,0,0
384434,ZA4,Free State,ZA7,Gauteng,ZA419,Thabo Mofutsanyane,ZA797,Ekurhuleni,2020-10-13,2020-10-15,1,1,1,511235.1728910136,260696.2546131928,127384,20201013,20201015,0.31143326559338835,0.6251823622683981,0.06338437213821363,0.47028720831466336,662829.0,0.23296733680905687,0.7203157619169479,0.04671690127399521,0.5205474946472306,3739653.0,0.10770218579234972,0.7115384615384616,0.7435109289617486,0.9615384615384616,1,1,1,0,1,0,0,0,0
384435,ZA7,Gauteng,ZA4,Free State,ZA798,City of Johannesburg,ZA420,Fezile Dabi,2020-10-13,2020-10-14,1,1,1,159936.67379135883,78221.31666346116,36058,20201013,20201014,0.2220629170143196,0.7299897648810346,0.047947318104645836,0.5097433964893054,5540727.0,0.2705098118551487,0.6604572122193,0.06903297592555128,0.5050070807202104,494300.0,0.8818060606060606,1.0,0.2276555023923445,0.7884615384615384,1,1,1,0,1,0,0,0,0
384436,ZA4,Free State,ZA4,Free State,ZA494,Mangaung,ZA420,Fezile Dabi,2020-10-13,2020-10-15,1,1,1,779030.4505876884,187127.52496613303,137617,20201013,20201015,0.26262942751272955,0.6754982029249197,0.06187236956235082,0.4901411892511804,826621.0,0.2705098118551487,0.6604572122193,0.06903297592555128,0.5050070807202104,494300.0,0.27329104477611943,0.8269230769230769,0.2276555023923445,0.7884615384615384,1,1,1,0,1,0,0,0,0
384437,ZA7,Gauteng,ZA6,North West,ZA797,Ekurhuleni,ZA638,Ngaka Modiri Molema,2020-10-13,2020-10-14,1,1,1,458229.2408281473,227761.41554028995,36544,20201013,20201014,0.23296733680905687,0.7203157619169479,0.04671690127399521,0.5205474946472306,3739653.0,0.3236353449196357,0.6078801705223251,0.06848448455803925,0.4964769205863341,870971.0,0.7435109289617486,0.9615384615384616,-0.18344824707846413,0.23076923076923078,1,1,1,0,1,0,0,0,0
384438,ZA7,Gauteng,ZA7,Gauteng,ZA797,Ekurhuleni,ZA797,Ekurhuleni,2020-10-13,2020-10-28,1,1,1,19586.157002694938,5712.881661929829,1267167,20201013,20201028,0.23296733680905687,0.7203157619169479,0.04671690127399521,0.5205474946472306,3739653.0,0.23296733680905687,0.7203157619169479,0.04671690127399521,0.5205474946472306,3739653.0,0.7435109289617486,0.9615384615384616,0.7435109289617486,0.9615384615384616,1,1,1,0,1,0,0,0,0
384439,ZA7,Gauteng,ZA1,Western Cape,ZA799,City of Tshwane,ZA104,Eden,2020-10-13,2020-10-27,1,1,1,1050070.8895643782,1050070.8895643782,1212823,20201013,20201027,0.22283079372412132,0.7204843127840075,0.056684893491871245,0.5057337597223363,3627986.0,0.24710205256745305,0.6628052101466374,0.09009273728590954,0.4993180863678119,673839.0,0.48224212034383956,0.9038461538461539,0.0004522691705790296,0.5384615384615384,1,1,1,0,1,0,0,0,0
384440,ZA1,Western Cape,ZA5,KwaZulu-Natal,ZA191,City of Cape Town,ZA528,Uthungulu,2020-10-13,2020-10-13,1,1,1,1404101.765852975,1404101.765852975,12922,20201013,20201013,0.23849582985172932,0.697186217784503,0.06431795236376775,0.4976008771049945,4436413.0,0.3398562749304085,0.6096443299200878,0.05049939514950375,0.4759701217345943,889476.0,0.7687640750670242,0.9807692307692307,-0.2202014106583072,0.15384615384615385,1,1,1,0,1,0,0,0,0
384441,ZA7,Gauteng,ZA8,Mpumalanga,ZA742,Sedibeng,ZA831,Nkangala,2020-10-13,2020-10-14,1,1,1,3650.763708619388,1416.385650572172,23463,20201013,20201014,0.24393339879416723,0.6953819961266214,0.06068460507921129,0.5059130831550246,994997.0,0.27290691475673784,0.6711806877078121,0.055912397535449986,0.5109201270525474,1573837.0,0.2808379746835443,0.8461538461538461,0.07867808219178082,0.6730769230769231,1,1,1,0,1,0,0,0,0
384442,ZA7,Gauteng,ZA2,Eastern Cape,ZA797,Ekurhuleni,ZA292,Buffalo City,2020-10-13,2020-10-13,3,3,3,3276749.6081537777,2303728.4340868155,30730,20201013,20201013,0.23296733680905687,0.7203157619169479,0.04671690127399521,0.5205474946472306,3739653.0,0.254980022080858,0.6758306608485358,0.06918931707060617,0.48177934914042375,760840.0,0.7435109289617486,0.9615384615384616,0.09585175879396986,0.6923076923076923,1,1,1,0,1,0,0,0,0
384443,ZA7,Gauteng,ZA1,Western Cape,ZA797,Ekurhuleni,ZA103,Overberg,2020-10-13,2020-10-14,1,1,1,2630335.8648099354,1347262.8032580896,144029,20201013,20201014,0.23296733680905687,0.7203157619169479,0.04671690127399521,0.5205474946472306,3739653.0,0.22836513904770692,0.6721314716747349,0.09950338927755827,0.511077351980676,303457.0,0.7435109289617486,0.9615384615384616,0.051486772486772484,0.5961538461538461,1,1,1,0,1,0,0,0,0
384444,ZA1,Western Cape,ZA2,Eastern Cape,ZA103,Overberg,ZA210,Cacadu,2020-10-13,2020-10-13,1,1,1,733025.6721175271,412171.99839999457,20569,20201013,20201013,0.22836513904770692,0.6721314716747349,0.09950338927755827,0.511077351980676,303457.0,0.2618455236218228,0.6571170870354837,0.08103738934269357,0.4975242081945451,491156.0,0.051486772486772484,0.5961538461538461,-0.01848062015503876,0.5,1,1,1,0,1,0,0,0,0
384445,ZA7,Gauteng,ZA7,Gauteng,ZA799,City of Tshwane,ZA799,City of Tshwane,2020-10-13,2020-10-19,1,1,1,200416.39761538996,14194.258772660409,507347,20201013,20201019,0.22283079372412132,0.7204843127840075,0.056684893491871245,0.5057337597223363,3627986.0,0.22283079372412132,0.7204843127840075,0.056684893491871245,0.5057337597223363,3627986.0,0.48224212034383956,0.9038461538461539,0.48224212034383956,0.9038461538461539,1,1,1,0,1,0,0,0,0
384446,ZA5,KwaZulu-Natal,ZA1,Western Cape,ZA523,Uthukela,ZA191,City of Cape Town,2020-10-13,2020-10-13,1,1,1,2738287.5732182264,1173258.2520830804,60315,20201013,20201013,0.36014331224838336,0.5864396074090654,0.05341708034255123,0.46782833191779016,652282.0,0.23849582985172932,0.697186217784503,0.06431795236376775,0.4976008771049945,4436413.0,-0.19841226215644822,0.19230769230769232,0.7687640750670242,0.9807692307692307,1,1,1,0,1,0,0,0,0
384447,ZA1,Western Cape,ZA1,Western Cape,ZA191,City of Cape Town,ZA101,West Coast,2020-10-13,2020-10-19,1,1,1,246350.83653838933,122890.66462710984,556176,20201013,20201019,0.23849582985172932,0.697186217784503,0.06431795236376775,0.4976008771049945,4436413.0,0.24466466325617858,0.6852166396976793,0.0701186970461421,0.5060695297345649,497485.0,0.7687640750670242,0.9807692307692307,-0.12079976303317536,0.34615384615384615,1,1,1,0,1,0,0,0,0
384448,ZA1,Western Cape,ZA9,Limpopo,ZA102,Cape Winelands,ZA933,Mopani,2020-10-13,2020-10-14,1,1,1,3788797.199552006,1585596.1766907163,123415,20201013,20201014,0.24989252608235304,0.6902123420738123,0.059895131843834624,0.5011121214086944,909523.0,0.3329418650827259,0.6026296126910996,0.06442852222617454,0.46142626187343905,1062666.0,-0.012388831437435367,0.5192307692307693,-0.037928345626975765,0.4807692307692308,1,1,1,0,1,0,0,0,0
384449,ZA1,Western Cape,ZA1,Western Cape,ZA104,Eden,ZA102,Cape Winelands,2020-10-13,2020-10-14,1,1,1,1016621.240438154,517731.7232760136,66431,20201013,20201014,0.24710205256745305,0.6628052101466374,0.09009273728590954,0.4993180863678119,673839.0,0.24989252608235304,0.6902123420738123,0.059895131843834624,0.5011121214086944,909523.0,0.0004522691705790296,0.5384615384615384,-0.012388831437435367,0.5192307692307693,1,1,1,0,1,0,0,0,0
