,admin1Pcod_1,admin1Name_1,admin1Pcod_2,admin1Name_2,admin2Pcod_1,admin2Name_1,admin2Pcod_2,admin2Name_2,local_date_1,local_date_2,trip_num,tour_num,id_num,tour_traj_distance,trip_traj_distance,time_range,date_1,date_2,0_14_pct_1,15_64_pct_1,65p_pct_1,M_pct_1,Population_1,0_14_pct_2,15_64_pct_2,65p_pct_2,M_pct_2,Population_2,rwi_1,rwi_pctl_1,rwi_2,rwi_pctl_2,first_case,ban_travel,lockdown,lockdown_0,lockdown_1,lockdown_2,lockdown_3,lockdown_4,lockdown_5
389207,ZA6,North West,ZA9,Limpopo,ZA637,Bojanala,ZA935,Capricorn,2020-10-17,2020-10-17,4,4,4,2532093.439613982,1206031.1433357217,89778,20201017,20201017,0.25082919250139085,0.6903465537718604,0.05882425372674875,0.5380589003726469,1786678.0,0.3265897738288558,0.6007690312860821,0.07264119488506209,0.472231826966417,1295656.0,0.07430676328502415,0.6538461538461539,0.07397387387387387,0.6346153846153846,1,1,1,0,1,0,0,0,0
389208,ZA7,Gauteng,ZA7,Gauteng,ZA797,Ekurhuleni,ZA742,Sedibeng,2020-10-17,2020-10-17,486,483,475,56744324.46048212,23793550.060356367,4419674,20201017,20201017,0.23296733680905687,0.7203157619169479,0.04671690127399521,0.5205474946472306,3739653.0,0.24393339879416723,0.6953819961266214,0.06068460507921129,0.5059130831550246,994997.0,0.7435109289617486,0.9615384615384616,0.2808379746835443,0.8461538461538461,1,1,1,0,1,0,0,0,0
389209,ZA5,KwaZulu-Natal,ZA5,KwaZulu-Natal,ZA529,iLembe,ZA595,eThekwini,2020-10-17,2020-10-17,285,280,268,43840236.36267152,11858216.906599332,2251103,20201017,20201017,0.32390440311621094,0.6202867780885334,0.05580881879525565,0.4827645772056803,636799.0,0.2446364969883556,0.6990922562931536,0.05627124671849075,0.494610924976595,3587907.0,-0.14951617873651774,0.28846153846153844,0.5666580406654343,0.9230769230769231,1,1,1,0,1,0,0,0,0
389210,ZA9,Limpopo,ZA6,North West,ZA935,Capricorn,ZA638,Ngaka Modiri Molema,2020-10-17,2020-10-29,1,1,1,396510.8841464536,349021.9547616312,1035500,20201017,20201029,0.3265897738288558,0.6007690312860821,0.07264119488506209,0.472231826966417,1295656.0,0.3236353449196357,0.6078801705223251,0.06848448455803925,0.4964769205863341,870971.0,0.07397387387387387,0.6346153846153846,-0.18344824707846413,0.23076923076923078,1,1,1,0,1,0,0,0,0
389211,ZA2,Eastern Cape,ZA2,Eastern Cape,ZA212,Amathole,ZA244,Alfred Nzo,2020-10-17,2020-10-17,1,1,1,761370.7564382536,184092.82156613475,15181,20201017,20201017,0.32816698449842097,0.5696178168124134,0.1022151986891656,0.47434426623917664,789726.0,0.40782127157510134,0.5221222097470932,0.07005651867780548,0.4576553946475353,788235.0,-0.3192883211678832,0.019230769230769232,-0.27396673320026615,0.11538461538461539,1,1,1,0,1,0,0,0,0
389212,ZA1,Western Cape,ZA3,Nothern Cape,ZA104,Eden,ZA306,Namakwa,2020-10-17,2020-10-24,1,1,1,2268169.814537629,665.8846741277774,663230,20201017,20201024,0.24710205256745305,0.6628052101466374,0.09009273728590954,0.4993180863678119,673839.0,0.2479438366342976,0.6592106724059887,0.09284549095971371,0.5132337492633683,117087.0,0.0004522691705790296,0.5384615384615384,0.06505633802816901,0.6153846153846154,1,1,1,0,1,0,0,0,0
389213,ZA5,KwaZulu-Natal,ZA8,Mpumalanga,ZA525,Amajuba,ZA830,Gert Sibande,2020-10-17,2020-10-17,5,5,5,633578.6834177806,263232.7569572807,44231,20201017,20201017,0.3311353387795859,0.6144200377537888,0.05444462346662529,0.48045773982507545,502731.0,0.30688245639051287,0.6412288994160756,0.05188864419341153,0.49968312815881616,1136106.0,-0.16864155251141552,0.25,-0.11248741610738255,0.36538461538461536,1,1,1,0,1,0,0,0,0
389214,ZA2,Eastern Cape,ZA2,Eastern Cape,ZA210,Cacadu,ZA212,Amathole,2020-10-17,2020-10-17,11,10,10,1578868.8481988248,723617.8140950411,129697,20201017,20201017,0.2618455236218228,0.6571170870354837,0.08103738934269357,0.4975242081945451,491156.0,0.32816698449842097,0.5696178168124134,0.1022151986891656,0.47434426623917664,789726.0,-0.01848062015503876,0.5,-0.3192883211678832,0.019230769230769232,1,1,1,0,1,0,0,0,0
389215,ZA7,Gauteng,ZA6,North West,ZA799,City of Tshwane,ZA637,Bojanala,2020-10-17,2020-10-17,517,510,499,65991473.13887725,27718168.341093373,6262206,20201017,20201017,0.22283079372412132,0.7204843127840075,0.056684893491871245,0.5057337597223363,3627986.0,0.25082919250139085,0.6903465537718604,0.05882425372674875,0.5380589003726469,1786678.0,0.48224212034383956,0.9038461538461539,0.07430676328502415,0.6538461538461539,1,1,1,0,1,0,0,0,0
389216,ZA1,Western Cape,ZA1,Western Cape,ZA191,City of Cape Town,ZA101,West Coast,2020-10-17,2020-10-17,249,247,245,65127675.54030949,21998266.767852157,3014541,20201017,20201017,0.23849582985172932,0.697186217784503,0.06431795236376775,0.4976008771049945,4436413.0,0.24466466325617858,0.6852166396976793,0.0701186970461421,0.5060695297345649,497485.0,0.7687640750670242,0.9807692307692307,-0.12079976303317536,0.34615384615384615,1,1,1,0,1,0,0,0,0
389217,ZA7,Gauteng,ZA7,Gauteng,ZA798,City of Johannesburg,ZA797,Ekurhuleni,2020-10-17,2020-10-17,3254,3152,2986,223420586.0404261,70612256.82444829,23623197,20201017,20201017,0.2220629170143196,0.7299897648810346,0.047947318104645836,0.5097433964893054,5540727.0,0.23296733680905687,0.7203157619169479,0.04671690127399521,0.5205474946472306,3739653.0,0.8818060606060606,1.0,0.7435109289617486,0.9615384615384616,1,1,1,0,1,0,0,0,0
389218,ZA5,KwaZulu-Natal,ZA5,KwaZulu-Natal,ZA529,iLembe,ZA529,iLembe,2020-10-17,2020-10-18,131,131,131,4406172.017884065,1732189.460860897,5383535,20201017,20201018,0.32390440311621094,0.6202867780885334,0.05580881879525565,0.4827645772056803,636799.0,0.32390440311621094,0.6202867780885334,0.05580881879525565,0.4827645772056803,636799.0,-0.14951617873651774,0.28846153846153844,-0.14951617873651774,0.28846153846153844,1,1,1,0,1,0,0,0,0
389219,ZA1,Western Cape,ZA2,Eastern Cape,ZA191,City of Cape Town,ZA292,Buffalo City,2020-10-17,2020-10-17,3,3,3,5453090.204155141,2666666.9507410326,58176,20201017,20201017,0.23849582985172932,0.697186217784503,0.06431795236376775,0.4976008771049945,4436413.0,0.254980022080858,0.6758306608485358,0.06918931707060617,0.48177934914042375,760840.0,0.7687640750670242,0.9807692307692307,0.09585175879396986,0.6923076923076923,1,1,1,0,1,0,0,0,0
389220,ZA7,Gauteng,ZA7,Gauteng,ZA797,Ekurhuleni,ZA799,City of Tshwane,2020-10-17,2020-10-17,1204,1194,1145,127661005.60989392,51839302.2505624,10492654,20201017,20201017,0.23296733680905687,0.7203157619169479,0.04671690127399521,0.5205474946472306,3739653.0,0.22283079372412132,0.7204843127840075,0.056684893491871245,0.5057337597223363,3627986.0,0.7435109289617486,0.9615384615384616,0.48224212034383956,0.9038461538461539,1,1,1,0,1,0,0,0,0
389221,ZA5,KwaZulu-Natal,ZA5,KwaZulu-Natal,ZA524,Umzinyathi,ZA525,Amajuba,2020-10-17,2020-10-17,16,16,16,1986050.500599697,863306.9214388174,163920,20201017,20201017,0.3952311253914291,0.5454951881678106,0.05927368644076033,0.451447242842509,514461.0,0.3311353387795859,0.6144200377537888,0.05444462346662529,0.48045773982507545,502731.0,-0.28225945945945946,0.07692307692307693,-0.16864155251141552,0.25,1,1,1,0,1,0,0,0,0
389222,ZA5,KwaZulu-Natal,ZA5,KwaZulu-Natal,ZA521,Ugu,ZA521,Ugu,2020-10-17,2020-10-17,1928,955,679,185404221.04034945,15504914.130269008,10223452,20201017,20201017,0.32122674606698143,0.6016982741355622,0.07707497979745637,0.47391596021954596,714019.0,0.32122674606698143,0.6016982741355622,0.07707497979745637,0.47391596021954596,714019.0,-0.09480895915678524,0.40384615384615385,-0.09480895915678524,0.40384615384615385,1,1,1,0,1,0,0,0,0
389223,ZA4,Free State,ZA4,Free State,ZA420,Fezile Dabi,ZA418,Lejweleputswa,2020-10-17,2020-10-17,14,14,14,2793254.763714102,1301424.7356077463,150513,20201017,20201017,0.2705098118551487,0.6604572122193,0.06903297592555128,0.5050070807202104,494300.0,0.27941650281351393,0.6617931601395349,0.058790337046951115,0.500105365269169,574193.0,0.2276555023923445,0.7884615384615384,0.29495049504950493,0.8653846153846154,1,1,1,0,1,0,0,0,0
389224,ZA5,KwaZulu-Natal,ZA9,Limpopo,ZA525,Amajuba,ZA936,Waterberg,2020-10-17,2020-10-17,2,2,2,1825831.8973950415,1019399.8206529716,76074,20201017,20201017,0.3311353387795859,0.6144200377537888,0.05444462346662529,0.48045773982507545,502731.0,0.2870915348782833,0.6477210572390478,0.06518740788266879,0.5138960603357211,718513.0,-0.16864155251141552,0.25,0.00236898395721925,0.5576923076923077,1,1,1,0,1,0,0,0,0
389225,ZA6,North West,ZA7,Gauteng,ZA638,Ngaka Modiri Molema,ZA799,City of Tshwane,2020-10-17,2020-10-17,5,5,5,2767466.080094352,1249694.6362074271,105405,20201017,20201017,0.3236353449196357,0.6078801705223251,0.06848448455803925,0.4964769205863341,870971.0,0.22283079372412132,0.7204843127840075,0.056684893491871245,0.5057337597223363,3627986.0,-0.18344824707846413,0.23076923076923078,0.48224212034383956,0.9038461538461539,1,1,1,0,1,0,0,0,0
389226,ZA6,North West,ZA3,Nothern Cape,ZA639,Dr Ruth Segomotsi Mompati,ZA309,Frances Baard,2020-10-17,2020-10-17,19,19,19,2836351.026375128,1110051.023066502,161903,20201017,20201017,0.3412335579082451,0.5850872971649528,0.07367914492680208,0.4911837461796937,473784.0,0.2860169290028057,0.6497360787483951,0.06424699224879928,0.49189928194398214,420580.0,-0.16626678765880218,0.2692307692307692,0.29907801418439717,0.8846153846153846,1,1,1,0,1,0,0,0,0
389227,ZA2,Eastern Cape,ZA2,Eastern Cape,ZA292,Buffalo City,ZA212,Amathole,2020-10-17,2020-10-17,120,117,115,15974111.975186571,6204367.914320827,1285443,20201017,20201017,0.254980022080858,0.6758306608485358,0.06918931707060617,0.48177934914042375,760840.0,0.32816698449842097,0.5696178168124134,0.1022151986891656,0.47434426623917664,789726.0,0.09585175879396986,0.6923076923076923,-0.3192883211678832,0.019230769230769232,1,1,1,0,1,0,0,0,0
389228,ZA7,Gauteng,ZA6,North West,ZA799,City of Tshwane,ZA640,Dr Kenneth Kaunda,2020-10-17,2020-10-17,15,15,15,8621346.66212016,2884652.134045829,240393,20201017,20201017,0.22283079372412132,0.7204843127840075,0.056684893491871245,0.5057337597223363,3627986.0,0.27505895171327793,0.6602340041700301,0.06470704411669191,0.5065976875287468,754431.0,0.48224212034383956,0.9038461538461539,-0.10069384057971015,0.38461538461538464,1,1,1,0,1,0,0,0,0
389229,ZA3,Nothern Cape,ZA3,Nothern Cape,ZA307,Pixley ka Seme,ZA308,Z F Mgcawu,2020-10-17,2020-10-17,1,1,1,674576.0108942821,237142.5366863152,7341,20201017,20201017,0.3060749448635213,0.6232332132979509,0.0706918418385278,0.5011842246002923,196331.0,0.27601757542529287,0.6641943181028425,0.059788106471864645,0.5142626583989065,258998.0,0.1854655172413793,0.75,-0.04016603773584906,0.46153846153846156,1,1,1,0,1,0,0,0,0
389230,ZA8,Mpumalanga,ZA8,Mpumalanga,ZA831,Nkangala,ZA831,Nkangala,2020-10-17,2020-10-17,5586,2814,1987,265174040.48705068,52219766.19504437,31335280,20201017,20201017,0.27290691475673784,0.6711806877078121,0.055912397535449986,0.5109201270525474,1573837.0,0.27290691475673784,0.6711806877078121,0.055912397535449986,0.5109201270525474,1573837.0,0.07867808219178082,0.6730769230769231,0.07867808219178082,0.6730769230769231,1,1,1,0,1,0,0,0,0
389231,ZA5,KwaZulu-Natal,ZA5,KwaZulu-Natal,ZA523,Uthukela,ZA524,Umzinyathi,2020-10-17,2020-10-17,5,5,5,651372.4864490881,210693.9458998639,36323,20201017,20201017,0.36014331224838336,0.5864396074090654,0.05341708034255123,0.46782833191779016,652282.0,0.3952311253914291,0.5454951881678106,0.05927368644076033,0.451447242842509,514461.0,-0.19841226215644822,0.19230769230769232,-0.28225945945945946,0.07692307692307693,1,1,1,0,1,0,0,0,0
389232,ZA6,North West,ZA7,Gauteng,ZA640,Dr Kenneth Kaunda,ZA748,West Rand,2020-10-17,2020-10-17,30,30,30,5624687.019848411,2412548.81940485,311803,20201017,20201017,0.27505895171327793,0.6602340041700301,0.06470704411669191,0.5065976875287468,754431.0,0.23154887232085752,0.7207832829912092,0.047667844687933295,0.5288128906961219,856804.0,-0.10069384057971015,0.38461538461538464,0.23715802469135805,0.8076923076923077,1,1,1,0,1,0,0,0,0
389233,ZA5,KwaZulu-Natal,ZA7,Gauteng,ZA529,iLembe,ZA742,Sedibeng,2020-10-17,2020-10-17,1,1,1,1019758.331442734,450820.92033010506,3305,20201017,20201017,0.32390440311621094,0.6202867780885334,0.05580881879525565,0.4827645772056803,636799.0,0.24393339879416723,0.6953819961266214,0.06068460507921129,0.5059130831550246,994997.0,-0.14951617873651774,0.28846153846153844,0.2808379746835443,0.8461538461538461,1,1,1,0,1,0,0,0,0
389234,ZA9,Limpopo,ZA9,Limpopo,ZA947,Sekhukhune,ZA947,Sekhukhune,2020-10-17,2020-10-17,1592,782,516,68183670.2886466,13939596.553616818,8382428,20201017,20201017,0.3536917516859454,0.5707075150199985,0.07560073329405607,0.46486328935523974,1125333.0,0.3536917516859454,0.5707075150199985,0.07560073329405607,0.46486328935523974,1125333.0,-0.06015677966101695,0.4423076923076923,-0.06015677966101695,0.4423076923076923,1,1,1,0,1,0,0,0,0
389235,ZA2,Eastern Cape,ZA2,Eastern Cape,ZA244,Alfred Nzo,ZA244,Alfred Nzo,2020-10-17,2020-10-18,55,55,55,1550477.2451826364,388729.85172232136,2923139,20201017,20201018,0.40782127157510134,0.5221222097470932,0.07005651867780548,0.4576553946475353,788235.0,0.40782127157510134,0.5221222097470932,0.07005651867780548,0.4576553946475353,788235.0,-0.27396673320026615,0.11538461538461539,-0.27396673320026615,0.11538461538461539,1,1,1,0,1,0,0,0,0
389236,ZA4,Free State,ZA4,Free State,ZA494,Mangaung,ZA416,Xhariep,2020-10-17,2020-10-17,34,34,34,9035818.486404756,3553044.973223542,455835,20201017,20201017,0.26262942751272955,0.6754982029249197,0.06187236956235082,0.4901411892511804,826621.0,0.29515218562959183,0.6325513667867511,0.07229644758365718,0.5005153225730198,105759.0,0.27329104477611943,0.8269230769230769,0.18671264367816093,0.7692307692307693,1,1,1,0,1,0,0,0,0
389237,ZA4,Free State,ZA3,Nothern Cape,ZA416,Xhariep,ZA309,Frances Baard,2020-10-17,2020-10-22,1,1,1,311103.2380795933,141398.56930851488,380044,20201017,20201022,0.29515218562959183,0.6325513667867511,0.07229644758365718,0.5005153225730198,105759.0,0.2860169290028057,0.6497360787483951,0.06424699224879928,0.49189928194398214,420580.0,0.18671264367816093,0.7692307692307693,0.29907801418439717,0.8846153846153846,1,1,1,0,1,0,0,0,0
389238,ZA6,North West,ZA7,Gauteng,ZA638,Ngaka Modiri Molema,ZA748,West Rand,2020-10-17,2020-10-17,5,5,5,2922502.3818769325,971142.4995904154,113320,20201017,20201017,0.3236353449196357,0.6078801705223251,0.06848448455803925,0.4964769205863341,870971.0,0.23154887232085752,0.7207832829912092,0.047667844687933295,0.5288128906961219,856804.0,-0.18344824707846413,0.23076923076923078,0.23715802469135805,0.8076923076923077,1,1,1,0,1,0,0,0,0
389239,ZA7,Gauteng,ZA5,KwaZulu-Natal,ZA799,City of Tshwane,ZA521,Ugu,2020-10-17,2020-10-17,3,3,3,2673201.663746793,2020518.1500137409,149538,20201017,20201017,0.22283079372412132,0.7204843127840075,0.056684893491871245,0.5057337597223363,3627986.0,0.32122674606698143,0.6016982741355622,0.07707497979745637,0.47391596021954596,714019.0,0.48224212034383956,0.9038461538461539,-0.09480895915678524,0.40384615384615385,1,1,1,0,1,0,0,0,0
389240,ZA7,Gauteng,ZA4,Free State,ZA797,Ekurhuleni,ZA418,Lejweleputswa,2020-10-17,2020-10-17,4,4,4,2346973.063878808,1071314.9126221586,112354,20201017,20201017,0.23296733680905687,0.7203157619169479,0.04671690127399521,0.5205474946472306,3739653.0,0.27941650281351393,0.6617931601395349,0.058790337046951115,0.500105365269169,574193.0,0.7435109289617486,0.9615384615384616,0.29495049504950493,0.8653846153846154,1,1,1,0,1,0,0,0,0
389241,ZA2,Eastern Cape,ZA2,Eastern Cape,ZA213,Chris Hani,ZA213,Chris Hani,2020-10-17,2020-10-17,875,477,325,70289919.92514753,12836487.332422111,6508686,20201017,20201017,0.334940582305372,0.572656560540376,0.09240285715425203,0.478383232498069,752217.0,0.334940582305372,0.572656560540376,0.09240285715425203,0.478383232498069,752217.0,-0.29251697892271666,0.057692307692307696,-0.29251697892271666,0.057692307692307696,1,1,1,0,1,0,0,0,0
389242,ZA5,KwaZulu-Natal,ZA5,KwaZulu-Natal,ZA526,Zululand,ZA595,eThekwini,2020-10-17,2020-10-29,1,1,1,619762.8542294697,253772.87170245708,1053682,20201017,20201029,0.392497537624586,0.5542130860581069,0.053289376317307055,0.4651401640222711,783796.0,0.2446364969883556,0.6990922562931536,0.05627124671849075,0.494610924976595,3587907.0,-0.2762355212355212,0.09615384615384616,0.5666580406654343,0.9230769230769231,1,1,1,0,1,0,0,0,0
389243,ZA5,KwaZulu-Natal,ZA1,Western Cape,ZA595,eThekwini,ZA191,City of Cape Town,2020-10-17,2020-10-17,7,7,7,17557580.80551012,9030094.48078383,131536,20201017,20201017,0.2446364969883556,0.6990922562931536,0.05627124671849075,0.494610924976595,3587907.0,0.23849582985172932,0.697186217784503,0.06431795236376775,0.4976008771049945,4436413.0,0.5666580406654343,0.9230769230769231,0.7687640750670242,0.9807692307692307,1,1,1,0,1,0,0,0,0
389244,ZA8,Mpumalanga,ZA9,Limpopo,ZA831,Nkangala,ZA947,Sekhukhune,2020-10-17,2020-10-17,53,52,50,10354888.5907098,3455058.1657034587,584548,20201017,20201017,0.27290691475673784,0.6711806877078121,0.055912397535449986,0.5109201270525474,1573837.0,0.3536917516859454,0.5707075150199985,0.07560073329405607,0.46486328935523974,1125333.0,0.07867808219178082,0.6730769230769231,-0.06015677966101695,0.4423076923076923,1,1,1,0,1,0,0,0,0
389245,ZA3,Nothern Cape,ZA3,Nothern Cape,ZA308,Z F Mgcawu,ZA308,Z F Mgcawu,2020-10-17,2020-10-18,119,119,119,6461603.248711559,1290509.5580065702,4344224,20201017,20201018,0.27601757542529287,0.6641943181028425,0.059788106471864645,0.5142626583989065,258998.0,0.27601757542529287,0.6641943181028425,0.059788106471864645,0.5142626583989065,258998.0,-0.04016603773584906,0.46153846153846156,-0.04016603773584906,0.46153846153846156,1,1,1,0,1,0,0,0,0
389246,ZA8,Mpumalanga,ZA7,Gauteng,ZA831,Nkangala,ZA799,City of Tshwane,2020-10-17,2020-10-17,129,129,128,35601376.59044152,13421229.448910683,1579635,20201017,20201017,0.27290691475673784,0.6711806877078121,0.055912397535449986,0.5109201270525474,1573837.0,0.22283079372412132,0.7204843127840075,0.056684893491871245,0.5057337597223363,3627986.0,0.07867808219178082,0.6730769230769231,0.48224212034383956,0.9038461538461539,1,1,1,0,1,0,0,0,0
389247,ZA7,Gauteng,ZA7,Gauteng,ZA742,Sedibeng,ZA799,City of Tshwane,2020-10-17,2020-10-17,84,84,84,24600798.14755533,10334943.291916884,964837,20201017,20201017,0.24393339879416723,0.6953819961266214,0.06068460507921129,0.5059130831550246,994997.0,0.22283079372412132,0.7204843127840075,0.056684893491871245,0.5057337597223363,3627986.0,0.2808379746835443,0.8461538461538461,0.48224212034383956,0.9038461538461539,1,1,1,0,1,0,0,0,0
389248,ZA7,Gauteng,ZA8,Mpumalanga,ZA797,Ekurhuleni,ZA831,Nkangala,2020-10-17,2020-10-17,129,128,127,26768752.654719107,10572966.138564032,1345639,20201017,20201017,0.23296733680905687,0.7203157619169479,0.04671690127399521,0.5205474946472306,3739653.0,0.27290691475673784,0.6711806877078121,0.055912397535449986,0.5109201270525474,1573837.0,0.7435109289617486,0.9615384615384616,0.07867808219178082,0.6730769230769231,1,1,1,0,1,0,0,0,0
389249,ZA4,Free State,ZA4,Free State,ZA494,Mangaung,ZA419,Thabo Mofutsanyane,2020-10-17,2020-10-17,22,22,22,12092472.504443169,4207008.018474796,401934,20201017,20201017,0.26262942751272955,0.6754982029249197,0.06187236956235082,0.4901411892511804,826621.0,0.31143326559338835,0.6251823622683981,0.06338437213821363,0.47028720831466336,662829.0,0.27329104477611943,0.8269230769230769,0.10770218579234972,0.7115384615384616,1,1,1,0,1,0,0,0,0
389250,ZA4,Free State,ZA4,Free State,ZA416,Xhariep,ZA494,Mangaung,2020-10-17,2020-10-17,24,24,24,4066561.481993284,2128163.168418027,279681,20201017,20201017,0.29515218562959183,0.6325513667867511,0.07229644758365718,0.5005153225730198,105759.0,0.26262942751272955,0.6754982029249197,0.06187236956235082,0.4901411892511804,826621.0,0.18671264367816093,0.7692307692307693,0.27329104477611943,0.8269230769230769,1,1,1,0,1,0,0,0,0
389251,ZA7,Gauteng,ZA6,North West,ZA797,Ekurhuleni,ZA637,Bojanala,2020-10-17,2020-10-17,121,121,121,21941577.45746165,10498675.90975468,1738954,20201017,20201017,0.23296733680905687,0.7203157619169479,0.04671690127399521,0.5205474946472306,3739653.0,0.25082919250139085,0.6903465537718604,0.05882425372674875,0.5380589003726469,1786678.0,0.7435109289617486,0.9615384615384616,0.07430676328502415,0.6538461538461539,1,1,1,0,1,0,0,0,0
389252,ZA9,Limpopo,ZA9,Limpopo,ZA947,Sekhukhune,ZA935,Capricorn,2020-10-17,2020-10-17,21,21,19,8746810.746304728,1925976.613115477,196290,20201017,20201017,0.3536917516859454,0.5707075150199985,0.07560073329405607,0.46486328935523974,1125333.0,0.3265897738288558,0.6007690312860821,0.07264119488506209,0.472231826966417,1295656.0,-0.06015677966101695,0.4423076923076923,0.07397387387387387,0.6346153846153846,1,1,1,0,1,0,0,0,0
389253,ZA9,Limpopo,ZA9,Limpopo,ZA936,Waterberg,ZA935,Capricorn,2020-10-17,2020-10-17,43,43,43,7792357.481374683,3278884.496835291,482126,20201017,20201017,0.2870915348782833,0.6477210572390478,0.06518740788266879,0.5138960603357211,718513.0,0.3265897738288558,0.6007690312860821,0.07264119488506209,0.472231826966417,1295656.0,0.00236898395721925,0.5576923076923077,0.07397387387387387,0.6346153846153846,1,1,1,0,1,0,0,0,0
389254,ZA8,Mpumalanga,ZA8,Mpumalanga,ZA831,Nkangala,ZA832,Ehlanzeni,2020-10-17,2020-10-21,1,1,1,312672.2228430747,156136.83457375923,379789,20201017,20201021,0.27290691475673784,0.6711806877078121,0.055912397535449986,0.5109201270525474,1573837.0,0.32438893780700045,0.6235217992770762,0.05208926291592337,0.47979089412028486,1837538.0,0.07867808219178082,0.6730769230769231,0.1315940928270042,0.7307692307692307,1,1,1,0,1,0,0,0,0
389255,ZA1,Western Cape,ZA1,Western Cape,ZA191,City of Cape Town,ZA191,City of Cape Town,2020-10-17,2020-10-18,3743,3743,3743,93771096.5438079,27852745.0773346,124214520,20201017,20201018,0.23849582985172932,0.697186217784503,0.06431795236376775,0.4976008771049945,4436413.0,0.23849582985172932,0.697186217784503,0.06431795236376775,0.4976008771049945,4436413.0,0.7687640750670242,0.9807692307692307,0.7687640750670242,0.9807692307692307,1,1,1,0,1,0,0,0,0
389256,ZA9,Limpopo,ZA9,Limpopo,ZA947,Sekhukhune,ZA936,Waterberg,2020-10-17,2020-10-17,11,11,11,3634554.690235201,1252321.5569983467,113902,20201017,20201017,0.3536917516859454,0.5707075150199985,0.07560073329405607,0.46486328935523974,1125333.0,0.2870915348782833,0.6477210572390478,0.06518740788266879,0.5138960603357211,718513.0,-0.06015677966101695,0.4423076923076923,0.00236898395721925,0.5576923076923077,1,1,1,0,1,0,0,0,0
389257,ZA5,KwaZulu-Natal,ZA5,KwaZulu-Natal,ZA522,Umgungundlovu,ZA595,eThekwini,2020-10-17,2020-10-17,231,231,230,47746834.18588329,15974387.445282884,2460164,20201017,20201017,0.2748377359932372,0.663873035280183,0.06128922872657978,0.48236181888519014,1046905.0,0.2446364969883556,0.6990922562931536,0.05627124671849075,0.494610924976595,3587907.0,0.0061256544502617805,0.5769230769230769,0.5666580406654343,0.9230769230769231,1,1,1,0,1,0,0,0,0
389258,ZA9,Limpopo,ZA7,Gauteng,ZA936,Waterberg,ZA797,Ekurhuleni,2020-10-17,2020-10-17,15,15,15,6492285.681748494,3007468.079745885,284252,20201017,20201017,0.2870915348782833,0.6477210572390478,0.06518740788266879,0.5138960603357211,718513.0,0.23296733680905687,0.7203157619169479,0.04671690127399521,0.5205474946472306,3739653.0,0.00236898395721925,0.5576923076923077,0.7435109289617486,0.9615384615384616,1,1,1,0,1,0,0,0,0
389259,ZA7,Gauteng,ZA7,Gauteng,ZA799,City of Tshwane,ZA798,City of Johannesburg,2020-10-17,2020-10-17,1328,1322,1289,162691389.88008857,59565724.92684678,12979534,20201017,20201017,0.22283079372412132,0.7204843127840075,0.056684893491871245,0.5057337597223363,3627986.0,0.2220629170143196,0.7299897648810346,0.047947318104645836,0.5097433964893054,5540727.0,0.48224212034383956,0.9038461538461539,0.8818060606060606,1.0,1,1,1,0,1,0,0,0,0
389260,ZA4,Free State,ZA4,Free State,ZA416,Xhariep,ZA416,Xhariep,2020-10-17,2020-10-17,364,190,127,25824380.68866142,5207006.102081246,1791046,20201017,20201017,0.29515218562959183,0.6325513667867511,0.07229644758365718,0.5005153225730198,105759.0,0.29515218562959183,0.6325513667867511,0.07229644758365718,0.5005153225730198,105759.0,0.18671264367816093,0.7692307692307693,0.18671264367816093,0.7692307692307693,1,1,1,0,1,0,0,0,0
389261,ZA9,Limpopo,ZA9,Limpopo,ZA934,Vhembe,ZA934,Vhembe,2020-10-17,2020-10-18,257,257,257,13526537.298772298,2403351.059213219,10755447,20201017,20201018,0.3433867460978093,0.5887604530714541,0.06785280083073665,0.4597374214109392,1325089.0,0.3433867460978093,0.5887604530714541,0.06785280083073665,0.4597374214109392,1325089.0,-0.0767829596412556,0.4230769230769231,-0.0767829596412556,0.4230769230769231,1,1,1,0,1,0,0,0,0
389262,ZA4,Free State,ZA6,North West,ZA420,Fezile Dabi,ZA640,Dr Kenneth Kaunda,2020-10-17,2020-10-17,91,89,86,9965576.35716939,4139195.5819715257,749541,20201017,20201017,0.2705098118551487,0.6604572122193,0.06903297592555128,0.5050070807202104,494300.0,0.27505895171327793,0.6602340041700301,0.06470704411669191,0.5065976875287468,754431.0,0.2276555023923445,0.7884615384615384,-0.10069384057971015,0.38461538461538464,1,1,1,0,1,0,0,0,0
389263,ZA9,Limpopo,ZA7,Gauteng,ZA933,Mopani,ZA748,West Rand,2020-10-17,2020-10-17,3,3,3,2806360.9403912043,1318962.9076230675,80665,20201017,20201017,0.3329418650827259,0.6026296126910996,0.06442852222617454,0.46142626187343905,1062666.0,0.23154887232085752,0.7207832829912092,0.047667844687933295,0.5288128906961219,856804.0,-0.037928345626975765,0.4807692307692308,0.23715802469135805,0.8076923076923077,1,1,1,0,1,0,0,0,0
389264,ZA2,Eastern Cape,ZA2,Eastern Cape,ZA214,Joe Gqabi,ZA214,Joe Gqabi,2020-10-17,2020-10-17,379,208,151,24561551.457096618,3722791.389961362,2536152,20201017,20201017,0.3340471849013029,0.5799636495391386,0.08598916555955849,0.47733103958194023,339473.0,0.3340471849013029,0.5799636495391386,0.08598916555955849,0.47733103958194023,339473.0,-0.1839776119402985,0.21153846153846154,-0.1839776119402985,0.21153846153846154,1,1,1,0,1,0,0,0,0
389265,ZA4,Free State,ZA4,Free State,ZA419,Thabo Mofutsanyane,ZA418,Lejweleputswa,2020-10-17,2020-10-19,1,1,1,315286.9284426252,113850.97529807036,225014,20201017,20201019,0.31143326559338835,0.6251823622683981,0.06338437213821363,0.47028720831466336,662829.0,0.27941650281351393,0.6617931601395349,0.058790337046951115,0.500105365269169,574193.0,0.10770218579234972,0.7115384615384616,0.29495049504950493,0.8653846153846154,1,1,1,0,1,0,0,0,0
389266,ZA5,KwaZulu-Natal,ZA5,KwaZulu-Natal,ZA522,Umgungundlovu,ZA595,eThekwini,2020-10-17,2020-10-18,50,50,50,8753570.648523528,3150075.936791257,1277509,20201017,20201018,0.2748377359932372,0.663873035280183,0.06128922872657978,0.48236181888519014,1046905.0,0.2446364969883556,0.6990922562931536,0.05627124671849075,0.494610924976595,3587907.0,0.0061256544502617805,0.5769230769230769,0.5666580406654343,0.9230769230769231,1,1,1,0,1,0,0,0,0
389267,ZA7,Gauteng,ZA8,Mpumalanga,ZA742,Sedibeng,ZA830,Gert Sibande,2020-10-17,2020-10-17,31,31,31,7315798.108520247,2559217.5132962456,325386,20201017,20201017,0.24393339879416723,0.6953819961266214,0.06068460507921129,0.5059130831550246,994997.0,0.30688245639051287,0.6412288994160756,0.05188864419341153,0.49968312815881616,1136106.0,0.2808379746835443,0.8461538461538461,-0.11248741610738255,0.36538461538461536,1,1,1,0,1,0,0,0,0
389268,ZA5,KwaZulu-Natal,ZA5,KwaZulu-Natal,ZA528,Uthungulu,ZA528,Uthungulu,2020-10-17,2020-10-17,1678,864,614,65557327.20411439,12952109.440667352,9540618,20201017,20201017,0.3398562749304085,0.6096443299200878,0.05049939514950375,0.4759701217345943,889476.0,0.3398562749304085,0.6096443299200878,0.05049939514950375,0.4759701217345943,889476.0,-0.2202014106583072,0.15384615384615385,-0.2202014106583072,0.15384615384615385,1,1,1,0,1,0,0,0,0
389269,ZA4,Free State,ZA4,Free State,ZA419,Thabo Mofutsanyane,ZA419,Thabo Mofutsanyane,2020-10-17,2020-10-18,196,196,196,5987209.43198347,1383019.71962351,7112437,20201017,20201018,0.31143326559338835,0.6251823622683981,0.06338437213821363,0.47028720831466336,662829.0,0.31143326559338835,0.6251823622683981,0.06338437213821363,0.47028720831466336,662829.0,0.10770218579234972,0.7115384615384616,0.10770218579234972,0.7115384615384616,1,1,1,0,1,0,0,0,0
389270,ZA6,North West,ZA6,North West,ZA638,Ngaka Modiri Molema,ZA640,Dr Kenneth Kaunda,2020-10-17,2020-10-17,26,25,24,7722043.98886214,2955742.3376199463,333945,20201017,20201017,0.3236353449196357,0.6078801705223251,0.06848448455803925,0.4964769205863341,870971.0,0.27505895171327793,0.6602340041700301,0.06470704411669191,0.5065976875287468,754431.0,-0.18344824707846413,0.23076923076923078,-0.10069384057971015,0.38461538461538464,1,1,1,0,1,0,0,0,0
389271,ZA8,Mpumalanga,ZA8,Mpumalanga,ZA830,Gert Sibande,ZA831,Nkangala,2020-10-17,2020-10-17,92,92,88,15411801.503262425,6586154.898985895,917745,20201017,20201017,0.30688245639051287,0.6412288994160756,0.05188864419341153,0.49968312815881616,1136106.0,0.27290691475673784,0.6711806877078121,0.055912397535449986,0.5109201270525474,1573837.0,-0.11248741610738255,0.36538461538461536,0.07867808219178082,0.6730769230769231,1,1,1,0,1,0,0,0,0
389272,ZA4,Free State,ZA6,North West,ZA418,Lejweleputswa,ZA640,Dr Kenneth Kaunda,2020-10-17,2020-10-18,8,8,8,925161.4295523583,427813.9383340031,276423,20201017,20201018,0.27941650281351393,0.6617931601395349,0.058790337046951115,0.500105365269169,574193.0,0.27505895171327793,0.6602340041700301,0.06470704411669191,0.5065976875287468,754431.0,0.29495049504950493,0.8653846153846154,-0.10069384057971015,0.38461538461538464,1,1,1,0,1,0,0,0,0
389273,ZA6,North West,ZA7,Gauteng,ZA637,Bojanala,ZA748,West Rand,2020-10-17,2020-10-17,75,69,68,10288981.630163943,3803575.790783451,695274,20201017,20201017,0.25082919250139085,0.6903465537718604,0.05882425372674875,0.5380589003726469,1786678.0,0.23154887232085752,0.7207832829912092,0.047667844687933295,0.5288128906961219,856804.0,0.07430676328502415,0.6538461538461539,0.23715802469135805,0.8076923076923077,1,1,1,0,1,0,0,0,0
389274,ZA1,Western Cape,ZA1,Western Cape,ZA103,Overberg,ZA191,City of Cape Town,2020-10-17,2020-10-18,101,101,101,15062561.067254009,6512962.604054665,2433460,20201017,20201018,0.22836513904770692,0.6721314716747349,0.09950338927755827,0.511077351980676,303457.0,0.23849582985172932,0.697186217784503,0.06431795236376775,0.4976008771049945,4436413.0,0.051486772486772484,0.5961538461538461,0.7687640750670242,0.9807692307692307,1,1,1,0,1,0,0,0,0
389275,ZA7,Gauteng,ZA7,Gauteng,ZA748,West Rand,ZA798,City of Johannesburg,2020-10-17,2020-10-18,95,95,95,6772117.825533333,2271677.6736970614,2817399,20201017,20201018,0.23154887232085752,0.7207832829912092,0.047667844687933295,0.5288128906961219,856804.0,0.2220629170143196,0.7299897648810346,0.047947318104645836,0.5097433964893054,5540727.0,0.23715802469135805,0.8076923076923077,0.8818060606060606,1.0,1,1,1,0,1,0,0,0,0
389276,ZA7,Gauteng,ZA7,Gauteng,ZA797,Ekurhuleni,ZA748,West Rand,2020-10-17,2020-10-17,112,111,111,18676742.311115075,7408517.103040695,1468214,20201017,20201017,0.23296733680905687,0.7203157619169479,0.04671690127399521,0.5205474946472306,3739653.0,0.23154887232085752,0.7207832829912092,0.047667844687933295,0.5288128906961219,856804.0,0.7435109289617486,0.9615384615384616,0.23715802469135805,0.8076923076923077,1,1,1,0,1,0,0,0,0
389277,ZA7,Gauteng,ZA5,KwaZulu-Natal,ZA799,City of Tshwane,ZA522,Umgungundlovu,2020-10-17,2020-10-17,4,4,4,4574466.961594544,1924245.436276645,81779,20201017,20201017,0.22283079372412132,0.7204843127840075,0.056684893491871245,0.5057337597223363,3627986.0,0.2748377359932372,0.663873035280183,0.06128922872657978,0.48236181888519014,1046905.0,0.48224212034383956,0.9038461538461539,0.0061256544502617805,0.5769230769230769,1,1,1,0,1,0,0,0,0
389278,ZA4,Free State,ZA5,KwaZulu-Natal,ZA419,Thabo Mofutsanyane,ZA595,eThekwini,2020-10-17,2020-10-17,11,11,11,9912570.90528532,3078899.818294525,202070,20201017,20201017,0.31143326559338835,0.6251823622683981,0.06338437213821363,0.47028720831466336,662829.0,0.2446364969883556,0.6990922562931536,0.05627124671849075,0.494610924976595,3587907.0,0.10770218579234972,0.7115384615384616,0.5666580406654343,0.9230769230769231,1,1,1,0,1,0,0,0,0
389279,ZA7,Gauteng,ZA7,Gauteng,ZA748,West Rand,ZA742,Sedibeng,2020-10-17,2020-10-17,32,32,32,4825148.521949251,2254200.6069100318,370328,20201017,20201017,0.23154887232085752,0.7207832829912092,0.047667844687933295,0.5288128906961219,856804.0,0.24393339879416723,0.6953819961266214,0.06068460507921129,0.5059130831550246,994997.0,0.23715802469135805,0.8076923076923077,0.2808379746835443,0.8461538461538461,1,1,1,0,1,0,0,0,0
389280,ZA7,Gauteng,ZA4,Free State,ZA798,City of Johannesburg,ZA418,Lejweleputswa,2020-10-17,2020-10-17,6,6,6,2871552.769398772,1581169.891707273,114248,20201017,20201017,0.2220629170143196,0.7299897648810346,0.047947318104645836,0.5097433964893054,5540727.0,0.27941650281351393,0.6617931601395349,0.058790337046951115,0.500105365269169,574193.0,0.8818060606060606,1.0,0.29495049504950493,0.8653846153846154,1,1,1,0,1,0,0,0,0
389281,ZA7,Gauteng,ZA4,Free State,ZA742,Sedibeng,ZA419,Thabo Mofutsanyane,2020-10-17,2020-10-17,9,9,9,6887113.13596678,1994620.849585265,142950,20201017,20201017,0.24393339879416723,0.6953819961266214,0.06068460507921129,0.5059130831550246,994997.0,0.31143326559338835,0.6251823622683981,0.06338437213821363,0.47028720831466336,662829.0,0.2808379746835443,0.8461538461538461,0.10770218579234972,0.7115384615384616,1,1,1,0,1,0,0,0,0
389282,ZA8,Mpumalanga,ZA4,Free State,ZA831,Nkangala,ZA420,Fezile Dabi,2020-10-17,2020-10-17,4,4,4,1618144.580786178,821306.0513710759,117371,20201017,20201017,0.27290691475673784,0.6711806877078121,0.055912397535449986,0.5109201270525474,1573837.0,0.2705098118551487,0.6604572122193,0.06903297592555128,0.5050070807202104,494300.0,0.07867808219178082,0.6730769230769231,0.2276555023923445,0.7884615384615384,1,1,1,0,1,0,0,0,0
389283,ZA6,North West,ZA6,North West,ZA637,Bojanala,ZA637,Bojanala,2020-10-17,2020-10-17,5827,2889,2183,366705274.0289304,58812569.53465673,32997460,20201017,20201017,0.25082919250139085,0.6903465537718604,0.05882425372674875,0.5380589003726469,1786678.0,0.25082919250139085,0.6903465537718604,0.05882425372674875,0.5380589003726469,1786678.0,0.07430676328502415,0.6538461538461539,0.07430676328502415,0.6538461538461539,1,1,1,0,1,0,0,0,0
389284,ZA5,KwaZulu-Natal,ZA5,KwaZulu-Natal,ZA526,Zululand,ZA528,Uthungulu,2020-10-17,2020-10-17,10,10,10,4055092.517054012,1551998.5679740212,158602,20201017,20201017,0.392497537624586,0.5542130860581069,0.053289376317307055,0.4651401640222711,783796.0,0.3398562749304085,0.6096443299200878,0.05049939514950375,0.4759701217345943,889476.0,-0.2762355212355212,0.09615384615384616,-0.2202014106583072,0.15384615384615385,1,1,1,0,1,0,0,0,0
389285,ZA5,KwaZulu-Natal,ZA1,Western Cape,ZA595,eThekwini,ZA191,City of Cape Town,2020-10-17,2020-10-18,1,1,1,2782045.3443153417,1389994.3351908503,111267,20201017,20201018,0.2446364969883556,0.6990922562931536,0.05627124671849075,0.494610924976595,3587907.0,0.23849582985172932,0.697186217784503,0.06431795236376775,0.4976008771049945,4436413.0,0.5666580406654343,0.9230769230769231,0.7687640750670242,0.9807692307692307,1,1,1,0,1,0,0,0,0
389286,ZA1,Western Cape,ZA8,Mpumalanga,ZA191,City of Cape Town,ZA832,Ehlanzeni,2020-10-17,2020-10-19,1,1,1,3376245.7019557008,1660453.1335227394,149640,20201017,20201019,0.23849582985172932,0.697186217784503,0.06431795236376775,0.4976008771049945,4436413.0,0.32438893780700045,0.6235217992770762,0.05208926291592337,0.47979089412028486,1837538.0,0.7687640750670242,0.9807692307692307,0.1315940928270042,0.7307692307692307,1,1,1,0,1,0,0,0,0
389287,ZA8,Mpumalanga,ZA8,Mpumalanga,ZA831,Nkangala,ZA831,Nkangala,2020-10-17,2020-10-18,500,499,498,19429705.13496875,4687356.676941268,18923521,20201017,20201018,0.27290691475673784,0.6711806877078121,0.055912397535449986,0.5109201270525474,1573837.0,0.27290691475673784,0.6711806877078121,0.055912397535449986,0.5109201270525474,1573837.0,0.07867808219178082,0.6730769230769231,0.07867808219178082,0.6730769230769231,1,1,1,0,1,0,0,0,0
389288,ZA7,Gauteng,ZA7,Gauteng,ZA742,Sedibeng,ZA742,Sedibeng,2020-10-17,2020-10-18,500,500,500,11631053.628276344,3355635.203324342,18801925,20201017,20201018,0.24393339879416723,0.6953819961266214,0.06068460507921129,0.5059130831550246,994997.0,0.24393339879416723,0.6953819961266214,0.06068460507921129,0.5059130831550246,994997.0,0.2808379746835443,0.8461538461538461,0.2808379746835443,0.8461538461538461,1,1,1,0,1,0,0,0,0
389289,ZA7,Gauteng,ZA7,Gauteng,ZA742,Sedibeng,ZA797,Ekurhuleni,2020-10-17,2020-10-18,91,91,91,13066563.385182483,4875115.542384202,2088434,20201017,20201018,0.24393339879416723,0.6953819961266214,0.06068460507921129,0.5059130831550246,994997.0,0.23296733680905687,0.7203157619169479,0.04671690127399521,0.5205474946472306,3739653.0,0.2808379746835443,0.8461538461538461,0.7435109289617486,0.9615384615384616,1,1,1,0,1,0,0,0,0
389290,ZA3,Nothern Cape,ZA3,Nothern Cape,ZA345,John Taolo Gaetsewe,ZA345,John Taolo Gaetsewe,2020-10-17,2020-10-17,743,415,301,38648935.32198671,10537402.053648222,5316275,20201017,20201017,0.31986957060536586,0.628082594956317,0.05204783443831712,0.4959027820806741,258224.0,0.31986957060536586,0.628082594956317,0.05204783443831712,0.4959027820806741,258224.0,-0.13480926430517712,0.3076923076923077,-0.13480926430517712,0.3076923076923077,1,1,1,0,1,0,0,0,0
389291,ZA2,Eastern Cape,ZA2,Eastern Cape,ZA214,Joe Gqabi,ZA214,Joe Gqabi,2020-10-17,2020-10-18,61,61,61,2789886.0108229406,242325.88724638484,2258261,20201017,20201018,0.3340471849013029,0.5799636495391386,0.08598916555955849,0.47733103958194023,339473.0,0.3340471849013029,0.5799636495391386,0.08598916555955849,0.47733103958194023,339473.0,-0.1839776119402985,0.21153846153846154,-0.1839776119402985,0.21153846153846154,1,1,1,0,1,0,0,0,0
389292,ZA7,Gauteng,ZA7,Gauteng,ZA798,City of Johannesburg,ZA742,Sedibeng,2020-10-17,2020-10-18,37,37,37,4201592.32602542,1728097.7258811835,962254,20201017,20201018,0.2220629170143196,0.7299897648810346,0.047947318104645836,0.5097433964893054,5540727.0,0.24393339879416723,0.6953819961266214,0.06068460507921129,0.5059130831550246,994997.0,0.8818060606060606,1.0,0.2808379746835443,0.8461538461538461,1,1,1,0,1,0,0,0,0
389293,ZA7,Gauteng,ZA1,Western Cape,ZA799,City of Tshwane,ZA103,Overberg,2020-10-17,2020-10-17,2,2,2,5887985.332368119,2754764.68339848,59234,20201017,20201017,0.22283079372412132,0.7204843127840075,0.056684893491871245,0.5057337597223363,3627986.0,0.22836513904770692,0.6721314716747349,0.09950338927755827,0.511077351980676,303457.0,0.48224212034383956,0.9038461538461539,0.051486772486772484,0.5961538461538461,1,1,1,0,1,0,0,0,0
389294,ZA5,KwaZulu-Natal,ZA7,Gauteng,ZA595,eThekwini,ZA797,Ekurhuleni,2020-10-17,2020-10-17,18,18,18,20606779.624759477,8599755.554683052,399098,20201017,20201017,0.2446364969883556,0.6990922562931536,0.05627124671849075,0.494610924976595,3587907.0,0.23296733680905687,0.7203157619169479,0.04671690127399521,0.5205474946472306,3739653.0,0.5666580406654343,0.9230769230769231,0.7435109289617486,0.9615384615384616,1,1,1,0,1,0,0,0,0
389295,ZA7,Gauteng,ZA7,Gauteng,ZA742,Sedibeng,ZA798,City of Johannesburg,2020-10-17,2020-10-18,89,89,89,10366721.80332484,4490064.07763216,2525160,20201017,20201018,0.24393339879416723,0.6953819961266214,0.06068460507921129,0.5059130831550246,994997.0,0.2220629170143196,0.7299897648810346,0.047947318104645836,0.5097433964893054,5540727.0,0.2808379746835443,0.8461538461538461,0.8818060606060606,1.0,1,1,1,0,1,0,0,0,0
389296,ZA1,Western Cape,ZA1,Western Cape,ZA191,City of Cape Town,ZA101,West Coast,2020-10-17,2020-10-18,14,14,14,4381965.367484462,3344357.5359442485,529842,20201017,20201018,0.23849582985172932,0.697186217784503,0.06431795236376775,0.4976008771049945,4436413.0,0.24466466325617858,0.6852166396976793,0.0701186970461421,0.5060695297345649,497485.0,0.7687640750670242,0.9807692307692307,-0.12079976303317536,0.34615384615384615,1,1,1,0,1,0,0,0,0
389297,ZA1,Western Cape,ZA1,Western Cape,ZA105,Central Karoo,ZA101,West Coast,2020-10-17,2020-10-19,1,1,1,3049381.72056511,436855.8014397721,202408,20201017,20201019,0.29415328297801036,0.633639246216906,0.07220747080508365,0.4979247763656518,77582.0,0.24466466325617858,0.6852166396976793,0.0701186970461421,0.5060695297345649,497485.0,-0.12604477611940298,0.3269230769230769,-0.12079976303317536,0.34615384615384615,1,1,1,0,1,0,0,0,0
389298,ZA5,KwaZulu-Natal,ZA5,KwaZulu-Natal,ZA543,Sisonke,ZA543,Sisonke,2020-10-17,2020-10-17,412,218,168,29883712.54826986,3455892.435769424,2445306,20201017,20201017,0.37293146983899067,0.5707096800166399,0.05635885014436937,0.4671305273563743,447117.0,0.37293146983899067,0.5707096800166399,0.05635885014436937,0.4671305273563743,447117.0,-0.2112274881516588,0.17307692307692307,-0.2112274881516588,0.17307692307692307,1,1,1,0,1,0,0,0,0
389299,ZA9,Limpopo,ZA9,Limpopo,ZA933,Mopani,ZA936,Waterberg,2020-10-17,2020-10-17,6,6,6,3618502.1345465514,1098683.111370247,113934,20201017,20201017,0.3329418650827259,0.6026296126910996,0.06442852222617454,0.46142626187343905,1062666.0,0.2870915348782833,0.6477210572390478,0.06518740788266879,0.5138960603357211,718513.0,-0.037928345626975765,0.4807692307692308,0.00236898395721925,0.5576923076923077,1,1,1,0,1,0,0,0,0
389300,ZA9,Limpopo,ZA9,Limpopo,ZA935,Capricorn,ZA947,Sekhukhune,2020-10-17,2020-10-17,16,16,16,4908867.819458214,1434504.0053670462,281786,20201017,20201017,0.3265897738288558,0.6007690312860821,0.07264119488506209,0.472231826966417,1295656.0,0.3536917516859454,0.5707075150199985,0.07560073329405607,0.46486328935523974,1125333.0,0.07397387387387387,0.6346153846153846,-0.06015677966101695,0.4423076923076923,1,1,1,0,1,0,0,0,0
389301,ZA4,Free State,ZA4,Free State,ZA419,Thabo Mofutsanyane,ZA419,Thabo Mofutsanyane,2020-10-17,2020-10-17,2060,974,699,160610799.24348378,23501509.29561113,11494952,20201017,20201017,0.31143326559338835,0.6251823622683981,0.06338437213821363,0.47028720831466336,662829.0,0.31143326559338835,0.6251823622683981,0.06338437213821363,0.47028720831466336,662829.0,0.10770218579234972,0.7115384615384616,0.10770218579234972,0.7115384615384616,1,1,1,0,1,0,0,0,0
389302,ZA1,Western Cape,ZA7,Gauteng,ZA191,City of Cape Town,ZA797,Ekurhuleni,2020-10-17,2020-10-17,22,22,22,51617446.06874143,28231486.12436241,328353,20201017,20201017,0.23849582985172932,0.697186217784503,0.06431795236376775,0.4976008771049945,4436413.0,0.23296733680905687,0.7203157619169479,0.04671690127399521,0.5205474946472306,3739653.0,0.7687640750670242,0.9807692307692307,0.7435109289617486,0.9615384615384616,1,1,1,0,1,0,0,0,0
389303,ZA9,Limpopo,ZA7,Gauteng,ZA947,Sekhukhune,ZA798,City of Johannesburg,2020-10-17,2020-10-23,1,1,1,598889.2944365289,292393.6164450729,504346,20201017,20201023,0.3536917516859454,0.5707075150199985,0.07560073329405607,0.46486328935523974,1125333.0,0.2220629170143196,0.7299897648810346,0.047947318104645836,0.5097433964893054,5540727.0,-0.06015677966101695,0.4423076923076923,0.8818060606060606,1.0,1,1,1,0,1,0,0,0,0
389304,ZA2,Eastern Cape,ZA2,Eastern Cape,ZA215,O.R.Tambo,ZA215,O.R.Tambo,2020-10-17,2020-10-18,144,144,144,5750202.137902584,1717017.292345316,6214760,20201017,20201018,0.38804558548824664,0.5482866433400703,0.06366777117168307,0.4623163104135049,1358678.0,0.38804558548824664,0.5482866433400703,0.06366777117168307,0.4623163104135049,1358678.0,-0.23807536101083035,0.1346153846153846,-0.23807536101083035,0.1346153846153846,1,1,1,0,1,0,0,0,0
389305,ZA7,Gauteng,ZA4,Free State,ZA798,City of Johannesburg,ZA494,Mangaung,2020-10-17,2020-10-17,9,9,9,7680329.576659576,3509577.4235656327,249424,20201017,20201017,0.2220629170143196,0.7299897648810346,0.047947318104645836,0.5097433964893054,5540727.0,0.26262942751272955,0.6754982029249197,0.06187236956235082,0.4901411892511804,826621.0,0.8818060606060606,1.0,0.27329104477611943,0.8269230769230769,1,1,1,0,1,0,0,0,0
389306,ZA5,KwaZulu-Natal,ZA5,KwaZulu-Natal,ZA524,Umzinyathi,ZA524,Umzinyathi,2020-10-17,2020-10-17,450,227,170,13267167.15250398,2666791.502559026,2947256,20201017,20201017,0.3952311253914291,0.5454951881678106,0.05927368644076033,0.451447242842509,514461.0,0.3952311253914291,0.5454951881678106,0.05927368644076033,0.451447242842509,514461.0,-0.28225945945945946,0.07692307692307693,-0.28225945945945946,0.07692307692307693,1,1,1,0,1,0,0,0,0
389307,ZA7,Gauteng,ZA9,Limpopo,ZA797,Ekurhuleni,ZA936,Waterberg,2020-10-17,2020-10-17,31,31,31,11880903.206798362,5725363.293315488,436407,20201017,20201017,0.23296733680905687,0.7203157619169479,0.04671690127399521,0.5205474946472306,3739653.0,0.2870915348782833,0.6477210572390478,0.06518740788266879,0.5138960603357211,718513.0,0.7435109289617486,0.9615384615384616,0.00236898395721925,0.5576923076923077,1,1,1,0,1,0,0,0,0
389308,ZA3,Nothern Cape,ZA3,Nothern Cape,ZA309,Frances Baard,ZA309,Frances Baard,2020-10-17,2020-10-31,1,1,1,641795.6371468416,2526.026029687803,1228298,20201017,20201031,0.2860169290028057,0.6497360787483951,0.06424699224879928,0.49189928194398214,420580.0,0.2860169290028057,0.6497360787483951,0.06424699224879928,0.49189928194398214,420580.0,0.29907801418439717,0.8846153846153846,0.29907801418439717,0.8846153846153846,1,1,1,0,1,0,0,0,0
389309,ZA2,Eastern Cape,ZA2,Eastern Cape,ZA212,Amathole,ZA292,Buffalo City,2020-10-17,2020-10-18,37,37,37,5004714.590442613,1601762.1138728743,1300630,20201017,20201018,0.32816698449842097,0.5696178168124134,0.1022151986891656,0.47434426623917664,789726.0,0.254980022080858,0.6758306608485358,0.06918931707060617,0.48177934914042375,760840.0,-0.3192883211678832,0.019230769230769232,0.09585175879396986,0.6923076923076923,1,1,1,0,1,0,0,0,0
389310,ZA9,Limpopo,ZA7,Gauteng,ZA947,Sekhukhune,ZA797,Ekurhuleni,2020-10-17,2020-10-17,4,4,4,1993429.1872404416,1212150.0312020024,126209,20201017,20201017,0.3536917516859454,0.5707075150199985,0.07560073329405607,0.46486328935523974,1125333.0,0.23296733680905687,0.7203157619169479,0.04671690127399521,0.5205474946472306,3739653.0,-0.06015677966101695,0.4423076923076923,0.7435109289617486,0.9615384615384616,1,1,1,0,1,0,0,0,0
389311,ZA7,Gauteng,ZA7,Gauteng,ZA798,City of Johannesburg,ZA798,City of Johannesburg,2020-10-17,2020-10-18,3557,3557,3557,65629069.12575775,22514575.99606259,124088540,20201017,20201018,0.2220629170143196,0.7299897648810346,0.047947318104645836,0.5097433964893054,5540727.0,0.2220629170143196,0.7299897648810346,0.047947318104645836,0.5097433964893054,5540727.0,0.8818060606060606,1.0,0.8818060606060606,1.0,1,1,1,0,1,0,0,0,0
389312,ZA7,Gauteng,ZA4,Free State,ZA798,City of Johannesburg,ZA420,Fezile Dabi,2020-10-17,2020-10-17,76,76,75,18812632.060175885,7922150.424003741,1088080,20201017,20201017,0.2220629170143196,0.7299897648810346,0.047947318104645836,0.5097433964893054,5540727.0,0.2705098118551487,0.6604572122193,0.06903297592555128,0.5050070807202104,494300.0,0.8818060606060606,1.0,0.2276555023923445,0.7884615384615384,1,1,1,0,1,0,0,0,0
389313,ZA6,North West,ZA4,Free State,ZA640,Dr Kenneth Kaunda,ZA420,Fezile Dabi,2020-10-17,2020-10-18,5,5,5,461420.716788159,204153.7584251749,146449,20201017,20201018,0.27505895171327793,0.6602340041700301,0.06470704411669191,0.5065976875287468,754431.0,0.2705098118551487,0.6604572122193,0.06903297592555128,0.5050070807202104,494300.0,-0.10069384057971015,0.38461538461538464,0.2276555023923445,0.7884615384615384,1,1,1,0,1,0,0,0,0
389314,ZA7,Gauteng,ZA8,Mpumalanga,ZA742,Sedibeng,ZA832,Ehlanzeni,2020-10-17,2020-10-25,1,1,1,845124.2933808045,339318.58080749307,670893,20201017,20201025,0.24393339879416723,0.6953819961266214,0.06068460507921129,0.5059130831550246,994997.0,0.32438893780700045,0.6235217992770762,0.05208926291592337,0.47979089412028486,1837538.0,0.2808379746835443,0.8461538461538461,0.1315940928270042,0.7307692307692307,1,1,1,0,1,0,0,0,0
389315,ZA1,Western Cape,ZA1,Western Cape,ZA101,West Coast,ZA101,West Coast,2020-10-17,2020-10-17,2559,1306,945,179306167.70950732,29229560.830769192,14158247,20201017,20201017,0.24466466325617858,0.6852166396976793,0.0701186970461421,0.5060695297345649,497485.0,0.24466466325617858,0.6852166396976793,0.0701186970461421,0.5060695297345649,497485.0,-0.12079976303317536,0.34615384615384615,-0.12079976303317536,0.34615384615384615,1,1,1,0,1,0,0,0,0
389316,ZA2,Eastern Cape,ZA2,Eastern Cape,ZA210,Cacadu,ZA210,Cacadu,2020-10-17,2020-10-17,2498,1309,891,166969596.5180892,25023351.65448585,13555793,20201017,20201017,0.2618455236218228,0.6571170870354837,0.08103738934269357,0.4975242081945451,491156.0,0.2618455236218228,0.6571170870354837,0.08103738934269357,0.4975242081945451,491156.0,-0.01848062015503876,0.5,-0.01848062015503876,0.5,1,1,1,0,1,0,0,0,0
389317,ZA7,Gauteng,ZA7,Gauteng,ZA799,City of Tshwane,ZA748,West Rand,2020-10-17,2020-10-17,174,173,171,30130844.58902485,11600697.401719185,1693658,20201017,20201017,0.22283079372412132,0.7204843127840075,0.056684893491871245,0.5057337597223363,3627986.0,0.23154887232085752,0.7207832829912092,0.047667844687933295,0.5288128906961219,856804.0,0.48224212034383956,0.9038461538461539,0.23715802469135805,0.8076923076923077,1,1,1,0,1,0,0,0,0
389318,ZA7,Gauteng,ZA7,Gauteng,ZA799,City of Tshwane,ZA799,City of Tshwane,2020-10-17,2020-10-17,36870,18971,13015,1461092814.668718,343268136.7571069,180829349,20201017,20201017,0.22283079372412132,0.7204843127840075,0.056684893491871245,0.5057337597223363,3627986.0,0.22283079372412132,0.7204843127840075,0.056684893491871245,0.5057337597223363,3627986.0,0.48224212034383956,0.9038461538461539,0.48224212034383956,0.9038461538461539,1,1,1,0,1,0,0,0,0
389319,ZA7,Gauteng,ZA6,North West,ZA748,West Rand,ZA637,Bojanala,2020-10-17,2020-10-17,94,93,92,14504362.86614103,5770159.756490374,984158,20201017,20201017,0.23154887232085752,0.7207832829912092,0.047667844687933295,0.5288128906961219,856804.0,0.25082919250139085,0.6903465537718604,0.05882425372674875,0.5380589003726469,1786678.0,0.23715802469135805,0.8076923076923077,0.07430676328502415,0.6538461538461539,1,1,1,0,1,0,0,0,0
389320,ZA9,Limpopo,ZA2,Eastern Cape,ZA935,Capricorn,ZA293,Nelson Mandela Bay,2020-10-17,2020-10-18,1,1,1,2875035.705194143,1369644.1524905968,63829,20201017,20201018,0.3265897738288558,0.6007690312860821,0.07264119488506209,0.472231826966417,1295656.0,0.2465186661259611,0.6842154879637478,0.0692658459102911,0.4877654529777138,1230491.0,0.07397387387387387,0.6346153846153846,0.5740514018691588,0.9423076923076923,1,1,1,0,1,0,0,0,0
389321,ZA7,Gauteng,ZA7,Gauteng,ZA797,Ekurhuleni,ZA798,City of Johannesburg,2020-10-17,2020-10-18,282,282,282,19780291.142564144,6007413.34511813,8261866,20201017,20201018,0.23296733680905687,0.7203157619169479,0.04671690127399521,0.5205474946472306,3739653.0,0.2220629170143196,0.7299897648810346,0.047947318104645836,0.5097433964893054,5540727.0,0.7435109289617486,0.9615384615384616,0.8818060606060606,1.0,1,1,1,0,1,0,0,0,0
389322,ZA7,Gauteng,ZA8,Mpumalanga,ZA799,City of Tshwane,ZA830,Gert Sibande,2020-10-17,2020-10-18,2,2,2,1260033.0661921145,268179.1987378168,90375,20201017,20201018,0.22283079372412132,0.7204843127840075,0.056684893491871245,0.5057337597223363,3627986.0,0.30688245639051287,0.6412288994160756,0.05188864419341153,0.49968312815881616,1136106.0,0.48224212034383956,0.9038461538461539,-0.11248741610738255,0.36538461538461536,1,1,1,0,1,0,0,0,0
389323,ZA2,Eastern Cape,ZA2,Eastern Cape,ZA293,Nelson Mandela Bay,ZA293,Nelson Mandela Bay,2020-10-17,2020-10-17,7476,3896,2542,305792379.02039725,65255821.79803416,39919235,20201017,20201017,0.2465186661259611,0.6842154879637478,0.0692658459102911,0.4877654529777138,1230491.0,0.2465186661259611,0.6842154879637478,0.0692658459102911,0.4877654529777138,1230491.0,0.5740514018691588,0.9423076923076923,0.5740514018691588,0.9423076923076923,1,1,1,0,1,0,0,0,0
389324,ZA7,Gauteng,ZA7,Gauteng,ZA798,City of Johannesburg,ZA748,West Rand,2020-10-17,2020-10-18,83,83,83,4340747.115354679,1637365.936995306,2402135,20201017,20201018,0.2220629170143196,0.7299897648810346,0.047947318104645836,0.5097433964893054,5540727.0,0.23154887232085752,0.7207832829912092,0.047667844687933295,0.5288128906961219,856804.0,0.8818060606060606,1.0,0.23715802469135805,0.8076923076923077,1,1,1,0,1,0,0,0,0
389325,ZA7,Gauteng,ZA8,Mpumalanga,ZA798,City of Johannesburg,ZA830,Gert Sibande,2020-10-17,2020-10-17,21,21,21,7215294.959699496,3004220.7778236563,270206,20201017,20201017,0.2220629170143196,0.7299897648810346,0.047947318104645836,0.5097433964893054,5540727.0,0.30688245639051287,0.6412288994160756,0.05188864419341153,0.49968312815881616,1136106.0,0.8818060606060606,1.0,-0.11248741610738255,0.36538461538461536,1,1,1,0,1,0,0,0,0
389326,ZA1,Western Cape,ZA1,Western Cape,ZA102,Cape Winelands,ZA103,Overberg,2020-10-17,2020-10-18,11,11,11,1512806.5150889205,654978.8325031535,268738,20201017,20201018,0.24989252608235304,0.6902123420738123,0.059895131843834624,0.5011121214086944,909523.0,0.22836513904770692,0.6721314716747349,0.09950338927755827,0.511077351980676,303457.0,-0.012388831437435367,0.5192307692307693,0.051486772486772484,0.5961538461538461,1,1,1,0,1,0,0,0,0
389327,ZA6,North West,ZA6,North West,ZA638,Ngaka Modiri Molema,ZA638,Ngaka Modiri Molema,2020-10-17,2020-10-18,185,185,185,6627000.407681693,3701825.548559056,7481213,20201017,20201018,0.3236353449196357,0.6078801705223251,0.06848448455803925,0.4964769205863341,870971.0,0.3236353449196357,0.6078801705223251,0.06848448455803925,0.4964769205863341,870971.0,-0.18344824707846413,0.23076923076923078,-0.18344824707846413,0.23076923076923078,1,1,1,0,1,0,0,0,0
389328,ZA3,Nothern Cape,ZA1,Western Cape,ZA307,Pixley ka Seme,ZA104,Eden,2020-10-17,2020-10-17,4,4,4,8438363.481607392,1928592.3516516164,87825,20201017,20201017,0.3060749448635213,0.6232332132979509,0.0706918418385278,0.5011842246002923,196331.0,0.24710205256745305,0.6628052101466374,0.09009273728590954,0.4993180863678119,673839.0,0.1854655172413793,0.75,0.0004522691705790296,0.5384615384615384,1,1,1,0,1,0,0,0,0
389329,ZA3,Nothern Cape,ZA7,Gauteng,ZA308,Z F Mgcawu,ZA798,City of Johannesburg,2020-10-17,2020-10-17,1,1,1,2442818.7184095364,844312.9313350427,56660,20201017,20201017,0.27601757542529287,0.6641943181028425,0.059788106471864645,0.5142626583989065,258998.0,0.2220629170143196,0.7299897648810346,0.047947318104645836,0.5097433964893054,5540727.0,-0.04016603773584906,0.46153846153846156,0.8818060606060606,1.0,1,1,1,0,1,0,0,0,0
389330,ZA7,Gauteng,ZA1,Western Cape,ZA799,City of Tshwane,ZA191,City of Cape Town,2020-10-17,2020-10-17,8,8,8,25038334.277888566,10585124.15274848,221040,20201017,20201017,0.22283079372412132,0.7204843127840075,0.056684893491871245,0.5057337597223363,3627986.0,0.23849582985172932,0.697186217784503,0.06431795236376775,0.4976008771049945,4436413.0,0.48224212034383956,0.9038461538461539,0.7687640750670242,0.9807692307692307,1,1,1,0,1,0,0,0,0
389331,ZA5,KwaZulu-Natal,ZA5,KwaZulu-Natal,ZA529,iLembe,ZA529,iLembe,2020-10-17,2020-10-17,2095,1061,757,150231159.6535323,13776305.93494606,9238980,20201017,20201017,0.32390440311621094,0.6202867780885334,0.05580881879525565,0.4827645772056803,636799.0,0.32390440311621094,0.6202867780885334,0.05580881879525565,0.4827645772056803,636799.0,-0.14951617873651774,0.28846153846153844,-0.14951617873651774,0.28846153846153844,1,1,1,0,1,0,0,0,0
389332,ZA8,Mpumalanga,ZA7,Gauteng,ZA831,Nkangala,ZA797,Ekurhuleni,2020-10-17,2020-10-17,126,125,122,32710801.87592685,9886295.947470505,1499073,20201017,20201017,0.27290691475673784,0.6711806877078121,0.055912397535449986,0.5109201270525474,1573837.0,0.23296733680905687,0.7203157619169479,0.04671690127399521,0.5205474946472306,3739653.0,0.07867808219178082,0.6730769230769231,0.7435109289617486,0.9615384615384616,1,1,1,0,1,0,0,0,0
389333,ZA6,North West,ZA7,Gauteng,ZA637,Bojanala,ZA799,City of Tshwane,2020-10-17,2020-10-18,122,122,122,12055561.247246591,5223888.129159304,3492348,20201017,20201018,0.25082919250139085,0.6903465537718604,0.05882425372674875,0.5380589003726469,1786678.0,0.22283079372412132,0.7204843127840075,0.056684893491871245,0.5057337597223363,3627986.0,0.07430676328502415,0.6538461538461539,0.48224212034383956,0.9038461538461539,1,1,1,0,1,0,0,0,0
389334,ZA9,Limpopo,ZA8,Mpumalanga,ZA936,Waterberg,ZA831,Nkangala,2020-10-17,2020-10-17,8,8,8,3651467.445395142,1456379.38723076,149083,20201017,20201017,0.2870915348782833,0.6477210572390478,0.06518740788266879,0.5138960603357211,718513.0,0.27290691475673784,0.6711806877078121,0.055912397535449986,0.5109201270525474,1573837.0,0.00236898395721925,0.5576923076923077,0.07867808219178082,0.6730769230769231,1,1,1,0,1,0,0,0,0
389335,ZA7,Gauteng,ZA9,Limpopo,ZA798,City of Johannesburg,ZA935,Capricorn,2020-10-17,2020-10-20,1,1,1,567288.4579160854,283429.1584089012,284489,20201017,20201020,0.2220629170143196,0.7299897648810346,0.047947318104645836,0.5097433964893054,5540727.0,0.3265897738288558,0.6007690312860821,0.07264119488506209,0.472231826966417,1295656.0,0.8818060606060606,1.0,0.07397387387387387,0.6346153846153846,1,1,1,0,1,0,0,0,0
389337,ZA7,Gauteng,ZA9,Limpopo,ZA799,City of Tshwane,ZA933,Mopani,2020-10-17,2020-10-17,2,2,2,1508996.0879384647,687639.6928442686,21848,20201017,20201017,0.22283079372412132,0.7204843127840075,0.056684893491871245,0.5057337597223363,3627986.0,0.3329418650827259,0.6026296126910996,0.06442852222617454,0.46142626187343905,1062666.0,0.48224212034383956,0.9038461538461539,-0.037928345626975765,0.4807692307692308,1,1,1,0,1,0,0,0,0
389338,ZA7,Gauteng,ZA5,KwaZulu-Natal,ZA742,Sedibeng,ZA523,Uthukela,2020-10-17,2020-10-17,1,1,1,615412.9694618724,292033.5567742176,41657,20201017,20201017,0.24393339879416723,0.6953819961266214,0.06068460507921129,0.5059130831550246,994997.0,0.36014331224838336,0.5864396074090654,0.05341708034255123,0.46782833191779016,652282.0,0.2808379746835443,0.8461538461538461,-0.19841226215644822,0.19230769230769232,1,1,1,0,1,0,0,0,0
389339,ZA2,Eastern Cape,ZA2,Eastern Cape,ZA213,Chris Hani,ZA215,O.R.Tambo,2020-10-17,2020-10-17,4,4,4,1099982.6273661528,659173.0799203984,40060,20201017,20201017,0.334940582305372,0.572656560540376,0.09240285715425203,0.478383232498069,752217.0,0.38804558548824664,0.5482866433400703,0.06366777117168307,0.4623163104135049,1358678.0,-0.29251697892271666,0.057692307692307696,-0.23807536101083035,0.1346153846153846,1,1,1,0,1,0,0,0,0
389340,ZA8,Mpumalanga,ZA7,Gauteng,ZA832,Ehlanzeni,ZA799,City of Tshwane,2020-10-17,2020-10-18,4,4,4,2343186.073075063,1311705.7970288692,265208,20201017,20201018,0.32438893780700045,0.6235217992770762,0.05208926291592337,0.47979089412028486,1837538.0,0.22283079372412132,0.7204843127840075,0.056684893491871245,0.5057337597223363,3627986.0,0.1315940928270042,0.7307692307692307,0.48224212034383956,0.9038461538461539,1,1,1,0,1,0,0,0,0
389341,ZA3,Nothern Cape,ZA4,Free State,ZA345,John Taolo Gaetsewe,ZA420,Fezile Dabi,2020-10-17,2020-10-17,1,1,1,480662.5379542665,480662.5379542665,3737,20201017,20201017,0.31986957060536586,0.628082594956317,0.05204783443831712,0.4959027820806741,258224.0,0.2705098118551487,0.6604572122193,0.06903297592555128,0.5050070807202104,494300.0,-0.13480926430517712,0.3076923076923077,0.2276555023923445,0.7884615384615384,1,1,1,0,1,0,0,0,0
389342,ZA2,Eastern Cape,ZA2,Eastern Cape,ZA212,Amathole,ZA210,Cacadu,2020-10-17,2020-10-18,3,3,3,668073.4503992638,329619.6427681966,90032,20201017,20201018,0.32816698449842097,0.5696178168124134,0.1022151986891656,0.47434426623917664,789726.0,0.2618455236218228,0.6571170870354837,0.08103738934269357,0.4975242081945451,491156.0,-0.3192883211678832,0.019230769230769232,-0.01848062015503876,0.5,1,1,1,0,1,0,0,0,0
389343,ZA1,Western Cape,ZA1,Western Cape,ZA105,Central Karoo,ZA191,City of Cape Town,2020-10-17,2020-10-17,7,7,7,14195335.94380951,3145796.8142611743,155631,20201017,20201017,0.29415328297801036,0.633639246216906,0.07220747080508365,0.4979247763656518,77582.0,0.23849582985172932,0.697186217784503,0.06431795236376775,0.4976008771049945,4436413.0,-0.12604477611940298,0.3269230769230769,0.7687640750670242,0.9807692307692307,1,1,1,0,1,0,0,0,0
389344,ZA9,Limpopo,ZA7,Gauteng,ZA934,Vhembe,ZA798,City of Johannesburg,2020-10-17,2020-10-17,4,4,4,4245366.886838229,1721988.5400519324,98025,20201017,20201017,0.3433867460978093,0.5887604530714541,0.06785280083073665,0.4597374214109392,1325089.0,0.2220629170143196,0.7299897648810346,0.047947318104645836,0.5097433964893054,5540727.0,-0.0767829596412556,0.4230769230769231,0.8818060606060606,1.0,1,1,1,0,1,0,0,0,0
389345,ZA9,Limpopo,ZA7,Gauteng,ZA933,Mopani,ZA798,City of Johannesburg,2020-10-17,2020-10-19,1,1,1,775005.2804265121,365224.4379151189,147207,20201017,20201019,0.3329418650827259,0.6026296126910996,0.06442852222617454,0.46142626187343905,1062666.0,0.2220629170143196,0.7299897648810346,0.047947318104645836,0.5097433964893054,5540727.0,-0.037928345626975765,0.4807692307692308,0.8818060606060606,1.0,1,1,1,0,1,0,0,0,0
389346,ZA3,Nothern Cape,ZA3,Nothern Cape,ZA345,John Taolo Gaetsewe,ZA308,Z F Mgcawu,2020-10-17,2020-10-17,15,15,15,3206097.683691168,1216855.8955390211,129364,20201017,20201017,0.31986957060536586,0.628082594956317,0.05204783443831712,0.4959027820806741,258224.0,0.27601757542529287,0.6641943181028425,0.059788106471864645,0.5142626583989065,258998.0,-0.13480926430517712,0.3076923076923077,-0.04016603773584906,0.46153846153846156,1,1,1,0,1,0,0,0,0
389347,ZA5,KwaZulu-Natal,ZA5,KwaZulu-Natal,ZA524,Umzinyathi,ZA528,Uthungulu,2020-10-17,2020-10-17,1,1,1,388695.78501216974,79654.25523253223,6359,20201017,20201017,0.3952311253914291,0.5454951881678106,0.05927368644076033,0.451447242842509,514461.0,0.3398562749304085,0.6096443299200878,0.05049939514950375,0.4759701217345943,889476.0,-0.28225945945945946,0.07692307692307693,-0.2202014106583072,0.15384615384615385,1,1,1,0,1,0,0,0,0
389348,ZA5,KwaZulu-Natal,ZA7,Gauteng,ZA522,Umgungundlovu,ZA797,Ekurhuleni,2020-10-17,2020-10-24,1,1,1,838457.4386166553,416262.5598538045,590193,20201017,20201024,0.2748377359932372,0.663873035280183,0.06128922872657978,0.48236181888519014,1046905.0,0.23296733680905687,0.7203157619169479,0.04671690127399521,0.5205474946472306,3739653.0,0.0061256544502617805,0.5769230769230769,0.7435109289617486,0.9615384615384616,1,1,1,0,1,0,0,0,0
389349,ZA9,Limpopo,ZA9,Limpopo,ZA934,Vhembe,ZA947,Sekhukhune,2020-10-17,2020-10-29,1,1,1,380869.0201161184,190467.1379515354,989323,20201017,20201029,0.3433867460978093,0.5887604530714541,0.06785280083073665,0.4597374214109392,1325089.0,0.3536917516859454,0.5707075150199985,0.07560073329405607,0.46486328935523974,1125333.0,-0.0767829596412556,0.4230769230769231,-0.06015677966101695,0.4423076923076923,1,1,1,0,1,0,0,0,0
389350,ZA3,Nothern Cape,ZA1,Western Cape,ZA307,Pixley ka Seme,ZA191,City of Cape Town,2020-10-17,2020-10-17,1,1,1,1905084.8496802764,580912.9588546257,22518,20201017,20201017,0.3060749448635213,0.6232332132979509,0.0706918418385278,0.5011842246002923,196331.0,0.23849582985172932,0.697186217784503,0.06431795236376775,0.4976008771049945,4436413.0,0.1854655172413793,0.75,0.7687640750670242,0.9807692307692307,1,1,1,0,1,0,0,0,0
389351,ZA7,Gauteng,ZA7,Gauteng,ZA798,City of Johannesburg,ZA799,City of Tshwane,2020-10-17,2020-10-19,1,1,1,643489.6316827234,30015.794858598827,120227,20201017,20201019,0.2220629170143196,0.7299897648810346,0.047947318104645836,0.5097433964893054,5540727.0,0.22283079372412132,0.7204843127840075,0.056684893491871245,0.5057337597223363,3627986.0,0.8818060606060606,1.0,0.48224212034383956,0.9038461538461539,1,1,1,0,1,0,0,0,0
389352,ZA4,Free State,ZA4,Free State,ZA419,Thabo Mofutsanyane,ZA420,Fezile Dabi,2020-10-17,2020-10-17,8,8,8,2100475.22313108,936356.0711170478,95133,20201017,20201017,0.31143326559338835,0.6251823622683981,0.06338437213821363,0.47028720831466336,662829.0,0.2705098118551487,0.6604572122193,0.06903297592555128,0.5050070807202104,494300.0,0.10770218579234972,0.7115384615384616,0.2276555023923445,0.7884615384615384,1,1,1,0,1,0,0,0,0
389353,ZA8,Mpumalanga,ZA9,Limpopo,ZA831,Nkangala,ZA935,Capricorn,2020-10-17,2020-10-17,2,2,2,1013346.3056153696,431132.2236931452,31234,20201017,20201017,0.27290691475673784,0.6711806877078121,0.055912397535449986,0.5109201270525474,1573837.0,0.3265897738288558,0.6007690312860821,0.07264119488506209,0.472231826966417,1295656.0,0.07867808219178082,0.6730769230769231,0.07397387387387387,0.6346153846153846,1,1,1,0,1,0,0,0,0
389354,ZA1,Western Cape,ZA5,KwaZulu-Natal,ZA191,City of Cape Town,ZA595,eThekwini,2020-10-17,2020-10-17,7,7,7,18341907.164432872,9090996.013184903,141577,20201017,20201017,0.23849582985172932,0.697186217784503,0.06431795236376775,0.4976008771049945,4436413.0,0.2446364969883556,0.6990922562931536,0.05627124671849075,0.494610924976595,3587907.0,0.7687640750670242,0.9807692307692307,0.5666580406654343,0.9230769230769231,1,1,1,0,1,0,0,0,0
389355,ZA7,Gauteng,ZA7,Gauteng,ZA748,West Rand,ZA797,Ekurhuleni,2020-10-17,2020-10-18,26,26,26,3325829.297484285,1540363.8812281706,716764,20201017,20201018,0.23154887232085752,0.7207832829912092,0.047667844687933295,0.5288128906961219,856804.0,0.23296733680905687,0.7203157619169479,0.04671690127399521,0.5205474946472306,3739653.0,0.23715802469135805,0.8076923076923077,0.7435109289617486,0.9615384615384616,1,1,1,0,1,0,0,0,0
389356,ZA1,Western Cape,ZA1,Western Cape,ZA101,West Coast,ZA102,Cape Winelands,2020-10-17,2020-10-17,45,44,44,8204786.856314762,3851507.07183902,421331,20201017,20201017,0.24466466325617858,0.6852166396976793,0.0701186970461421,0.5060695297345649,497485.0,0.24989252608235304,0.6902123420738123,0.059895131843834624,0.5011121214086944,909523.0,-0.12079976303317536,0.34615384615384615,-0.012388831437435367,0.5192307692307693,1,1,1,0,1,0,0,0,0
389357,ZA2,Eastern Cape,ZA2,Eastern Cape,ZA292,Buffalo City,ZA212,Amathole,2020-10-17,2020-10-18,12,12,12,2854331.727983231,670866.5636783638,382373,20201017,20201018,0.254980022080858,0.6758306608485358,0.06918931707060617,0.48177934914042375,760840.0,0.32816698449842097,0.5696178168124134,0.1022151986891656,0.47434426623917664,789726.0,0.09585175879396986,0.6923076923076923,-0.3192883211678832,0.019230769230769232,1,1,1,0,1,0,0,0,0
389358,ZA6,North West,ZA6,North West,ZA637,Bojanala,ZA638,Ngaka Modiri Molema,2020-10-17,2020-10-20,1,1,1,280966.1055950588,132743.1349777861,321480,20201017,20201020,0.25082919250139085,0.6903465537718604,0.05882425372674875,0.5380589003726469,1786678.0,0.3236353449196357,0.6078801705223251,0.06848448455803925,0.4964769205863341,870971.0,0.07430676328502415,0.6538461538461539,-0.18344824707846413,0.23076923076923078,1,1,1,0,1,0,0,0,0
389359,ZA6,North West,ZA6,North West,ZA639,Dr Ruth Segomotsi Mompati,ZA638,Ngaka Modiri Molema,2020-10-17,2020-10-18,4,4,4,775194.4699101972,286503.1297497485,75996,20201017,20201018,0.3412335579082451,0.5850872971649528,0.07367914492680208,0.4911837461796937,473784.0,0.3236353449196357,0.6078801705223251,0.06848448455803925,0.4964769205863341,870971.0,-0.16626678765880218,0.2692307692307692,-0.18344824707846413,0.23076923076923078,1,1,1,0,1,0,0,0,0
389360,ZA4,Free State,ZA7,Gauteng,ZA420,Fezile Dabi,ZA797,Ekurhuleni,2020-10-17,2020-10-18,7,7,7,1814623.5397332967,456031.3445599067,130039,20201017,20201018,0.2705098118551487,0.6604572122193,0.06903297592555128,0.5050070807202104,494300.0,0.23296733680905687,0.7203157619169479,0.04671690127399521,0.5205474946472306,3739653.0,0.2276555023923445,0.7884615384615384,0.7435109289617486,0.9615384615384616,1,1,1,0,1,0,0,0,0
389361,ZA1,Western Cape,ZA7,Gauteng,ZA104,Eden,ZA799,City of Tshwane,2020-10-17,2020-10-17,3,3,3,7215652.314831736,3235104.148938964,60535,20201017,20201017,0.24710205256745305,0.6628052101466374,0.09009273728590954,0.4993180863678119,673839.0,0.22283079372412132,0.7204843127840075,0.056684893491871245,0.5057337597223363,3627986.0,0.0004522691705790296,0.5384615384615384,0.48224212034383956,0.9038461538461539,1,1,1,0,1,0,0,0,0
389362,ZA9,Limpopo,ZA6,North West,ZA936,Waterberg,ZA638,Ngaka Modiri Molema,2020-10-17,2020-10-18,2,2,2,1213522.0472712386,406399.65064583306,61062,20201017,20201018,0.2870915348782833,0.6477210572390478,0.06518740788266879,0.5138960603357211,718513.0,0.3236353449196357,0.6078801705223251,0.06848448455803925,0.4964769205863341,870971.0,0.00236898395721925,0.5576923076923077,-0.18344824707846413,0.23076923076923078,1,1,1,0,1,0,0,0,0
389363,ZA8,Mpumalanga,ZA8,Mpumalanga,ZA830,Gert Sibande,ZA832,Ehlanzeni,2020-10-17,2020-10-18,12,12,12,2580227.6267416733,1055346.9703832231,309138,20201017,20201018,0.30688245639051287,0.6412288994160756,0.05188864419341153,0.49968312815881616,1136106.0,0.32438893780700045,0.6235217992770762,0.05208926291592337,0.47979089412028486,1837538.0,-0.11248741610738255,0.36538461538461536,0.1315940928270042,0.7307692307692307,1,1,1,0,1,0,0,0,0
389364,ZA9,Limpopo,ZA7,Gauteng,ZA947,Sekhukhune,ZA798,City of Johannesburg,2020-10-17,2020-10-17,5,5,5,2174968.5791822444,1020075.2310365308,84696,20201017,20201017,0.3536917516859454,0.5707075150199985,0.07560073329405607,0.46486328935523974,1125333.0,0.2220629170143196,0.7299897648810346,0.047947318104645836,0.5097433964893054,5540727.0,-0.06015677966101695,0.4423076923076923,0.8818060606060606,1.0,1,1,1,0,1,0,0,0,0
389365,ZA5,KwaZulu-Natal,ZA5,KwaZulu-Natal,ZA595,eThekwini,ZA543,Sisonke,2020-10-17,2020-10-17,11,11,11,2253532.636479714,1313440.3322757503,226986,20201017,20201017,0.2446364969883556,0.6990922562931536,0.05627124671849075,0.494610924976595,3587907.0,0.37293146983899067,0.5707096800166399,0.05635885014436937,0.4671305273563743,447117.0,0.5666580406654343,0.9230769230769231,-0.2112274881516588,0.17307692307692307,1,1,1,0,1,0,0,0,0
389366,ZA8,Mpumalanga,ZA8,Mpumalanga,ZA831,Nkangala,ZA830,Gert Sibande,2020-10-17,2020-10-18,15,15,15,2039843.6439351472,880533.1789836717,375323,20201017,20201018,0.27290691475673784,0.6711806877078121,0.055912397535449986,0.5109201270525474,1573837.0,0.30688245639051287,0.6412288994160756,0.05188864419341153,0.49968312815881616,1136106.0,0.07867808219178082,0.6730769230769231,-0.11248741610738255,0.36538461538461536,1,1,1,0,1,0,0,0,0
389367,ZA7,Gauteng,ZA5,KwaZulu-Natal,ZA799,City of Tshwane,ZA526,Zululand,2020-10-17,2020-10-17,2,2,2,2289625.860413548,933744.8863958856,51707,20201017,20201017,0.22283079372412132,0.7204843127840075,0.056684893491871245,0.5057337597223363,3627986.0,0.392497537624586,0.5542130860581069,0.053289376317307055,0.4651401640222711,783796.0,0.48224212034383956,0.9038461538461539,-0.2762355212355212,0.09615384615384616,1,1,1,0,1,0,0,0,0
389368,ZA2,Eastern Cape,ZA2,Eastern Cape,ZA214,Joe Gqabi,ZA215,O.R.Tambo,2020-10-17,2020-10-17,6,6,6,2276769.038344552,392669.2282461989,143937,20201017,20201017,0.3340471849013029,0.5799636495391386,0.08598916555955849,0.47733103958194023,339473.0,0.38804558548824664,0.5482866433400703,0.06366777117168307,0.4623163104135049,1358678.0,-0.1839776119402985,0.21153846153846154,-0.23807536101083035,0.1346153846153846,1,1,1,0,1,0,0,0,0
389369,ZA6,North West,ZA7,Gauteng,ZA637,Bojanala,ZA797,Ekurhuleni,2020-10-17,2020-10-21,1,1,1,176470.97080329293,88143.23253667413,344374,20201017,20201021,0.25082919250139085,0.6903465537718604,0.05882425372674875,0.5380589003726469,1786678.0,0.23296733680905687,0.7203157619169479,0.04671690127399521,0.5205474946472306,3739653.0,0.07430676328502415,0.6538461538461539,0.7435109289617486,0.9615384615384616,1,1,1,0,1,0,0,0,0
389370,ZA6,North West,ZA6,North West,ZA639,Dr Ruth Segomotsi Mompati,ZA638,Ngaka Modiri Molema,2020-10-17,2020-10-17,5,5,5,1706891.3016818874,434395.6030160603,74300,20201017,20201017,0.3412335579082451,0.5850872971649528,0.07367914492680208,0.4911837461796937,473784.0,0.3236353449196357,0.6078801705223251,0.06848448455803925,0.4964769205863341,870971.0,-0.16626678765880218,0.2692307692307692,-0.18344824707846413,0.23076923076923078,1,1,1,0,1,0,0,0,0
389371,ZA4,Free State,ZA5,KwaZulu-Natal,ZA419,Thabo Mofutsanyane,ZA525,Amajuba,2020-10-17,2020-10-17,5,5,5,2295360.440559828,585096.1502598029,99732,20201017,20201017,0.31143326559338835,0.6251823622683981,0.06338437213821363,0.47028720831466336,662829.0,0.3311353387795859,0.6144200377537888,0.05444462346662529,0.48045773982507545,502731.0,0.10770218579234972,0.7115384615384616,-0.16864155251141552,0.25,1,1,1,0,1,0,0,0,0
389372,ZA9,Limpopo,ZA7,Gauteng,ZA947,Sekhukhune,ZA799,City of Tshwane,2020-10-17,2020-10-17,16,16,16,6455579.302478289,2534741.8845398724,267394,20201017,20201017,0.3536917516859454,0.5707075150199985,0.07560073329405607,0.46486328935523974,1125333.0,0.22283079372412132,0.7204843127840075,0.056684893491871245,0.5057337597223363,3627986.0,-0.06015677966101695,0.4423076923076923,0.48224212034383956,0.9038461538461539,1,1,1,0,1,0,0,0,0
389373,ZA3,Nothern Cape,ZA3,Nothern Cape,ZA308,Z F Mgcawu,ZA345,John Taolo Gaetsewe,2020-10-17,2020-10-27,1,1,1,207058.899485718,104029.178521474,837330,20201017,20201027,0.27601757542529287,0.6641943181028425,0.059788106471864645,0.5142626583989065,258998.0,0.31986957060536586,0.628082594956317,0.05204783443831712,0.4959027820806741,258224.0,-0.04016603773584906,0.46153846153846156,-0.13480926430517712,0.3076923076923077,1,1,1,0,1,0,0,0,0
389374,ZA4,Free State,ZA4,Free State,ZA494,Mangaung,ZA418,Lejweleputswa,2020-10-17,2020-10-23,2,2,2,1286984.0706931034,279251.6140384726,979418,20201017,20201023,0.26262942751272955,0.6754982029249197,0.06187236956235082,0.4901411892511804,826621.0,0.27941650281351393,0.6617931601395349,0.058790337046951115,0.500105365269169,574193.0,0.27329104477611943,0.8269230769230769,0.29495049504950493,0.8653846153846154,1,1,1,0,1,0,0,0,0
389376,ZA8,Mpumalanga,ZA5,KwaZulu-Natal,ZA830,Gert Sibande,ZA526,Zululand,2020-10-17,2020-10-17,7,7,7,2821035.261155134,872489.1107349924,46646,20201017,20201017,0.30688245639051287,0.6412288994160756,0.05188864419341153,0.49968312815881616,1136106.0,0.392497537624586,0.5542130860581069,0.053289376317307055,0.4651401640222711,783796.0,-0.11248741610738255,0.36538461538461536,-0.2762355212355212,0.09615384615384616,1,1,1,0,1,0,0,0,0
389377,ZA9,Limpopo,ZA7,Gauteng,ZA936,Waterberg,ZA797,Ekurhuleni,2020-10-17,2020-10-18,4,4,4,1870668.936822533,708565.9713592775,236983,20201017,20201018,0.2870915348782833,0.6477210572390478,0.06518740788266879,0.5138960603357211,718513.0,0.23296733680905687,0.7203157619169479,0.04671690127399521,0.5205474946472306,3739653.0,0.00236898395721925,0.5576923076923077,0.7435109289617486,0.9615384615384616,1,1,1,0,1,0,0,0,0
389378,ZA7,Gauteng,ZA7,Gauteng,ZA799,City of Tshwane,ZA799,City of Tshwane,2020-10-17,2020-10-21,1,1,1,50886.09708034643,20050.51187142834,406911,20201017,20201021,0.22283079372412132,0.7204843127840075,0.056684893491871245,0.5057337597223363,3627986.0,0.22283079372412132,0.7204843127840075,0.056684893491871245,0.5057337597223363,3627986.0,0.48224212034383956,0.9038461538461539,0.48224212034383956,0.9038461538461539,1,1,1,0,1,0,0,0,0
389379,ZA8,Mpumalanga,ZA5,KwaZulu-Natal,ZA830,Gert Sibande,ZA528,Uthungulu,2020-10-17,2020-10-17,4,4,4,4689396.094339227,1558201.6065890724,82328,20201017,20201017,0.30688245639051287,0.6412288994160756,0.05188864419341153,0.49968312815881616,1136106.0,0.3398562749304085,0.6096443299200878,0.05049939514950375,0.4759701217345943,889476.0,-0.11248741610738255,0.36538461538461536,-0.2202014106583072,0.15384615384615385,1,1,1,0,1,0,0,0,0
389380,ZA6,North West,ZA4,Free State,ZA639,Dr Ruth Segomotsi Mompati,ZA418,Lejweleputswa,2020-10-17,2020-10-17,10,8,8,664965.5072653946,334579.4918906548,72500,20201017,20201017,0.3412335579082451,0.5850872971649528,0.07367914492680208,0.4911837461796937,473784.0,0.27941650281351393,0.6617931601395349,0.058790337046951115,0.500105365269169,574193.0,-0.16626678765880218,0.2692307692307692,0.29495049504950493,0.8653846153846154,1,1,1,0,1,0,0,0,0
389381,ZA5,KwaZulu-Natal,ZA5,KwaZulu-Natal,ZA524,Umzinyathi,ZA529,iLembe,2020-10-17,2020-10-17,3,3,3,593834.7398787796,71209.06139573474,44763,20201017,20201017,0.3952311253914291,0.5454951881678106,0.05927368644076033,0.451447242842509,514461.0,0.32390440311621094,0.6202867780885334,0.05580881879525565,0.4827645772056803,636799.0,-0.28225945945945946,0.07692307692307693,-0.14951617873651774,0.28846153846153844,1,1,1,0,1,0,0,0,0
389382,ZA7,Gauteng,ZA7,Gauteng,ZA797,Ekurhuleni,ZA797,Ekurhuleni,2020-10-17,2020-10-31,1,1,1,2515.9152645191643,1183.5160164222418,1231736,20201017,20201031,0.23296733680905687,0.7203157619169479,0.04671690127399521,0.5205474946472306,3739653.0,0.23296733680905687,0.7203157619169479,0.04671690127399521,0.5205474946472306,3739653.0,0.7435109289617486,0.9615384615384616,0.7435109289617486,0.9615384615384616,1,1,1,0,1,0,0,0,0
389383,ZA6,North West,ZA8,Mpumalanga,ZA637,Bojanala,ZA831,Nkangala,2020-10-17,2020-10-17,6,6,6,2250696.351961514,1159690.9447957622,104245,20201017,20201017,0.25082919250139085,0.6903465537718604,0.05882425372674875,0.5380589003726469,1786678.0,0.27290691475673784,0.6711806877078121,0.055912397535449986,0.5109201270525474,1573837.0,0.07430676328502415,0.6538461538461539,0.07867808219178082,0.6730769230769231,1,1,1,0,1,0,0,0,0
389384,ZA3,Nothern Cape,ZA4,Free State,ZA307,Pixley ka Seme,ZA494,Mangaung,2020-10-17,2020-10-17,3,3,3,3194513.824776642,681696.1851199304,33045,20201017,20201017,0.3060749448635213,0.6232332132979509,0.0706918418385278,0.5011842246002923,196331.0,0.26262942751272955,0.6754982029249197,0.06187236956235082,0.4901411892511804,826621.0,0.1854655172413793,0.75,0.27329104477611943,0.8269230769230769,1,1,1,0,1,0,0,0,0
389385,ZA7,Gauteng,ZA6,North West,ZA799,City of Tshwane,ZA638,Ngaka Modiri Molema,2020-10-17,2020-10-17,8,8,8,4040185.483264859,2069188.179327368,144818,20201017,20201017,0.22283079372412132,0.7204843127840075,0.056684893491871245,0.5057337597223363,3627986.0,0.3236353449196357,0.6078801705223251,0.06848448455803925,0.4964769205863341,870971.0,0.48224212034383956,0.9038461538461539,-0.18344824707846413,0.23076923076923078,1,1,1,0,1,0,0,0,0
389386,ZA5,KwaZulu-Natal,ZA8,Mpumalanga,ZA522,Umgungundlovu,ZA830,Gert Sibande,2020-10-17,2020-10-30,1,1,1,799767.4475870235,307016.059442455,1067170,20201017,20201030,0.2748377359932372,0.663873035280183,0.06128922872657978,0.48236181888519014,1046905.0,0.30688245639051287,0.6412288994160756,0.05188864419341153,0.49968312815881616,1136106.0,0.0061256544502617805,0.5769230769230769,-0.11248741610738255,0.36538461538461536,1,1,1,0,1,0,0,0,0
389388,ZA6,North West,ZA6,North West,ZA638,Ngaka Modiri Molema,ZA639,Dr Ruth Segomotsi Mompati,2020-10-17,2020-10-17,7,7,7,1828619.051049922,582231.2932079528,81700,20201017,20201017,0.3236353449196357,0.6078801705223251,0.06848448455803925,0.4964769205863341,870971.0,0.3412335579082451,0.5850872971649528,0.07367914492680208,0.4911837461796937,473784.0,-0.18344824707846413,0.23076923076923078,-0.16626678765880218,0.2692307692307692,1,1,1,0,1,0,0,0,0
389389,ZA7,Gauteng,ZA9,Limpopo,ZA797,Ekurhuleni,ZA947,Sekhukhune,2020-10-17,2020-10-17,3,3,3,3850487.5952458926,529553.2329309245,35663,20201017,20201017,0.23296733680905687,0.7203157619169479,0.04671690127399521,0.5205474946472306,3739653.0,0.3536917516859454,0.5707075150199985,0.07560073329405607,0.46486328935523974,1125333.0,0.7435109289617486,0.9615384615384616,-0.06015677966101695,0.4423076923076923,1,1,1,0,1,0,0,0,0
389390,ZA9,Limpopo,ZA7,Gauteng,ZA936,Waterberg,ZA798,City of Johannesburg,2020-10-17,2020-10-19,1,1,1,820682.4644817484,188012.677211803,175050,20201017,20201019,0.2870915348782833,0.6477210572390478,0.06518740788266879,0.5138960603357211,718513.0,0.2220629170143196,0.7299897648810346,0.047947318104645836,0.5097433964893054,5540727.0,0.00236898395721925,0.5576923076923077,0.8818060606060606,1.0,1,1,1,0,1,0,0,0,0
389391,ZA2,Eastern Cape,ZA4,Free State,ZA210,Cacadu,ZA419,Thabo Mofutsanyane,2020-10-17,2020-10-17,2,2,2,4098379.518570807,1341483.2950585082,61946,20201017,20201017,0.2618455236218228,0.6571170870354837,0.08103738934269357,0.4975242081945451,491156.0,0.31143326559338835,0.6251823622683981,0.06338437213821363,0.47028720831466336,662829.0,-0.01848062015503876,0.5,0.10770218579234972,0.7115384615384616,1,1,1,0,1,0,0,0,0
389392,ZA2,Eastern Cape,ZA4,Free State,ZA210,Cacadu,ZA416,Xhariep,2020-10-17,2020-10-17,2,2,2,3503408.798709325,640872.9104817847,40356,20201017,20201017,0.2618455236218228,0.6571170870354837,0.08103738934269357,0.4975242081945451,491156.0,0.29515218562959183,0.6325513667867511,0.07229644758365718,0.5005153225730198,105759.0,-0.01848062015503876,0.5,0.18671264367816093,0.7692307692307693,1,1,1,0,1,0,0,0,0
389393,ZA2,Eastern Cape,ZA2,Eastern Cape,ZA212,Amathole,ZA292,Buffalo City,2020-10-17,2020-10-19,1,1,1,411228.34324086615,103077.49988712637,207787,20201017,20201019,0.32816698449842097,0.5696178168124134,0.1022151986891656,0.47434426623917664,789726.0,0.254980022080858,0.6758306608485358,0.06918931707060617,0.48177934914042375,760840.0,-0.3192883211678832,0.019230769230769232,0.09585175879396986,0.6923076923076923,1,1,1,0,1,0,0,0,0
389394,ZA9,Limpopo,ZA7,Gauteng,ZA935,Capricorn,ZA797,Ekurhuleni,2020-10-17,2020-10-17,4,4,4,6811134.503234185,1165332.6568416425,119136,20201017,20201017,0.3265897738288558,0.6007690312860821,0.07264119488506209,0.472231826966417,1295656.0,0.23296733680905687,0.7203157619169479,0.04671690127399521,0.5205474946472306,3739653.0,0.07397387387387387,0.6346153846153846,0.7435109289617486,0.9615384615384616,1,1,1,0,1,0,0,0,0
389395,ZA1,Western Cape,ZA2,Eastern Cape,ZA191,City of Cape Town,ZA212,Amathole,2020-10-17,2020-10-17,3,3,3,7571673.038254099,2811349.403526304,52189,20201017,20201017,0.23849582985172932,0.697186217784503,0.06431795236376775,0.4976008771049945,4436413.0,0.32816698449842097,0.5696178168124134,0.1022151986891656,0.47434426623917664,789726.0,0.7687640750670242,0.9807692307692307,-0.3192883211678832,0.019230769230769232,1,1,1,0,1,0,0,0,0
389396,ZA2,Eastern Cape,ZA2,Eastern Cape,ZA212,Amathole,ZA213,Chris Hani,2020-10-17,2020-10-17,5,5,5,745492.8849050294,230645.1601681937,54100,20201017,20201017,0.32816698449842097,0.5696178168124134,0.1022151986891656,0.47434426623917664,789726.0,0.334940582305372,0.572656560540376,0.09240285715425203,0.478383232498069,752217.0,-0.3192883211678832,0.019230769230769232,-0.29251697892271666,0.057692307692307696,1,1,1,0,1,0,0,0,0
389397,ZA3,Nothern Cape,ZA1,Western Cape,ZA306,Namakwa,ZA191,City of Cape Town,2020-10-17,2020-10-17,3,3,3,3140656.536421892,1277425.2589632685,95425,20201017,20201017,0.2479438366342976,0.6592106724059887,0.09284549095971371,0.5132337492633683,117087.0,0.23849582985172932,0.697186217784503,0.06431795236376775,0.4976008771049945,4436413.0,0.06505633802816901,0.6153846153846154,0.7687640750670242,0.9807692307692307,1,1,1,0,1,0,0,0,0
389398,ZA1,Western Cape,ZA3,Nothern Cape,ZA105,Central Karoo,ZA309,Frances Baard,2020-10-17,2020-10-17,1,1,1,3474740.533416761,474040.2220101777,21993,20201017,20201017,0.29415328297801036,0.633639246216906,0.07220747080508365,0.4979247763656518,77582.0,0.2860169290028057,0.6497360787483951,0.06424699224879928,0.49189928194398214,420580.0,-0.12604477611940298,0.3269230769230769,0.29907801418439717,0.8846153846153846,1,1,1,0,1,0,0,0,0
389399,ZA1,Western Cape,ZA3,Nothern Cape,ZA104,Eden,ZA306,Namakwa,2020-10-17,2020-10-17,3,3,3,5327299.558881938,1936301.6926527896,147963,20201017,20201017,0.24710205256745305,0.6628052101466374,0.09009273728590954,0.4993180863678119,673839.0,0.2479438366342976,0.6592106724059887,0.09284549095971371,0.5132337492633683,117087.0,0.0004522691705790296,0.5384615384615384,0.06505633802816901,0.6153846153846154,1,1,1,0,1,0,0,0,0
389400,ZA6,North West,ZA7,Gauteng,ZA640,Dr Kenneth Kaunda,ZA742,Sedibeng,2020-10-17,2020-10-18,12,12,12,2054134.170191448,1075791.8610191394,245027,20201017,20201018,0.27505895171327793,0.6602340041700301,0.06470704411669191,0.5065976875287468,754431.0,0.24393339879416723,0.6953819961266214,0.06068460507921129,0.5059130831550246,994997.0,-0.10069384057971015,0.38461538461538464,0.2808379746835443,0.8461538461538461,1,1,1,0,1,0,0,0,0
389401,ZA7,Gauteng,ZA5,KwaZulu-Natal,ZA798,City of Johannesburg,ZA522,Umgungundlovu,2020-10-17,2020-10-18,1,1,1,475843.9386508064,475818.560228812,36570,20201017,20201018,0.2220629170143196,0.7299897648810346,0.047947318104645836,0.5097433964893054,5540727.0,0.2748377359932372,0.663873035280183,0.06128922872657978,0.48236181888519014,1046905.0,0.8818060606060606,1.0,0.0061256544502617805,0.5769230769230769,1,1,1,0,1,0,0,0,0
389402,ZA5,KwaZulu-Natal,ZA5,KwaZulu-Natal,ZA523,Uthukela,ZA526,Zululand,2020-10-17,2020-10-17,1,1,1,371298.3088692488,194304.02029372167,12919,20201017,20201017,0.36014331224838336,0.5864396074090654,0.05341708034255123,0.46782833191779016,652282.0,0.392497537624586,0.5542130860581069,0.053289376317307055,0.4651401640222711,783796.0,-0.19841226215644822,0.19230769230769232,-0.2762355212355212,0.09615384615384616,1,1,1,0,1,0,0,0,0
389403,ZA1,Western Cape,ZA7,Gauteng,ZA102,Cape Winelands,ZA799,City of Tshwane,2020-10-17,2020-10-18,1,1,1,2775850.837323438,1422504.3521098085,84979,20201017,20201018,0.24989252608235304,0.6902123420738123,0.059895131843834624,0.5011121214086944,909523.0,0.22283079372412132,0.7204843127840075,0.056684893491871245,0.5057337597223363,3627986.0,-0.012388831437435367,0.5192307692307693,0.48224212034383956,0.9038461538461539,1,1,1,0,1,0,0,0,0
389404,ZA5,KwaZulu-Natal,ZA4,Free State,ZA523,Uthukela,ZA494,Mangaung,2020-10-17,2020-10-29,1,1,1,708875.7684964077,315129.32237108547,988175,20201017,20201029,0.36014331224838336,0.5864396074090654,0.05341708034255123,0.46782833191779016,652282.0,0.26262942751272955,0.6754982029249197,0.06187236956235082,0.4901411892511804,826621.0,-0.19841226215644822,0.19230769230769232,0.27329104477611943,0.8269230769230769,1,1,1,0,1,0,0,0,0
389405,ZA5,KwaZulu-Natal,ZA5,KwaZulu-Natal,ZA523,Uthukela,ZA522,Umgungundlovu,2020-10-17,2020-10-17,21,21,21,9205553.193175737,2208141.540262691,418755,20201017,20201017,0.36014331224838336,0.5864396074090654,0.05341708034255123,0.46782833191779016,652282.0,0.2748377359932372,0.663873035280183,0.06128922872657978,0.48236181888519014,1046905.0,-0.19841226215644822,0.19230769230769232,0.0061256544502617805,0.5769230769230769,1,1,1,0,1,0,0,0,0
389406,ZA2,Eastern Cape,,,ZA244,Alfred Nzo,,,2020-10-17,2020-10-17,1,1,1,462893.48223743134,231073.52096694903,146,20201017,20201017,0.40782127157510134,0.5221222097470932,0.07005651867780548,0.4576553946475353,788235.0,,,,,,-0.27396673320026615,0.11538461538461539,,,1,1,1,0,1,0,0,0,0
389407,ZA9,Limpopo,ZA9,Limpopo,ZA934,Vhembe,ZA936,Waterberg,2020-10-17,2020-10-17,3,3,3,1840895.777152879,546867.4794625628,47676,20201017,20201017,0.3433867460978093,0.5887604530714541,0.06785280083073665,0.4597374214109392,1325089.0,0.2870915348782833,0.6477210572390478,0.06518740788266879,0.5138960603357211,718513.0,-0.0767829596412556,0.4230769230769231,0.00236898395721925,0.5576923076923077,1,1,1,0,1,0,0,0,0
389408,ZA2,Eastern Cape,ZA2,Eastern Cape,ZA293,Nelson Mandela Bay,ZA212,Amathole,2020-10-17,2020-10-17,3,3,3,1291599.619120034,673736.7631162261,41227,20201017,20201017,0.2465186661259611,0.6842154879637478,0.0692658459102911,0.4877654529777138,1230491.0,0.32816698449842097,0.5696178168124134,0.1022151986891656,0.47434426623917664,789726.0,0.5740514018691588,0.9423076923076923,-0.3192883211678832,0.019230769230769232,1,1,1,0,1,0,0,0,0
389409,ZA6,North West,ZA7,Gauteng,ZA637,Bojanala,ZA799,City of Tshwane,2020-10-17,2020-10-28,1,1,1,121860.4463137294,121736.57373000764,883450,20201017,20201028,0.25082919250139085,0.6903465537718604,0.05882425372674875,0.5380589003726469,1786678.0,0.22283079372412132,0.7204843127840075,0.056684893491871245,0.5057337597223363,3627986.0,0.07430676328502415,0.6538461538461539,0.48224212034383956,0.9038461538461539,1,1,1,0,1,0,0,0,0
389410,ZA7,Gauteng,ZA9,Limpopo,ZA797,Ekurhuleni,ZA935,Capricorn,2020-10-17,2020-10-17,5,5,5,3477714.8635408105,1402194.5612882148,69928,20201017,20201017,0.23296733680905687,0.7203157619169479,0.04671690127399521,0.5205474946472306,3739653.0,0.3265897738288558,0.6007690312860821,0.07264119488506209,0.472231826966417,1295656.0,0.7435109289617486,0.9615384615384616,0.07397387387387387,0.6346153846153846,1,1,1,0,1,0,0,0,0
389411,ZA5,KwaZulu-Natal,ZA2,Eastern Cape,ZA521,Ugu,ZA215,O.R.Tambo,2020-10-17,2020-10-31,1,1,1,157761.57273228993,157676.4306537743,1193710,20201017,20201031,0.32122674606698143,0.6016982741355622,0.07707497979745637,0.47391596021954596,714019.0,0.38804558548824664,0.5482866433400703,0.06366777117168307,0.4623163104135049,1358678.0,-0.09480895915678524,0.40384615384615385,-0.23807536101083035,0.1346153846153846,1,1,1,0,1,0,0,0,0
389412,ZA7,Gauteng,ZA5,KwaZulu-Natal,ZA799,City of Tshwane,ZA529,iLembe,2020-10-17,2020-10-17,2,2,2,1654773.2413830294,1064576.1843805276,47134,20201017,20201017,0.22283079372412132,0.7204843127840075,0.056684893491871245,0.5057337597223363,3627986.0,0.32390440311621094,0.6202867780885334,0.05580881879525565,0.4827645772056803,636799.0,0.48224212034383956,0.9038461538461539,-0.14951617873651774,0.28846153846153844,1,1,1,0,1,0,0,0,0
389413,ZA7,Gauteng,ZA5,KwaZulu-Natal,ZA748,West Rand,ZA595,eThekwini,2020-10-17,2020-10-29,1,1,1,716726.2314526549,530825.1163003293,989781,20201017,20201029,0.23154887232085752,0.7207832829912092,0.047667844687933295,0.5288128906961219,856804.0,0.2446364969883556,0.6990922562931536,0.05627124671849075,0.494610924976595,3587907.0,0.23715802469135805,0.8076923076923077,0.5666580406654343,0.9230769230769231,1,1,1,0,1,0,0,0,0
389414,ZA6,North West,ZA6,North West,ZA638,Ngaka Modiri Molema,ZA637,Bojanala,2020-10-17,2020-10-18,1,1,1,346712.8636366379,79042.22793847979,21182,20201017,20201018,0.3236353449196357,0.6078801705223251,0.06848448455803925,0.4964769205863341,870971.0,0.25082919250139085,0.6903465537718604,0.05882425372674875,0.5380589003726469,1786678.0,-0.18344824707846413,0.23076923076923078,0.07430676328502415,0.6538461538461539,1,1,1,0,1,0,0,0,0
389416,ZA5,KwaZulu-Natal,ZA5,KwaZulu-Natal,ZA521,Ugu,ZA543,Sisonke,2020-10-17,2020-10-17,3,3,3,5188659.065618308,426303.0937310277,27490,20201017,20201017,0.32122674606698143,0.6016982741355622,0.07707497979745637,0.47391596021954596,714019.0,0.37293146983899067,0.5707096800166399,0.05635885014436937,0.4671305273563743,447117.0,-0.09480895915678524,0.40384615384615385,-0.2112274881516588,0.17307692307692307,1,1,1,0,1,0,0,0,0
389417,ZA8,Mpumalanga,ZA9,Limpopo,ZA830,Gert Sibande,ZA947,Sekhukhune,2020-10-17,2020-10-19,1,1,1,404153.2791232997,195754.63735731167,180909,20201017,20201019,0.30688245639051287,0.6412288994160756,0.05188864419341153,0.49968312815881616,1136106.0,0.3536917516859454,0.5707075150199985,0.07560073329405607,0.46486328935523974,1125333.0,-0.11248741610738255,0.36538461538461536,-0.06015677966101695,0.4423076923076923,1,1,1,0,1,0,0,0,0
389418,ZA6,North West,ZA7,Gauteng,ZA638,Ngaka Modiri Molema,ZA798,City of Johannesburg,2020-10-17,2020-10-17,10,10,10,10034935.699689412,2307410.341720397,145991,20201017,20201017,0.3236353449196357,0.6078801705223251,0.06848448455803925,0.4964769205863341,870971.0,0.2220629170143196,0.7299897648810346,0.047947318104645836,0.5097433964893054,5540727.0,-0.18344824707846413,0.23076923076923078,0.8818060606060606,1.0,1,1,1,0,1,0,0,0,0
389419,ZA3,Nothern Cape,ZA3,Nothern Cape,ZA308,Z F Mgcawu,ZA308,Z F Mgcawu,2020-10-17,2020-10-24,1,1,1,549668.3633536977,198566.561672052,588561,20201017,20201024,0.27601757542529287,0.6641943181028425,0.059788106471864645,0.5142626583989065,258998.0,0.27601757542529287,0.6641943181028425,0.059788106471864645,0.5142626583989065,258998.0,-0.04016603773584906,0.46153846153846156,-0.04016603773584906,0.46153846153846156,1,1,1,0,1,0,0,0,0
389420,ZA5,KwaZulu-Natal,ZA7,Gauteng,ZA522,Umgungundlovu,ZA798,City of Johannesburg,2020-10-17,2020-10-23,1,1,1,439540.1230298325,439261.6823941909,472624,20201017,20201023,0.2748377359932372,0.663873035280183,0.06128922872657978,0.48236181888519014,1046905.0,0.2220629170143196,0.7299897648810346,0.047947318104645836,0.5097433964893054,5540727.0,0.0061256544502617805,0.5769230769230769,0.8818060606060606,1.0,1,1,1,0,1,0,0,0,0
389421,ZA6,North West,ZA6,North West,ZA639,Dr Ruth Segomotsi Mompati,ZA639,Dr Ruth Segomotsi Mompati,2020-10-17,2020-10-24,1,1,1,239033.969317965,1782.16316114332,571033,20201017,20201024,0.3412335579082451,0.5850872971649528,0.07367914492680208,0.4911837461796937,473784.0,0.3412335579082451,0.5850872971649528,0.07367914492680208,0.4911837461796937,473784.0,-0.16626678765880218,0.2692307692307692,-0.16626678765880218,0.2692307692307692,1,1,1,0,1,0,0,0,0
389422,ZA6,North West,ZA7,Gauteng,ZA637,Bojanala,ZA799,City of Tshwane,2020-10-17,2020-10-19,2,2,2,160229.22444409918,134316.54303692834,336154,20201017,20201019,0.25082919250139085,0.6903465537718604,0.05882425372674875,0.5380589003726469,1786678.0,0.22283079372412132,0.7204843127840075,0.056684893491871245,0.5057337597223363,3627986.0,0.07430676328502415,0.6538461538461539,0.48224212034383956,0.9038461538461539,1,1,1,0,1,0,0,0,0
389423,ZA1,Western Cape,ZA2,Eastern Cape,ZA104,Eden,ZA210,Cacadu,2020-10-17,2020-10-25,1,1,1,1013995.6061766816,136119.3943954448,708844,20201017,20201025,0.24710205256745305,0.6628052101466374,0.09009273728590954,0.4993180863678119,673839.0,0.2618455236218228,0.6571170870354837,0.08103738934269357,0.4975242081945451,491156.0,0.0004522691705790296,0.5384615384615384,-0.01848062015503876,0.5,1,1,1,0,1,0,0,0,0
389424,ZA7,Gauteng,ZA9,Limpopo,ZA797,Ekurhuleni,ZA934,Vhembe,2020-10-17,2020-10-17,2,2,2,1222260.6071766214,1210103.85059647,14390,20201017,20201017,0.23296733680905687,0.7203157619169479,0.04671690127399521,0.5205474946472306,3739653.0,0.3433867460978093,0.5887604530714541,0.06785280083073665,0.4597374214109392,1325089.0,0.7435109289617486,0.9615384615384616,-0.0767829596412556,0.4230769230769231,1,1,1,0,1,0,0,0,0
389425,ZA7,Gauteng,ZA2,Eastern Cape,ZA748,West Rand,ZA292,Buffalo City,2020-10-17,2020-10-17,1,1,1,1832319.6185902248,880360.9413927373,66947,20201017,20201017,0.23154887232085752,0.7207832829912092,0.047667844687933295,0.5288128906961219,856804.0,0.254980022080858,0.6758306608485358,0.06918931707060617,0.48177934914042375,760840.0,0.23715802469135805,0.8076923076923077,0.09585175879396986,0.6923076923076923,1,1,1,0,1,0,0,0,0
389426,ZA5,KwaZulu-Natal,ZA5,KwaZulu-Natal,ZA543,Sisonke,ZA529,iLembe,2020-10-17,2020-10-17,3,3,3,1554496.575335641,741389.2044660972,32689,20201017,20201017,0.37293146983899067,0.5707096800166399,0.05635885014436937,0.4671305273563743,447117.0,0.32390440311621094,0.6202867780885334,0.05580881879525565,0.4827645772056803,636799.0,-0.2112274881516588,0.17307692307692307,-0.14951617873651774,0.28846153846153844,1,1,1,0,1,0,0,0,0
389427,ZA4,Free State,ZA4,Free State,ZA418,Lejweleputswa,ZA416,Xhariep,2020-10-17,2020-10-17,4,4,4,2821841.1604442056,559127.8840433527,13093,20201017,20201017,0.27941650281351393,0.6617931601395349,0.058790337046951115,0.500105365269169,574193.0,0.29515218562959183,0.6325513667867511,0.07229644758365718,0.5005153225730198,105759.0,0.29495049504950493,0.8653846153846154,0.18671264367816093,0.7692307692307693,1,1,1,0,1,0,0,0,0
389428,ZA7,Gauteng,ZA7,Gauteng,ZA799,City of Tshwane,ZA742,Sedibeng,2020-10-17,2020-10-18,8,8,8,1324356.7181624891,617996.1645834341,103645,20201017,20201018,0.22283079372412132,0.7204843127840075,0.056684893491871245,0.5057337597223363,3627986.0,0.24393339879416723,0.6953819961266214,0.06068460507921129,0.5059130831550246,994997.0,0.48224212034383956,0.9038461538461539,0.2808379746835443,0.8461538461538461,1,1,1,0,1,0,0,0,0
389429,ZA8,Mpumalanga,ZA5,KwaZulu-Natal,ZA830,Gert Sibande,ZA525,Amajuba,2020-10-17,2020-10-17,7,7,7,840846.771723429,472458.48136010126,66115,20201017,20201017,0.30688245639051287,0.6412288994160756,0.05188864419341153,0.49968312815881616,1136106.0,0.3311353387795859,0.6144200377537888,0.05444462346662529,0.48045773982507545,502731.0,-0.11248741610738255,0.36538461538461536,-0.16864155251141552,0.25,1,1,1,0,1,0,0,0,0
389430,ZA7,Gauteng,ZA9,Limpopo,ZA748,West Rand,ZA936,Waterberg,2020-10-17,2020-10-17,4,4,4,1441820.934603693,822118.3378699955,62431,20201017,20201017,0.23154887232085752,0.7207832829912092,0.047667844687933295,0.5288128906961219,856804.0,0.2870915348782833,0.6477210572390478,0.06518740788266879,0.5138960603357211,718513.0,0.23715802469135805,0.8076923076923077,0.00236898395721925,0.5576923076923077,1,1,1,0,1,0,0,0,0
389431,ZA7,Gauteng,ZA2,Eastern Cape,ZA798,City of Johannesburg,ZA213,Chris Hani,2020-10-17,2020-10-17,2,2,2,3126891.325255217,1398132.8997071793,33406,20201017,20201017,0.2220629170143196,0.7299897648810346,0.047947318104645836,0.5097433964893054,5540727.0,0.334940582305372,0.572656560540376,0.09240285715425203,0.478383232498069,752217.0,0.8818060606060606,1.0,-0.29251697892271666,0.057692307692307696,1,1,1,0,1,0,0,0,0
389432,ZA5,KwaZulu-Natal,ZA5,KwaZulu-Natal,ZA528,Uthungulu,ZA526,Zululand,2020-10-17,2020-10-17,6,6,6,1869301.292020796,765121.979346941,73109,20201017,20201017,0.3398562749304085,0.6096443299200878,0.05049939514950375,0.4759701217345943,889476.0,0.392497537624586,0.5542130860581069,0.053289376317307055,0.4651401640222711,783796.0,-0.2202014106583072,0.15384615384615385,-0.2762355212355212,0.09615384615384616,1,1,1,0,1,0,0,0,0
389433,ZA6,North West,ZA9,Limpopo,ZA637,Bojanala,ZA936,Waterberg,2020-10-17,2020-10-18,6,6,6,1361862.3089802577,324157.1335321447,237519,20201017,20201018,0.25082919250139085,0.6903465537718604,0.05882425372674875,0.5380589003726469,1786678.0,0.2870915348782833,0.6477210572390478,0.06518740788266879,0.5138960603357211,718513.0,0.07430676328502415,0.6538461538461539,0.00236898395721925,0.5576923076923077,1,1,1,0,1,0,0,0,0
389434,ZA8,Mpumalanga,ZA8,Mpumalanga,ZA832,Ehlanzeni,ZA830,Gert Sibande,2020-10-17,2020-10-17,20,19,19,5218362.889609288,2101295.1568155177,272461,20201017,20201017,0.32438893780700045,0.6235217992770762,0.05208926291592337,0.47979089412028486,1837538.0,0.30688245639051287,0.6412288994160756,0.05188864419341153,0.49968312815881616,1136106.0,0.1315940928270042,0.7307692307692307,-0.11248741610738255,0.36538461538461536,1,1,1,0,1,0,0,0,0
389435,ZA7,Gauteng,ZA3,Nothern Cape,ZA798,City of Johannesburg,ZA345,John Taolo Gaetsewe,2020-10-17,2020-10-25,1,1,1,1127617.0533617768,475436.8244353661,697215,20201017,20201025,0.2220629170143196,0.7299897648810346,0.047947318104645836,0.5097433964893054,5540727.0,0.31986957060536586,0.628082594956317,0.05204783443831712,0.4959027820806741,258224.0,0.8818060606060606,1.0,-0.13480926430517712,0.3076923076923077,1,1,1,0,1,0,0,0,0
389436,ZA4,Free State,ZA2,Eastern Cape,ZA494,Mangaung,ZA292,Buffalo City,2020-10-17,2020-10-17,2,2,2,3007722.919879889,963057.0699801736,54906,20201017,20201017,0.26262942751272955,0.6754982029249197,0.06187236956235082,0.4901411892511804,826621.0,0.254980022080858,0.6758306608485358,0.06918931707060617,0.48177934914042375,760840.0,0.27329104477611943,0.8269230769230769,0.09585175879396986,0.6923076923076923,1,1,1,0,1,0,0,0,0
389437,ZA7,Gauteng,ZA8,Mpumalanga,ZA799,City of Tshwane,ZA831,Nkangala,2020-10-17,2020-10-19,2,2,2,437516.5527208072,205837.27663411511,341649,20201017,20201019,0.22283079372412132,0.7204843127840075,0.056684893491871245,0.5057337597223363,3627986.0,0.27290691475673784,0.6711806877078121,0.055912397535449986,0.5109201270525474,1573837.0,0.48224212034383956,0.9038461538461539,0.07867808219178082,0.6730769230769231,1,1,1,0,1,0,0,0,0
389438,ZA2,Eastern Cape,ZA2,Eastern Cape,ZA210,Cacadu,ZA210,Cacadu,2020-10-17,2020-10-19,1,1,1,14338.812786063483,6063.018727049241,114149,20201017,20201019,0.2618455236218228,0.6571170870354837,0.08103738934269357,0.4975242081945451,491156.0,0.2618455236218228,0.6571170870354837,0.08103738934269357,0.4975242081945451,491156.0,-0.01848062015503876,0.5,-0.01848062015503876,0.5,1,1,1,0,1,0,0,0,0
389439,ZA2,Eastern Cape,ZA7,Gauteng,ZA210,Cacadu,ZA799,City of Tshwane,2020-10-17,2020-10-18,2,2,2,3965421.003820646,2148065.127311209,152678,20201017,20201018,0.2618455236218228,0.6571170870354837,0.08103738934269357,0.4975242081945451,491156.0,0.22283079372412132,0.7204843127840075,0.056684893491871245,0.5057337597223363,3627986.0,-0.01848062015503876,0.5,0.48224212034383956,0.9038461538461539,1,1,1,0,1,0,0,0,0
389440,ZA9,Limpopo,ZA9,Limpopo,ZA934,Vhembe,ZA933,Mopani,2020-10-17,2020-10-18,3,3,3,137929.87053234546,61967.84942415223,98802,20201017,20201018,0.3433867460978093,0.5887604530714541,0.06785280083073665,0.4597374214109392,1325089.0,0.3329418650827259,0.6026296126910996,0.06442852222617454,0.46142626187343905,1062666.0,-0.0767829596412556,0.4230769230769231,-0.037928345626975765,0.4807692307692308,1,1,1,0,1,0,0,0,0
389441,ZA5,KwaZulu-Natal,ZA7,Gauteng,ZA521,Ugu,ZA799,City of Tshwane,2020-10-17,2020-10-17,2,2,2,2358386.404469464,1766363.841999246,55849,20201017,20201017,0.32122674606698143,0.6016982741355622,0.07707497979745637,0.47391596021954596,714019.0,0.22283079372412132,0.7204843127840075,0.056684893491871245,0.5057337597223363,3627986.0,-0.09480895915678524,0.40384615384615385,0.48224212034383956,0.9038461538461539,1,1,1,0,1,0,0,0,0
389442,ZA4,Free State,ZA6,North West,ZA420,Fezile Dabi,ZA637,Bojanala,2020-10-17,2020-10-17,2,2,2,545116.1545928788,284154.7704536217,25760,20201017,20201017,0.2705098118551487,0.6604572122193,0.06903297592555128,0.5050070807202104,494300.0,0.25082919250139085,0.6903465537718604,0.05882425372674875,0.5380589003726469,1786678.0,0.2276555023923445,0.7884615384615384,0.07430676328502415,0.6538461538461539,1,1,1,0,1,0,0,0,0
389443,ZA3,Nothern Cape,ZA3,Nothern Cape,ZA309,Frances Baard,ZA308,Z F Mgcawu,2020-10-17,2020-10-22,1,1,1,173677.26725430947,173677.26725430947,444807,20201017,20201022,0.2860169290028057,0.6497360787483951,0.06424699224879928,0.49189928194398214,420580.0,0.27601757542529287,0.6641943181028425,0.059788106471864645,0.5142626583989065,258998.0,0.29907801418439717,0.8846153846153846,-0.04016603773584906,0.46153846153846156,1,1,1,0,1,0,0,0,0
389444,ZA3,Nothern Cape,ZA6,North West,ZA345,John Taolo Gaetsewe,ZA639,Dr Ruth Segomotsi Mompati,2020-10-17,2020-10-17,7,7,7,4454293.543869978,1200280.0289313532,84719,20201017,20201017,0.31986957060536586,0.628082594956317,0.05204783443831712,0.4959027820806741,258224.0,0.3412335579082451,0.5850872971649528,0.07367914492680208,0.4911837461796937,473784.0,-0.13480926430517712,0.3076923076923077,-0.16626678765880218,0.2692307692307692,1,1,1,0,1,0,0,0,0
389445,ZA2,Eastern Cape,ZA2,Eastern Cape,ZA293,Nelson Mandela Bay,ZA293,Nelson Mandela Bay,2020-10-17,2020-10-19,2,2,2,1736714.554430033,45645.47085107708,310856,20201017,20201019,0.2465186661259611,0.6842154879637478,0.0692658459102911,0.4877654529777138,1230491.0,0.2465186661259611,0.6842154879637478,0.0692658459102911,0.4877654529777138,1230491.0,0.5740514018691588,0.9423076923076923,0.5740514018691588,0.9423076923076923,1,1,1,0,1,0,0,0,0
389446,ZA5,KwaZulu-Natal,ZA5,KwaZulu-Natal,ZA524,Umzinyathi,ZA543,Sisonke,2020-10-17,2020-10-17,1,1,1,428807.4287409418,190423.59831983747,16330,20201017,20201017,0.3952311253914291,0.5454951881678106,0.05927368644076033,0.451447242842509,514461.0,0.37293146983899067,0.5707096800166399,0.05635885014436937,0.4671305273563743,447117.0,-0.28225945945945946,0.07692307692307693,-0.2112274881516588,0.17307692307692307,1,1,1,0,1,0,0,0,0
389447,ZA3,Nothern Cape,ZA7,Gauteng,ZA307,Pixley ka Seme,ZA797,Ekurhuleni,2020-10-17,2020-10-17,1,1,1,797635.7107611934,618423.1066850178,26498,20201017,20201017,0.3060749448635213,0.6232332132979509,0.0706918418385278,0.5011842246002923,196331.0,0.23296733680905687,0.7203157619169479,0.04671690127399521,0.5205474946472306,3739653.0,0.1854655172413793,0.75,0.7435109289617486,0.9615384615384616,1,1,1,0,1,0,0,0,0
389448,ZA1,Western Cape,ZA3,Nothern Cape,ZA101,West Coast,ZA345,John Taolo Gaetsewe,2020-10-17,2020-10-18,1,1,1,1524098.4643273018,741463.2550106819,67149,20201017,20201018,0.24466466325617858,0.6852166396976793,0.0701186970461421,0.5060695297345649,497485.0,0.31986957060536586,0.628082594956317,0.05204783443831712,0.4959027820806741,258224.0,-0.12079976303317536,0.34615384615384615,-0.13480926430517712,0.3076923076923077,1,1,1,0,1,0,0,0,0
389449,ZA2,Eastern Cape,ZA2,Eastern Cape,ZA213,Chris Hani,ZA293,Nelson Mandela Bay,2020-10-17,2020-10-17,1,1,1,1252595.0923984717,213561.83311380385,11262,20201017,20201017,0.334940582305372,0.572656560540376,0.09240285715425203,0.478383232498069,752217.0,0.2465186661259611,0.6842154879637478,0.0692658459102911,0.4877654529777138,1230491.0,-0.29251697892271666,0.057692307692307696,0.5740514018691588,0.9423076923076923,1,1,1,0,1,0,0,0,0
389450,ZA3,Nothern Cape,ZA3,Nothern Cape,ZA309,Frances Baard,ZA308,Z F Mgcawu,2020-10-17,2020-10-26,1,1,1,338953.62033176,338953.62033176,813289,20201017,20201026,0.2860169290028057,0.6497360787483951,0.06424699224879928,0.49189928194398214,420580.0,0.27601757542529287,0.6641943181028425,0.059788106471864645,0.5142626583989065,258998.0,0.29907801418439717,0.8846153846153846,-0.04016603773584906,0.46153846153846156,1,1,1,0,1,0,0,0,0
389451,ZA1,Western Cape,ZA8,Mpumalanga,ZA102,Cape Winelands,ZA831,Nkangala,2020-10-17,2020-10-26,1,1,1,2766297.3046379453,1340682.1494063165,747657,20201017,20201026,0.24989252608235304,0.6902123420738123,0.059895131843834624,0.5011121214086944,909523.0,0.27290691475673784,0.6711806877078121,0.055912397535449986,0.5109201270525474,1573837.0,-0.012388831437435367,0.5192307692307693,0.07867808219178082,0.6730769230769231,1,1,1,0,1,0,0,0,0
389452,ZA2,Eastern Cape,ZA2,Eastern Cape,ZA214,Joe Gqabi,ZA213,Chris Hani,2020-10-17,2020-10-18,2,2,2,215820.7558666047,106224.34320175364,57551,20201017,20201018,0.3340471849013029,0.5799636495391386,0.08598916555955849,0.47733103958194023,339473.0,0.334940582305372,0.572656560540376,0.09240285715425203,0.478383232498069,752217.0,-0.1839776119402985,0.21153846153846154,-0.29251697892271666,0.057692307692307696,1,1,1,0,1,0,0,0,0
389453,ZA5,KwaZulu-Natal,ZA5,KwaZulu-Natal,ZA595,eThekwini,ZA528,Uthungulu,2020-10-17,2020-10-20,1,1,1,430678.9801354792,140896.0134839431,255327,20201017,20201020,0.2446364969883556,0.6990922562931536,0.05627124671849075,0.494610924976595,3587907.0,0.3398562749304085,0.6096443299200878,0.05049939514950375,0.4759701217345943,889476.0,0.5666580406654343,0.9230769230769231,-0.2202014106583072,0.15384615384615385,1,1,1,0,1,0,0,0,0
389454,ZA5,KwaZulu-Natal,ZA5,KwaZulu-Natal,ZA521,Ugu,ZA543,Sisonke,2020-10-17,2020-10-28,1,1,1,265976.20175323344,75597.85097444181,927798,20201017,20201028,0.32122674606698143,0.6016982741355622,0.07707497979745637,0.47391596021954596,714019.0,0.37293146983899067,0.5707096800166399,0.05635885014436937,0.4671305273563743,447117.0,-0.09480895915678524,0.40384615384615385,-0.2112274881516588,0.17307692307692307,1,1,1,0,1,0,0,0,0
389455,ZA5,KwaZulu-Natal,ZA5,KwaZulu-Natal,ZA523,Uthukela,ZA595,eThekwini,2020-10-17,2020-10-29,1,1,1,257778.31889754327,124405.91877829094,1012096,20201017,20201029,0.36014331224838336,0.5864396074090654,0.05341708034255123,0.46782833191779016,652282.0,0.2446364969883556,0.6990922562931536,0.05627124671849075,0.494610924976595,3587907.0,-0.19841226215644822,0.19230769230769232,0.5666580406654343,0.9230769230769231,1,1,1,0,1,0,0,0,0
389456,ZA5,KwaZulu-Natal,ZA7,Gauteng,ZA523,Uthukela,ZA797,Ekurhuleni,2020-10-17,2020-10-17,6,6,5,4865842.265279088,2022560.845144537,104783,20201017,20201017,0.36014331224838336,0.5864396074090654,0.05341708034255123,0.46782833191779016,652282.0,0.23296733680905687,0.7203157619169479,0.04671690127399521,0.5205474946472306,3739653.0,-0.19841226215644822,0.19230769230769232,0.7435109289617486,0.9615384615384616,1,1,1,0,1,0,0,0,0
389457,ZA4,Free State,ZA5,KwaZulu-Natal,ZA419,Thabo Mofutsanyane,ZA522,Umgungundlovu,2020-10-17,2020-10-17,2,2,2,2482699.049928111,565085.9573392707,30873,20201017,20201017,0.31143326559338835,0.6251823622683981,0.06338437213821363,0.47028720831466336,662829.0,0.2748377359932372,0.663873035280183,0.06128922872657978,0.48236181888519014,1046905.0,0.10770218579234972,0.7115384615384616,0.0061256544502617805,0.5769230769230769,1,1,1,0,1,0,0,0,0
389458,ZA5,KwaZulu-Natal,ZA7,Gauteng,ZA522,Umgungundlovu,ZA799,City of Tshwane,2020-10-17,2020-10-17,6,6,6,6400727.532672005,2975406.3307698173,204293,20201017,20201017,0.2748377359932372,0.663873035280183,0.06128922872657978,0.48236181888519014,1046905.0,0.22283079372412132,0.7204843127840075,0.056684893491871245,0.5057337597223363,3627986.0,0.0061256544502617805,0.5769230769230769,0.48224212034383956,0.9038461538461539,1,1,1,0,1,0,0,0,0
389459,ZA8,Mpumalanga,ZA8,Mpumalanga,ZA832,Ehlanzeni,ZA831,Nkangala,2020-10-17,2020-10-18,1,1,1,99946.93908099992,25265.75960177072,35987,20201017,20201018,0.32438893780700045,0.6235217992770762,0.05208926291592337,0.47979089412028486,1837538.0,0.27290691475673784,0.6711806877078121,0.055912397535449986,0.5109201270525474,1573837.0,0.1315940928270042,0.7307692307692307,0.07867808219178082,0.6730769230769231,1,1,1,0,1,0,0,0,0
389460,ZA1,Western Cape,ZA7,Gauteng,ZA191,City of Cape Town,ZA748,West Rand,2020-10-17,2020-10-31,1,1,1,1220146.313646718,1219974.4908754954,1155248,20201017,20201031,0.23849582985172932,0.697186217784503,0.06431795236376775,0.4976008771049945,4436413.0,0.23154887232085752,0.7207832829912092,0.047667844687933295,0.5288128906961219,856804.0,0.7687640750670242,0.9807692307692307,0.23715802469135805,0.8076923076923077,1,1,1,0,1,0,0,0,0
389461,ZA9,Limpopo,ZA7,Gauteng,ZA936,Waterberg,ZA748,West Rand,2020-10-17,2020-10-17,2,2,2,705961.3121700159,324328.51801586826,45090,20201017,20201017,0.2870915348782833,0.6477210572390478,0.06518740788266879,0.5138960603357211,718513.0,0.23154887232085752,0.7207832829912092,0.047667844687933295,0.5288128906961219,856804.0,0.00236898395721925,0.5576923076923077,0.23715802469135805,0.8076923076923077,1,1,1,0,1,0,0,0,0
389462,ZA5,KwaZulu-Natal,ZA5,KwaZulu-Natal,ZA595,eThekwini,ZA526,Zululand,2020-10-17,2020-10-23,1,1,1,470172.26536870224,202458.95753855453,448324,20201017,20201023,0.2446364969883556,0.6990922562931536,0.05627124671849075,0.494610924976595,3587907.0,0.392497537624586,0.5542130860581069,0.053289376317307055,0.4651401640222711,783796.0,0.5666580406654343,0.9230769230769231,-0.2762355212355212,0.09615384615384616,1,1,1,0,1,0,0,0,0
389464,ZA4,Free State,ZA3,Nothern Cape,ZA494,Mangaung,ZA345,John Taolo Gaetsewe,2020-10-17,2020-10-17,1,1,1,722257.3460157902,340929.024532106,17212,20201017,20201017,0.26262942751272955,0.6754982029249197,0.06187236956235082,0.4901411892511804,826621.0,0.31986957060536586,0.628082594956317,0.05204783443831712,0.4959027820806741,258224.0,0.27329104477611943,0.8269230769230769,-0.13480926430517712,0.3076923076923077,1,1,1,0,1,0,0,0,0
389465,ZA4,Free State,ZA4,Free State,ZA494,Mangaung,ZA418,Lejweleputswa,2020-10-17,2020-10-18,3,3,3,418059.65252943465,190201.35146240136,120593,20201017,20201018,0.26262942751272955,0.6754982029249197,0.06187236956235082,0.4901411892511804,826621.0,0.27941650281351393,0.6617931601395349,0.058790337046951115,0.500105365269169,574193.0,0.27329104477611943,0.8269230769230769,0.29495049504950493,0.8653846153846154,1,1,1,0,1,0,0,0,0
389466,ZA8,Mpumalanga,ZA5,KwaZulu-Natal,ZA831,Nkangala,ZA525,Amajuba,2020-10-17,2020-10-17,2,2,2,1630110.5944844713,438734.7005582656,18185,20201017,20201017,0.27290691475673784,0.6711806877078121,0.055912397535449986,0.5109201270525474,1573837.0,0.3311353387795859,0.6144200377537888,0.05444462346662529,0.48045773982507545,502731.0,0.07867808219178082,0.6730769230769231,-0.16864155251141552,0.25,1,1,1,0,1,0,0,0,0
389467,ZA7,Gauteng,ZA5,KwaZulu-Natal,ZA797,Ekurhuleni,ZA523,Uthukela,2020-10-17,2020-10-17,2,2,1,1348003.2361729003,672639.0942077164,3262,20201017,20201017,0.23296733680905687,0.7203157619169479,0.04671690127399521,0.5205474946472306,3739653.0,0.36014331224838336,0.5864396074090654,0.05341708034255123,0.46782833191779016,652282.0,0.7435109289617486,0.9615384615384616,-0.19841226215644822,0.19230769230769232,1,1,1,0,1,0,0,0,0
389468,ZA1,Western Cape,ZA7,Gauteng,ZA191,City of Cape Town,ZA742,Sedibeng,2020-10-17,2020-10-17,1,1,1,1385714.792574918,1372921.0110144382,29451,20201017,20201017,0.23849582985172932,0.697186217784503,0.06431795236376775,0.4976008771049945,4436413.0,0.24393339879416723,0.6953819961266214,0.06068460507921129,0.5059130831550246,994997.0,0.7687640750670242,0.9807692307692307,0.2808379746835443,0.8461538461538461,1,1,1,0,1,0,0,0,0
389469,ZA7,Gauteng,ZA9,Limpopo,ZA799,City of Tshwane,ZA935,Capricorn,2020-10-17,2020-10-18,1,1,1,534271.7838553305,247610.73646144936,21247,20201017,20201018,0.22283079372412132,0.7204843127840075,0.056684893491871245,0.5057337597223363,3627986.0,0.3265897738288558,0.6007690312860821,0.07264119488506209,0.472231826966417,1295656.0,0.48224212034383956,0.9038461538461539,0.07397387387387387,0.6346153846153846,1,1,1,0,1,0,0,0,0
389470,ZA5,KwaZulu-Natal,ZA1,Western Cape,ZA523,Uthukela,ZA191,City of Cape Town,2020-10-17,2020-10-18,1,1,1,2406580.7199315047,1203290.3599657523,76016,20201017,20201018,0.36014331224838336,0.5864396074090654,0.05341708034255123,0.46782833191779016,652282.0,0.23849582985172932,0.697186217784503,0.06431795236376775,0.4976008771049945,4436413.0,-0.19841226215644822,0.19230769230769232,0.7687640750670242,0.9807692307692307,1,1,1,0,1,0,0,0,0
389471,ZA4,Free State,ZA4,Free State,ZA419,Thabo Mofutsanyane,ZA494,Mangaung,2020-10-17,2020-10-18,2,2,2,341561.20102512225,160411.2438177199,149201,20201017,20201018,0.31143326559338835,0.6251823622683981,0.06338437213821363,0.47028720831466336,662829.0,0.26262942751272955,0.6754982029249197,0.06187236956235082,0.4901411892511804,826621.0,0.10770218579234972,0.7115384615384616,0.27329104477611943,0.8269230769230769,1,1,1,0,1,0,0,0,0
389472,ZA5,KwaZulu-Natal,ZA5,KwaZulu-Natal,ZA521,Ugu,ZA525,Amajuba,2020-10-17,2020-10-24,1,1,1,585716.7795945087,292213.19349824707,596155,20201017,20201024,0.32122674606698143,0.6016982741355622,0.07707497979745637,0.47391596021954596,714019.0,0.3311353387795859,0.6144200377537888,0.05444462346662529,0.48045773982507545,502731.0,-0.09480895915678524,0.40384615384615385,-0.16864155251141552,0.25,1,1,1,0,1,0,0,0,0
389473,ZA6,North West,ZA6,North West,ZA638,Ngaka Modiri Molema,ZA640,Dr Kenneth Kaunda,2020-10-17,2020-10-24,1,1,1,198857.3897425427,149948.79525546488,607407,20201017,20201024,0.3236353449196357,0.6078801705223251,0.06848448455803925,0.4964769205863341,870971.0,0.27505895171327793,0.6602340041700301,0.06470704411669191,0.5065976875287468,754431.0,-0.18344824707846413,0.23076923076923078,-0.10069384057971015,0.38461538461538464,1,1,1,0,1,0,0,0,0
389474,ZA2,Eastern Cape,ZA2,Eastern Cape,ZA215,O.R.Tambo,ZA244,Alfred Nzo,2020-10-17,2020-10-17,8,8,7,765184.5741706078,461846.9862226853,104725,20201017,20201017,0.38804558548824664,0.5482866433400703,0.06366777117168307,0.4623163104135049,1358678.0,0.40782127157510134,0.5221222097470932,0.07005651867780548,0.4576553946475353,788235.0,-0.23807536101083035,0.1346153846153846,-0.27396673320026615,0.11538461538461539,1,1,1,0,1,0,0,0,0
389475,ZA1,Western Cape,ZA1,Western Cape,ZA104,Eden,ZA191,City of Cape Town,2020-10-17,2020-10-20,1,1,1,499805.0016553143,332104.2533238299,327611,20201017,20201020,0.24710205256745305,0.6628052101466374,0.09009273728590954,0.4993180863678119,673839.0,0.23849582985172932,0.697186217784503,0.06431795236376775,0.4976008771049945,4436413.0,0.0004522691705790296,0.5384615384615384,0.7687640750670242,0.9807692307692307,1,1,1,0,1,0,0,0,0
389476,ZA4,Free State,ZA1,Western Cape,ZA419,Thabo Mofutsanyane,ZA191,City of Cape Town,2020-10-17,2020-10-17,1,1,1,2693204.9675580016,1232586.376828281,44002,20201017,20201017,0.31143326559338835,0.6251823622683981,0.06338437213821363,0.47028720831466336,662829.0,0.23849582985172932,0.697186217784503,0.06431795236376775,0.4976008771049945,4436413.0,0.10770218579234972,0.7115384615384616,0.7687640750670242,0.9807692307692307,1,1,1,0,1,0,0,0,0
389477,ZA4,Free State,ZA6,North West,ZA420,Fezile Dabi,ZA637,Bojanala,2020-10-17,2020-10-24,1,1,1,148773.85609069362,148773.85609069362,622232,20201017,20201024,0.2705098118551487,0.6604572122193,0.06903297592555128,0.5050070807202104,494300.0,0.25082919250139085,0.6903465537718604,0.05882425372674875,0.5380589003726469,1786678.0,0.2276555023923445,0.7884615384615384,0.07430676328502415,0.6538461538461539,1,1,1,0,1,0,0,0,0
389478,ZA5,KwaZulu-Natal,ZA7,Gauteng,ZA521,Ugu,ZA799,City of Tshwane,2020-10-17,2020-10-24,1,1,1,775148.335365768,608626.0149994348,539736,20201017,20201024,0.32122674606698143,0.6016982741355622,0.07707497979745637,0.47391596021954596,714019.0,0.22283079372412132,0.7204843127840075,0.056684893491871245,0.5057337597223363,3627986.0,-0.09480895915678524,0.40384615384615385,0.48224212034383956,0.9038461538461539,1,1,1,0,1,0,0,0,0
389479,ZA5,KwaZulu-Natal,ZA5,KwaZulu-Natal,ZA522,Umgungundlovu,ZA524,Umzinyathi,2020-10-17,2020-10-18,3,3,3,314539.3088766674,153114.34029804025,70252,20201017,20201018,0.2748377359932372,0.663873035280183,0.06128922872657978,0.48236181888519014,1046905.0,0.3952311253914291,0.5454951881678106,0.05927368644076033,0.451447242842509,514461.0,0.0061256544502617805,0.5769230769230769,-0.28225945945945946,0.07692307692307693,1,1,1,0,1,0,0,0,0
389480,ZA5,KwaZulu-Natal,ZA5,KwaZulu-Natal,ZA527,Umkhanyakude,ZA526,Zululand,2020-10-17,2020-10-17,4,4,4,4185745.923773948,209480.39294877247,29895,20201017,20201017,0.40017378652548197,0.5489306999026919,0.05089551357182606,0.4622270789873748,643318.0,0.392497537624586,0.5542130860581069,0.053289376317307055,0.4651401640222711,783796.0,-0.31784377542717657,0.038461538461538464,-0.2762355212355212,0.09615384615384616,1,1,1,0,1,0,0,0,0
389481,ZA2,Eastern Cape,ZA1,Western Cape,ZA210,Cacadu,ZA104,Eden,2020-10-17,2020-10-18,1,1,1,1461254.2749848175,244394.1299204654,73690,20201017,20201018,0.2618455236218228,0.6571170870354837,0.08103738934269357,0.4975242081945451,491156.0,0.24710205256745305,0.6628052101466374,0.09009273728590954,0.4993180863678119,673839.0,-0.01848062015503876,0.5,0.0004522691705790296,0.5384615384615384,1,1,1,0,1,0,0,0,0
389482,ZA9,Limpopo,ZA2,Eastern Cape,ZA935,Capricorn,ZA210,Cacadu,2020-10-17,2020-10-18,1,1,1,2911921.450446044,1412763.654564577,80244,20201017,20201018,0.3265897738288558,0.6007690312860821,0.07264119488506209,0.472231826966417,1295656.0,0.2618455236218228,0.6571170870354837,0.08103738934269357,0.4975242081945451,491156.0,0.07397387387387387,0.6346153846153846,-0.01848062015503876,0.5,1,1,1,0,1,0,0,0,0
389483,ZA1,Western Cape,ZA1,Western Cape,ZA105,Central Karoo,ZA104,Eden,2020-10-17,2020-10-17,7,7,7,11894042.913726889,1430550.535427942,111600,20201017,20201017,0.29415328297801036,0.633639246216906,0.07220747080508365,0.4979247763656518,77582.0,0.24710205256745305,0.6628052101466374,0.09009273728590954,0.4993180863678119,673839.0,-0.12604477611940298,0.3269230769230769,0.0004522691705790296,0.5384615384615384,1,1,1,0,1,0,0,0,0
389484,ZA7,Gauteng,ZA1,Western Cape,ZA742,Sedibeng,ZA104,Eden,2020-10-17,2020-10-17,1,1,1,1667075.9932733297,1092163.7455270046,40806,20201017,20201017,0.24393339879416723,0.6953819961266214,0.06068460507921129,0.5059130831550246,994997.0,0.24710205256745305,0.6628052101466374,0.09009273728590954,0.4993180863678119,673839.0,0.2808379746835443,0.8461538461538461,0.0004522691705790296,0.5384615384615384,1,1,1,0,1,0,0,0,0
389485,ZA2,Eastern Cape,ZA2,Eastern Cape,ZA244,Alfred Nzo,ZA215,O.R.Tambo,2020-10-17,2020-10-17,6,6,6,1321770.5717902607,744050.2294238614,62403,20201017,20201017,0.40782127157510134,0.5221222097470932,0.07005651867780548,0.4576553946475353,788235.0,0.38804558548824664,0.5482866433400703,0.06366777117168307,0.4623163104135049,1358678.0,-0.27396673320026615,0.11538461538461539,-0.23807536101083035,0.1346153846153846,1,1,1,0,1,0,0,0,0
389486,ZA6,North West,ZA4,Free State,ZA637,Bojanala,ZA418,Lejweleputswa,2020-10-17,2020-10-29,1,1,1,552209.7919838321,301736.1302841877,974219,20201017,20201029,0.25082919250139085,0.6903465537718604,0.05882425372674875,0.5380589003726469,1786678.0,0.27941650281351393,0.6617931601395349,0.058790337046951115,0.500105365269169,574193.0,0.07430676328502415,0.6538461538461539,0.29495049504950493,0.8653846153846154,1,1,1,0,1,0,0,0,0
389487,ZA9,Limpopo,ZA7,Gauteng,ZA936,Waterberg,ZA798,City of Johannesburg,2020-10-17,2020-10-18,1,1,1,312656.8865144756,130546.36066804404,61617,20201017,20201018,0.2870915348782833,0.6477210572390478,0.06518740788266879,0.5138960603357211,718513.0,0.2220629170143196,0.7299897648810346,0.047947318104645836,0.5097433964893054,5540727.0,0.00236898395721925,0.5576923076923077,0.8818060606060606,1.0,1,1,1,0,1,0,0,0,0
389488,ZA9,Limpopo,ZA9,Limpopo,ZA936,Waterberg,ZA935,Capricorn,2020-10-17,2020-10-18,2,2,2,221447.5550127878,105950.71351106922,55648,20201017,20201018,0.2870915348782833,0.6477210572390478,0.06518740788266879,0.5138960603357211,718513.0,0.3265897738288558,0.6007690312860821,0.07264119488506209,0.472231826966417,1295656.0,0.00236898395721925,0.5576923076923077,0.07397387387387387,0.6346153846153846,1,1,1,0,1,0,0,0,0
389489,ZA1,Western Cape,ZA1,Western Cape,ZA103,Overberg,ZA101,West Coast,2020-10-17,2020-10-19,1,1,1,718438.7764370071,171793.39357271494,147276,20201017,20201019,0.22836513904770692,0.6721314716747349,0.09950338927755827,0.511077351980676,303457.0,0.24466466325617858,0.6852166396976793,0.0701186970461421,0.5060695297345649,497485.0,0.051486772486772484,0.5961538461538461,-0.12079976303317536,0.34615384615384615,1,1,1,0,1,0,0,0,0
389490,ZA4,Free State,ZA7,Gauteng,ZA416,Xhariep,ZA799,City of Tshwane,2020-10-17,2020-10-17,1,1,1,2283970.054196168,609738.8903774518,23285,20201017,20201017,0.29515218562959183,0.6325513667867511,0.07229644758365718,0.5005153225730198,105759.0,0.22283079372412132,0.7204843127840075,0.056684893491871245,0.5057337597223363,3627986.0,0.18671264367816093,0.7692307692307693,0.48224212034383956,0.9038461538461539,1,1,1,0,1,0,0,0,0
389491,ZA8,Mpumalanga,ZA7,Gauteng,ZA831,Nkangala,ZA798,City of Johannesburg,2020-10-17,2020-10-30,1,1,1,226365.6517450577,226264.91501363725,1111380,20201017,20201030,0.27290691475673784,0.6711806877078121,0.055912397535449986,0.5109201270525474,1573837.0,0.2220629170143196,0.7299897648810346,0.047947318104645836,0.5097433964893054,5540727.0,0.07867808219178082,0.6730769230769231,0.8818060606060606,1.0,1,1,1,0,1,0,0,0,0
389492,ZA6,North West,ZA6,North West,ZA640,Dr Kenneth Kaunda,ZA637,Bojanala,2020-10-17,2020-10-17,9,9,9,2997453.120289443,1043566.744683402,90329,20201017,20201017,0.27505895171327793,0.6602340041700301,0.06470704411669191,0.5065976875287468,754431.0,0.25082919250139085,0.6903465537718604,0.05882425372674875,0.5380589003726469,1786678.0,-0.10069384057971015,0.38461538461538464,0.07430676328502415,0.6538461538461539,1,1,1,0,1,0,0,0,0
389493,ZA4,Free State,ZA3,Nothern Cape,ZA420,Fezile Dabi,ZA307,Pixley ka Seme,2020-10-17,2020-10-17,1,1,1,1261579.2481859892,592128.6369958767,26848,20201017,20201017,0.2705098118551487,0.6604572122193,0.06903297592555128,0.5050070807202104,494300.0,0.3060749448635213,0.6232332132979509,0.0706918418385278,0.5011842246002923,196331.0,0.2276555023923445,0.7884615384615384,0.1854655172413793,0.75,1,1,1,0,1,0,0,0,0
389494,ZA7,Gauteng,ZA7,Gauteng,ZA799,City of Tshwane,ZA799,City of Tshwane,2020-10-17,2020-10-22,1,1,1,344745.35089413257,28870.732969627737,449209,20201017,20201022,0.22283079372412132,0.7204843127840075,0.056684893491871245,0.5057337597223363,3627986.0,0.22283079372412132,0.7204843127840075,0.056684893491871245,0.5057337597223363,3627986.0,0.48224212034383956,0.9038461538461539,0.48224212034383956,0.9038461538461539,1,1,1,0,1,0,0,0,0
389495,ZA3,Nothern Cape,ZA6,North West,ZA345,John Taolo Gaetsewe,ZA640,Dr Kenneth Kaunda,2020-10-17,2020-10-17,1,1,1,2543074.220839522,404332.9529724296,21439,20201017,20201017,0.31986957060536586,0.628082594956317,0.05204783443831712,0.4959027820806741,258224.0,0.27505895171327793,0.6602340041700301,0.06470704411669191,0.5065976875287468,754431.0,-0.13480926430517712,0.3076923076923077,-0.10069384057971015,0.38461538461538464,1,1,1,0,1,0,0,0,0
389496,ZA8,Mpumalanga,ZA3,Nothern Cape,ZA832,Ehlanzeni,ZA309,Frances Baard,2020-10-17,2020-10-17,1,1,1,753376.2135424459,729617.5752978375,16629,20201017,20201017,0.32438893780700045,0.6235217992770762,0.05208926291592337,0.47979089412028486,1837538.0,0.2860169290028057,0.6497360787483951,0.06424699224879928,0.49189928194398214,420580.0,0.1315940928270042,0.7307692307692307,0.29907801418439717,0.8846153846153846,1,1,1,0,1,0,0,0,0
389497,ZA4,Free State,ZA8,Mpumalanga,ZA418,Lejweleputswa,ZA830,Gert Sibande,2020-10-17,2020-10-17,3,3,3,2212630.3296601027,1172645.442832161,92075,20201017,20201017,0.27941650281351393,0.6617931601395349,0.058790337046951115,0.500105365269169,574193.0,0.30688245639051287,0.6412288994160756,0.05188864419341153,0.49968312815881616,1136106.0,0.29495049504950493,0.8653846153846154,-0.11248741610738255,0.36538461538461536,1,1,1,0,1,0,0,0,0
389498,ZA8,Mpumalanga,ZA4,Free State,ZA830,Gert Sibande,ZA419,Thabo Mofutsanyane,2020-10-17,2020-10-17,8,8,8,2827473.9079559008,1115389.4033297375,77474,20201017,20201017,0.30688245639051287,0.6412288994160756,0.05188864419341153,0.49968312815881616,1136106.0,0.31143326559338835,0.6251823622683981,0.06338437213821363,0.47028720831466336,662829.0,-0.11248741610738255,0.36538461538461536,0.10770218579234972,0.7115384615384616,1,1,1,0,1,0,0,0,0
389499,ZA9,Limpopo,ZA9,Limpopo,ZA947,Sekhukhune,ZA947,Sekhukhune,2020-10-17,2020-10-31,2,2,2,337283.1709518674,127197.04201759413,2419616,20201017,20201031,0.3536917516859454,0.5707075150199985,0.07560073329405607,0.46486328935523974,1125333.0,0.3536917516859454,0.5707075150199985,0.07560073329405607,0.46486328935523974,1125333.0,-0.06015677966101695,0.4423076923076923,-0.06015677966101695,0.4423076923076923,1,1,1,0,1,0,0,0,0
389500,ZA7,Gauteng,ZA8,Mpumalanga,ZA798,City of Johannesburg,ZA831,Nkangala,2020-10-17,2020-10-19,2,2,2,438614.74833603774,181509.18284890056,310329,20201017,20201019,0.2220629170143196,0.7299897648810346,0.047947318104645836,0.5097433964893054,5540727.0,0.27290691475673784,0.6711806877078121,0.055912397535449986,0.5109201270525474,1573837.0,0.8818060606060606,1.0,0.07867808219178082,0.6730769230769231,1,1,1,0,1,0,0,0,0
389501,ZA3,Nothern Cape,ZA4,Free State,ZA309,Frances Baard,ZA420,Fezile Dabi,2020-10-17,2020-10-17,1,1,1,743693.6223424432,358801.9397606959,25072,20201017,20201017,0.2860169290028057,0.6497360787483951,0.06424699224879928,0.49189928194398214,420580.0,0.2705098118551487,0.6604572122193,0.06903297592555128,0.5050070807202104,494300.0,0.29907801418439717,0.8846153846153846,0.2276555023923445,0.7884615384615384,1,1,1,0,1,0,0,0,0
389502,ZA2,Eastern Cape,ZA2,Eastern Cape,ZA212,Amathole,ZA215,O.R.Tambo,2020-10-17,2020-10-17,6,6,6,661576.9921471551,354128.77156173735,68308,20201017,20201017,0.32816698449842097,0.5696178168124134,0.1022151986891656,0.47434426623917664,789726.0,0.38804558548824664,0.5482866433400703,0.06366777117168307,0.4623163104135049,1358678.0,-0.3192883211678832,0.019230769230769232,-0.23807536101083035,0.1346153846153846,1,1,1,0,1,0,0,0,0
389503,ZA5,KwaZulu-Natal,ZA5,KwaZulu-Natal,ZA528,Uthungulu,ZA595,eThekwini,2020-10-17,2020-10-24,1,1,1,216719.9268420305,149462.6303817905,635467,20201017,20201024,0.3398562749304085,0.6096443299200878,0.05049939514950375,0.4759701217345943,889476.0,0.2446364969883556,0.6990922562931536,0.05627124671849075,0.494610924976595,3587907.0,-0.2202014106583072,0.15384615384615385,0.5666580406654343,0.9230769230769231,1,1,1,0,1,0,0,0,0
389504,ZA1,Western Cape,ZA3,Nothern Cape,ZA191,City of Cape Town,ZA308,Z F Mgcawu,2020-10-17,2020-10-17,1,1,1,1553955.9906832236,701933.2665096712,24873,20201017,20201017,0.23849582985172932,0.697186217784503,0.06431795236376775,0.4976008771049945,4436413.0,0.27601757542529287,0.6641943181028425,0.059788106471864645,0.5142626583989065,258998.0,0.7687640750670242,0.9807692307692307,-0.04016603773584906,0.46153846153846156,1,1,1,0,1,0,0,0,0
389505,ZA9,Limpopo,ZA8,Mpumalanga,ZA934,Vhembe,ZA830,Gert Sibande,2020-10-17,2020-10-19,1,1,1,917326.8650645273,542415.6839875691,173265,20201017,20201019,0.3433867460978093,0.5887604530714541,0.06785280083073665,0.4597374214109392,1325089.0,0.30688245639051287,0.6412288994160756,0.05188864419341153,0.49968312815881616,1136106.0,-0.0767829596412556,0.4230769230769231,-0.11248741610738255,0.36538461538461536,1,1,1,0,1,0,0,0,0
389506,ZA7,Gauteng,ZA6,North West,ZA798,City of Johannesburg,ZA637,Bojanala,2020-10-17,2020-10-20,1,1,1,202249.792290906,90778.33910314942,189093,20201017,20201020,0.2220629170143196,0.7299897648810346,0.047947318104645836,0.5097433964893054,5540727.0,0.25082919250139085,0.6903465537718604,0.05882425372674875,0.5380589003726469,1786678.0,0.8818060606060606,1.0,0.07430676328502415,0.6538461538461539,1,1,1,0,1,0,0,0,0
389507,ZA8,Mpumalanga,ZA4,Free State,ZA830,Gert Sibande,ZA420,Fezile Dabi,2020-10-17,2020-10-17,9,7,7,4190407.5770150498,778754.366158479,111215,20201017,20201017,0.30688245639051287,0.6412288994160756,0.05188864419341153,0.49968312815881616,1136106.0,0.2705098118551487,0.6604572122193,0.06903297592555128,0.5050070807202104,494300.0,-0.11248741610738255,0.36538461538461536,0.2276555023923445,0.7884615384615384,1,1,1,0,1,0,0,0,0
389508,ZA4,Free State,ZA2,Eastern Cape,ZA420,Fezile Dabi,ZA210,Cacadu,2020-10-17,2020-10-17,2,2,2,3120786.178030064,1172338.6874705604,59812,20201017,20201017,0.2705098118551487,0.6604572122193,0.06903297592555128,0.5050070807202104,494300.0,0.2618455236218228,0.6571170870354837,0.08103738934269357,0.4975242081945451,491156.0,0.2276555023923445,0.7884615384615384,-0.01848062015503876,0.5,1,1,1,0,1,0,0,0,0
389509,ZA5,KwaZulu-Natal,ZA5,KwaZulu-Natal,ZA526,Zululand,ZA529,iLembe,2020-10-17,2020-10-17,1,1,1,434054.7750011087,216917.22927728857,10023,20201017,20201017,0.392497537624586,0.5542130860581069,0.053289376317307055,0.4651401640222711,783796.0,0.32390440311621094,0.6202867780885334,0.05580881879525565,0.4827645772056803,636799.0,-0.2762355212355212,0.09615384615384616,-0.14951617873651774,0.28846153846153844,1,1,1,0,1,0,0,0,0
389510,ZA6,North West,ZA7,Gauteng,ZA640,Dr Kenneth Kaunda,ZA798,City of Johannesburg,2020-10-17,2020-10-18,3,3,3,733609.4894630422,221102.7902748901,47402,20201017,20201018,0.27505895171327793,0.6602340041700301,0.06470704411669191,0.5065976875287468,754431.0,0.2220629170143196,0.7299897648810346,0.047947318104645836,0.5097433964893054,5540727.0,-0.10069384057971015,0.38461538461538464,0.8818060606060606,1.0,1,1,1,0,1,0,0,0,0
389511,ZA5,KwaZulu-Natal,ZA2,Eastern Cape,ZA595,eThekwini,ZA215,O.R.Tambo,2020-10-17,2020-10-17,1,1,1,778750.8417902034,365070.3630584459,29173,20201017,20201017,0.2446364969883556,0.6990922562931536,0.05627124671849075,0.494610924976595,3587907.0,0.38804558548824664,0.5482866433400703,0.06366777117168307,0.4623163104135049,1358678.0,0.5666580406654343,0.9230769230769231,-0.23807536101083035,0.1346153846153846,1,1,1,0,1,0,0,0,0
389512,ZA3,Nothern Cape,ZA1,Western Cape,ZA307,Pixley ka Seme,ZA105,Central Karoo,2020-10-17,2020-10-17,5,5,5,7735102.413095498,920219.7676182508,53845,20201017,20201017,0.3060749448635213,0.6232332132979509,0.0706918418385278,0.5011842246002923,196331.0,0.29415328297801036,0.633639246216906,0.07220747080508365,0.4979247763656518,77582.0,0.1854655172413793,0.75,-0.12604477611940298,0.3269230769230769,1,1,1,0,1,0,0,0,0
389513,ZA5,KwaZulu-Natal,ZA5,KwaZulu-Natal,ZA529,iLembe,ZA522,Umgungundlovu,2020-10-17,2020-10-23,1,1,1,193049.6632628259,81781.02444294222,499664,20201017,20201023,0.32390440311621094,0.6202867780885334,0.05580881879525565,0.4827645772056803,636799.0,0.2748377359932372,0.663873035280183,0.06128922872657978,0.48236181888519014,1046905.0,-0.14951617873651774,0.28846153846153844,0.0061256544502617805,0.5769230769230769,1,1,1,0,1,0,0,0,0
389514,ZA8,Mpumalanga,ZA5,KwaZulu-Natal,ZA832,Ehlanzeni,ZA524,Umzinyathi,2020-10-17,2020-10-17,1,1,1,1179106.9723121847,531509.4174027264,29445,20201017,20201017,0.32438893780700045,0.6235217992770762,0.05208926291592337,0.47979089412028486,1837538.0,0.3952311253914291,0.5454951881678106,0.05927368644076033,0.451447242842509,514461.0,0.1315940928270042,0.7307692307692307,-0.28225945945945946,0.07692307692307693,1,1,1,0,1,0,0,0,0
389515,ZA7,Gauteng,ZA1,Western Cape,ZA798,City of Johannesburg,ZA104,Eden,2020-10-17,2020-10-17,2,2,2,3323273.370158004,2038479.6365165664,45232,20201017,20201017,0.2220629170143196,0.7299897648810346,0.047947318104645836,0.5097433964893054,5540727.0,0.24710205256745305,0.6628052101466374,0.09009273728590954,0.4993180863678119,673839.0,0.8818060606060606,1.0,0.0004522691705790296,0.5384615384615384,1,1,1,0,1,0,0,0,0
389516,ZA2,Eastern Cape,,,ZA210,Cacadu,,,2020-10-17,2020-10-17,3,3,3,110303.32437938606,5487.797311254622,14311,20201017,20201017,0.2618455236218228,0.6571170870354837,0.08103738934269357,0.4975242081945451,491156.0,,,,,,-0.01848062015503876,0.5,,,1,1,1,0,1,0,0,0,0
389517,ZA1,Western Cape,ZA1,Western Cape,ZA104,Eden,ZA102,Cape Winelands,2020-10-17,2020-10-18,2,2,2,509022.33125114144,256979.5528217199,99021,20201017,20201018,0.24710205256745305,0.6628052101466374,0.09009273728590954,0.4993180863678119,673839.0,0.24989252608235304,0.6902123420738123,0.059895131843834624,0.5011121214086944,909523.0,0.0004522691705790296,0.5384615384615384,-0.012388831437435367,0.5192307692307693,1,1,1,0,1,0,0,0,0
389518,ZA5,KwaZulu-Natal,ZA5,KwaZulu-Natal,ZA521,Ugu,ZA523,Uthukela,2020-10-17,2020-10-18,2,2,2,2539684.550316056,457599.07242628455,70899,20201017,20201018,0.32122674606698143,0.6016982741355622,0.07707497979745637,0.47391596021954596,714019.0,0.36014331224838336,0.5864396074090654,0.05341708034255123,0.46782833191779016,652282.0,-0.09480895915678524,0.40384615384615385,-0.19841226215644822,0.19230769230769232,1,1,1,0,1,0,0,0,0
389519,ZA5,KwaZulu-Natal,ZA3,Nothern Cape,ZA522,Umgungundlovu,ZA307,Pixley ka Seme,2020-10-17,2020-10-19,1,1,1,516758.8642806455,516724.9164572995,146464,20201017,20201019,0.2748377359932372,0.663873035280183,0.06128922872657978,0.48236181888519014,1046905.0,0.3060749448635213,0.6232332132979509,0.0706918418385278,0.5011842246002923,196331.0,0.0061256544502617805,0.5769230769230769,0.1854655172413793,0.75,1,1,1,0,1,0,0,0,0
389520,ZA7,Gauteng,ZA8,Mpumalanga,ZA798,City of Johannesburg,ZA830,Gert Sibande,2020-10-17,2020-10-21,1,1,1,117240.47040900053,117240.47040900053,331396,20201017,20201021,0.2220629170143196,0.7299897648810346,0.047947318104645836,0.5097433964893054,5540727.0,0.30688245639051287,0.6412288994160756,0.05188864419341153,0.49968312815881616,1136106.0,0.8818060606060606,1.0,-0.11248741610738255,0.36538461538461536,1,1,1,0,1,0,0,0,0
389521,ZA7,Gauteng,ZA6,North West,ZA799,City of Tshwane,ZA637,Bojanala,2020-10-17,2020-10-19,1,1,1,170724.45572406173,2950.297065476057,167102,20201017,20201019,0.22283079372412132,0.7204843127840075,0.056684893491871245,0.5057337597223363,3627986.0,0.25082919250139085,0.6903465537718604,0.05882425372674875,0.5380589003726469,1786678.0,0.48224212034383956,0.9038461538461539,0.07430676328502415,0.6538461538461539,1,1,1,0,1,0,0,0,0
389522,ZA1,Western Cape,,,ZA103,Overberg,,,2020-10-17,2020-10-17,3,3,3,3131696.340708422,248820.32780572385,39627,20201017,20201017,0.22836513904770692,0.6721314716747349,0.09950338927755827,0.511077351980676,303457.0,,,,,,0.051486772486772484,0.5961538461538461,,,1,1,1,0,1,0,0,0,0
389523,ZA6,North West,ZA1,Western Cape,ZA640,Dr Kenneth Kaunda,ZA101,West Coast,2020-10-17,2020-10-26,1,1,1,2676940.1016848083,29816.91711828364,777487,20201017,20201026,0.27505895171327793,0.6602340041700301,0.06470704411669191,0.5065976875287468,754431.0,0.24466466325617858,0.6852166396976793,0.0701186970461421,0.5060695297345649,497485.0,-0.10069384057971015,0.38461538461538464,-0.12079976303317536,0.34615384615384615,1,1,1,0,1,0,0,0,0
389524,ZA2,Eastern Cape,ZA2,Eastern Cape,ZA244,Alfred Nzo,ZA215,O.R.Tambo,2020-10-17,2020-10-18,2,2,2,147531.83384944964,73851.73173348233,80293,20201017,20201018,0.40782127157510134,0.5221222097470932,0.07005651867780548,0.4576553946475353,788235.0,0.38804558548824664,0.5482866433400703,0.06366777117168307,0.4623163104135049,1358678.0,-0.27396673320026615,0.11538461538461539,-0.23807536101083035,0.1346153846153846,1,1,1,0,1,0,0,0,0
389525,ZA7,Gauteng,ZA8,Mpumalanga,ZA799,City of Tshwane,ZA830,Gert Sibande,2020-10-17,2020-10-24,1,1,1,270228.3505139985,173070.17008196484,557820,20201017,20201024,0.22283079372412132,0.7204843127840075,0.056684893491871245,0.5057337597223363,3627986.0,0.30688245639051287,0.6412288994160756,0.05188864419341153,0.49968312815881616,1136106.0,0.48224212034383956,0.9038461538461539,-0.11248741610738255,0.36538461538461536,1,1,1,0,1,0,0,0,0
389526,ZA5,KwaZulu-Natal,ZA4,Free State,ZA522,Umgungundlovu,ZA420,Fezile Dabi,2020-10-17,2020-10-22,1,1,1,723934.4158991901,291442.34299923724,400825,20201017,20201022,0.2748377359932372,0.663873035280183,0.06128922872657978,0.48236181888519014,1046905.0,0.2705098118551487,0.6604572122193,0.06903297592555128,0.5050070807202104,494300.0,0.0061256544502617805,0.5769230769230769,0.2276555023923445,0.7884615384615384,1,1,1,0,1,0,0,0,0
389527,ZA5,KwaZulu-Natal,ZA5,KwaZulu-Natal,ZA527,Umkhanyakude,ZA529,iLembe,2020-10-17,2020-10-17,3,3,3,5129851.972070068,891473.34733998,74724,20201017,20201017,0.40017378652548197,0.5489306999026919,0.05089551357182606,0.4622270789873748,643318.0,0.32390440311621094,0.6202867780885334,0.05580881879525565,0.4827645772056803,636799.0,-0.31784377542717657,0.038461538461538464,-0.14951617873651774,0.28846153846153844,1,1,1,0,1,0,0,0,0
389528,ZA5,KwaZulu-Natal,ZA2,Eastern Cape,ZA543,Sisonke,ZA215,O.R.Tambo,2020-10-17,2020-10-25,1,1,1,284017.32267737825,132522.46632584537,701575,20201017,20201025,0.37293146983899067,0.5707096800166399,0.05635885014436937,0.4671305273563743,447117.0,0.38804558548824664,0.5482866433400703,0.06366777117168307,0.4623163104135049,1358678.0,-0.2112274881516588,0.17307692307692307,-0.23807536101083035,0.1346153846153846,1,1,1,0,1,0,0,0,0
389529,ZA2,Eastern Cape,ZA7,Gauteng,ZA215,O.R.Tambo,ZA797,Ekurhuleni,2020-10-17,2020-10-17,1,1,1,1508018.0702063718,630266.5178465975,4502,20201017,20201017,0.38804558548824664,0.5482866433400703,0.06366777117168307,0.4623163104135049,1358678.0,0.23296733680905687,0.7203157619169479,0.04671690127399521,0.5205474946472306,3739653.0,-0.23807536101083035,0.1346153846153846,0.7435109289617486,0.9615384615384616,1,1,1,0,1,0,0,0,0
389530,ZA4,Free State,ZA5,KwaZulu-Natal,ZA494,Mangaung,ZA595,eThekwini,2020-10-17,2020-10-20,1,1,1,1481675.078192566,500964.2915129723,224474,20201017,20201020,0.26262942751272955,0.6754982029249197,0.06187236956235082,0.4901411892511804,826621.0,0.2446364969883556,0.6990922562931536,0.05627124671849075,0.494610924976595,3587907.0,0.27329104477611943,0.8269230769230769,0.5666580406654343,0.9230769230769231,1,1,1,0,1,0,0,0,0
389531,ZA8,Mpumalanga,ZA7,Gauteng,ZA832,Ehlanzeni,ZA798,City of Johannesburg,2020-10-17,2020-10-18,3,3,3,2874012.6703099124,1240318.170501969,293122,20201017,20201018,0.32438893780700045,0.6235217992770762,0.05208926291592337,0.47979089412028486,1837538.0,0.2220629170143196,0.7299897648810346,0.047947318104645836,0.5097433964893054,5540727.0,0.1315940928270042,0.7307692307692307,0.8818060606060606,1.0,1,1,1,0,1,0,0,0,0
389532,ZA7,Gauteng,ZA8,Mpumalanga,ZA798,City of Johannesburg,ZA831,Nkangala,2020-10-17,2020-10-27,1,1,1,239100.48801176943,113045.26140231296,890723,20201017,20201027,0.2220629170143196,0.7299897648810346,0.047947318104645836,0.5097433964893054,5540727.0,0.27290691475673784,0.6711806877078121,0.055912397535449986,0.5109201270525474,1573837.0,0.8818060606060606,1.0,0.07867808219178082,0.6730769230769231,1,1,1,0,1,0,0,0,0
389533,ZA5,KwaZulu-Natal,ZA2,Eastern Cape,ZA543,Sisonke,ZA244,Alfred Nzo,2020-10-17,2020-10-18,1,1,1,56492.52538119993,28159.24540497442,32277,20201017,20201018,0.37293146983899067,0.5707096800166399,0.05635885014436937,0.4671305273563743,447117.0,0.40782127157510134,0.5221222097470932,0.07005651867780548,0.4576553946475353,788235.0,-0.2112274881516588,0.17307692307692307,-0.27396673320026615,0.11538461538461539,1,1,1,0,1,0,0,0,0
389534,ZA7,Gauteng,ZA1,Western Cape,ZA797,Ekurhuleni,ZA101,West Coast,2020-10-17,2020-10-17,2,2,2,3899562.8495196886,2634424.572352787,51936,20201017,20201017,0.23296733680905687,0.7203157619169479,0.04671690127399521,0.5205474946472306,3739653.0,0.24466466325617858,0.6852166396976793,0.0701186970461421,0.5060695297345649,497485.0,0.7435109289617486,0.9615384615384616,-0.12079976303317536,0.34615384615384615,1,1,1,0,1,0,0,0,0
389536,ZA8,Mpumalanga,ZA5,KwaZulu-Natal,ZA832,Ehlanzeni,ZA595,eThekwini,2020-10-17,2020-10-18,1,1,1,1051614.825811637,524206.2688434968,51597,20201017,20201018,0.32438893780700045,0.6235217992770762,0.05208926291592337,0.47979089412028486,1837538.0,0.2446364969883556,0.6990922562931536,0.05627124671849075,0.494610924976595,3587907.0,0.1315940928270042,0.7307692307692307,0.5666580406654343,0.9230769230769231,1,1,1,0,1,0,0,0,0
389537,ZA3,Nothern Cape,ZA2,Eastern Cape,ZA307,Pixley ka Seme,ZA213,Chris Hani,2020-10-17,2020-10-18,2,2,2,944829.7896746818,361437.9373947156,105637,20201017,20201018,0.3060749448635213,0.6232332132979509,0.0706918418385278,0.5011842246002923,196331.0,0.334940582305372,0.572656560540376,0.09240285715425203,0.478383232498069,752217.0,0.1854655172413793,0.75,-0.29251697892271666,0.057692307692307696,1,1,1,0,1,0,0,0,0
389538,ZA4,Free State,ZA2,Eastern Cape,ZA494,Mangaung,ZA214,Joe Gqabi,2020-10-17,2020-10-24,1,1,1,556550.471233854,184962.35607920671,553627,20201017,20201024,0.26262942751272955,0.6754982029249197,0.06187236956235082,0.4901411892511804,826621.0,0.3340471849013029,0.5799636495391386,0.08598916555955849,0.47733103958194023,339473.0,0.27329104477611943,0.8269230769230769,-0.1839776119402985,0.21153846153846154,1,1,1,0,1,0,0,0,0
389539,ZA1,Western Cape,ZA4,Free State,ZA101,West Coast,ZA494,Mangaung,2020-10-17,2020-10-17,1,1,1,1734924.38501361,1034790.7032927026,50816,20201017,20201017,0.24466466325617858,0.6852166396976793,0.0701186970461421,0.5060695297345649,497485.0,0.26262942751272955,0.6754982029249197,0.06187236956235082,0.4901411892511804,826621.0,-0.12079976303317536,0.34615384615384615,0.27329104477611943,0.8269230769230769,1,1,1,0,1,0,0,0,0
389540,ZA1,Western Cape,ZA5,KwaZulu-Natal,ZA191,City of Cape Town,ZA523,Uthukela,2020-10-17,2020-10-17,1,1,1,2406580.7199315047,1203290.3599657523,3192,20201017,20201017,0.23849582985172932,0.697186217784503,0.06431795236376775,0.4976008771049945,4436413.0,0.36014331224838336,0.5864396074090654,0.05341708034255123,0.46782833191779016,652282.0,0.7687640750670242,0.9807692307692307,-0.19841226215644822,0.19230769230769232,1,1,1,0,1,0,0,0,0
389541,ZA5,KwaZulu-Natal,ZA8,Mpumalanga,ZA526,Zululand,ZA831,Nkangala,2020-10-17,2020-10-18,1,1,1,840706.1561996064,332078.6078279028,65411,20201017,20201018,0.392497537624586,0.5542130860581069,0.053289376317307055,0.4651401640222711,783796.0,0.27290691475673784,0.6711806877078121,0.055912397535449986,0.5109201270525474,1573837.0,-0.2762355212355212,0.09615384615384616,0.07867808219178082,0.6730769230769231,1,1,1,0,1,0,0,0,0
389542,ZA4,Free State,ZA7,Gauteng,ZA419,Thabo Mofutsanyane,ZA798,City of Johannesburg,2020-10-17,2020-10-18,2,2,2,939984.67769177,627145.6350090195,166714,20201017,20201018,0.31143326559338835,0.6251823622683981,0.06338437213821363,0.47028720831466336,662829.0,0.2220629170143196,0.7299897648810346,0.047947318104645836,0.5097433964893054,5540727.0,0.10770218579234972,0.7115384615384616,0.8818060606060606,1.0,1,1,1,0,1,0,0,0,0
389543,ZA5,KwaZulu-Natal,ZA7,Gauteng,ZA595,eThekwini,ZA742,Sedibeng,2020-10-17,2020-10-17,2,2,2,1830271.0367507893,956688.0492634207,56939,20201017,20201017,0.2446364969883556,0.6990922562931536,0.05627124671849075,0.494610924976595,3587907.0,0.24393339879416723,0.6953819961266214,0.06068460507921129,0.5059130831550246,994997.0,0.5666580406654343,0.9230769230769231,0.2808379746835443,0.8461538461538461,1,1,1,0,1,0,0,0,0
389544,ZA9,Limpopo,ZA7,Gauteng,ZA934,Vhembe,ZA799,City of Tshwane,2020-10-17,2020-10-17,1,1,1,848335.1257677777,354951.3727901357,16800,20201017,20201017,0.3433867460978093,0.5887604530714541,0.06785280083073665,0.4597374214109392,1325089.0,0.22283079372412132,0.7204843127840075,0.056684893491871245,0.5057337597223363,3627986.0,-0.0767829596412556,0.4230769230769231,0.48224212034383956,0.9038461538461539,1,1,1,0,1,0,0,0,0
389545,ZA7,Gauteng,ZA6,North West,ZA798,City of Johannesburg,ZA640,Dr Kenneth Kaunda,2020-10-17,2020-10-18,1,1,1,230885.5119485531,90091.81482480674,16607,20201017,20201018,0.2220629170143196,0.7299897648810346,0.047947318104645836,0.5097433964893054,5540727.0,0.27505895171327793,0.6602340041700301,0.06470704411669191,0.5065976875287468,754431.0,0.8818060606060606,1.0,-0.10069384057971015,0.38461538461538464,1,1,1,0,1,0,0,0,0
389546,ZA2,Eastern Cape,ZA5,KwaZulu-Natal,ZA215,O.R.Tambo,ZA543,Sisonke,2020-10-17,2020-10-17,3,3,3,736849.6780578778,201955.4897089009,25865,20201017,20201017,0.38804558548824664,0.5482866433400703,0.06366777117168307,0.4623163104135049,1358678.0,0.37293146983899067,0.5707096800166399,0.05635885014436937,0.4671305273563743,447117.0,-0.23807536101083035,0.1346153846153846,-0.2112274881516588,0.17307692307692307,1,1,1,0,1,0,0,0,0
389547,ZA1,Western Cape,ZA1,Western Cape,ZA101,West Coast,ZA103,Overberg,2020-10-17,2020-10-18,1,1,1,495862.3280222472,197697.1701677738,66471,20201017,20201018,0.24466466325617858,0.6852166396976793,0.0701186970461421,0.5060695297345649,497485.0,0.22836513904770692,0.6721314716747349,0.09950338927755827,0.511077351980676,303457.0,-0.12079976303317536,0.34615384615384615,0.051486772486772484,0.5961538461538461,1,1,1,0,1,0,0,0,0
389548,ZA4,Free State,ZA8,Mpumalanga,ZA418,Lejweleputswa,ZA831,Nkangala,2020-10-17,2020-10-17,1,1,1,781957.2156677126,354767.8892151836,18029,20201017,20201017,0.27941650281351393,0.6617931601395349,0.058790337046951115,0.500105365269169,574193.0,0.27290691475673784,0.6711806877078121,0.055912397535449986,0.5109201270525474,1573837.0,0.29495049504950493,0.8653846153846154,0.07867808219178082,0.6730769230769231,1,1,1,0,1,0,0,0,0
389549,ZA8,Mpumalanga,ZA3,Nothern Cape,ZA831,Nkangala,ZA309,Frances Baard,2020-10-17,2020-10-17,1,1,1,590966.7272545736,588106.391155612,4474,20201017,20201017,0.27290691475673784,0.6711806877078121,0.055912397535449986,0.5109201270525474,1573837.0,0.2860169290028057,0.6497360787483951,0.06424699224879928,0.49189928194398214,420580.0,0.07867808219178082,0.6730769230769231,0.29907801418439717,0.8846153846153846,1,1,1,0,1,0,0,0,0
389550,ZA1,Western Cape,ZA2,Eastern Cape,ZA104,Eden,ZA293,Nelson Mandela Bay,2020-10-17,2020-10-20,1,1,1,733509.9551619812,287931.3035216441,244363,20201017,20201020,0.24710205256745305,0.6628052101466374,0.09009273728590954,0.4993180863678119,673839.0,0.2465186661259611,0.6842154879637478,0.0692658459102911,0.4877654529777138,1230491.0,0.0004522691705790296,0.5384615384615384,0.5740514018691588,0.9423076923076923,1,1,1,0,1,0,0,0,0
389551,ZA8,Mpumalanga,ZA9,Limpopo,ZA831,Nkangala,ZA947,Sekhukhune,2020-10-17,2020-10-31,1,1,1,196364.96938235412,196364.96938235412,1187108,20201017,20201031,0.27290691475673784,0.6711806877078121,0.055912397535449986,0.5109201270525474,1573837.0,0.3536917516859454,0.5707075150199985,0.07560073329405607,0.46486328935523974,1125333.0,0.07867808219178082,0.6730769230769231,-0.06015677966101695,0.4423076923076923,1,1,1,0,1,0,0,0,0
389552,ZA5,KwaZulu-Natal,ZA5,KwaZulu-Natal,ZA525,Amajuba,ZA523,Uthukela,2020-10-17,2020-10-17,4,4,4,781566.2733356613,619154.539389032,18837,20201017,20201017,0.3311353387795859,0.6144200377537888,0.05444462346662529,0.48045773982507545,502731.0,0.36014331224838336,0.5864396074090654,0.05341708034255123,0.46782833191779016,652282.0,-0.16864155251141552,0.25,-0.19841226215644822,0.19230769230769232,1,1,1,0,1,0,0,0,0
389553,ZA5,KwaZulu-Natal,ZA6,North West,ZA526,Zululand,ZA640,Dr Kenneth Kaunda,2020-10-17,2020-10-17,1,1,1,1028672.7160914796,490250.7824521144,23721,20201017,20201017,0.392497537624586,0.5542130860581069,0.053289376317307055,0.4651401640222711,783796.0,0.27505895171327793,0.6602340041700301,0.06470704411669191,0.5065976875287468,754431.0,-0.2762355212355212,0.09615384615384616,-0.10069384057971015,0.38461538461538464,1,1,1,0,1,0,0,0,0
389554,ZA7,Gauteng,ZA8,Mpumalanga,ZA797,Ekurhuleni,ZA830,Gert Sibande,2020-10-17,2020-10-19,1,1,1,219612.82046939543,98452.31866344385,187677,20201017,20201019,0.23296733680905687,0.7203157619169479,0.04671690127399521,0.5205474946472306,3739653.0,0.30688245639051287,0.6412288994160756,0.05188864419341153,0.49968312815881616,1136106.0,0.7435109289617486,0.9615384615384616,-0.11248741610738255,0.36538461538461536,1,1,1,0,1,0,0,0,0
389555,ZA5,KwaZulu-Natal,ZA5,KwaZulu-Natal,ZA529,iLembe,ZA526,Zululand,2020-10-17,2020-10-17,2,2,2,558306.3179788725,372712.9401698491,38923,20201017,20201017,0.32390440311621094,0.6202867780885334,0.05580881879525565,0.4827645772056803,636799.0,0.392497537624586,0.5542130860581069,0.053289376317307055,0.4651401640222711,783796.0,-0.14951617873651774,0.28846153846153844,-0.2762355212355212,0.09615384615384616,1,1,1,0,1,0,0,0,0
389556,ZA7,Gauteng,ZA3,Nothern Cape,ZA742,Sedibeng,ZA309,Frances Baard,2020-10-17,2020-10-17,1,1,1,906356.8698325044,449491.51789029967,27566,20201017,20201017,0.24393339879416723,0.6953819961266214,0.06068460507921129,0.5059130831550246,994997.0,0.2860169290028057,0.6497360787483951,0.06424699224879928,0.49189928194398214,420580.0,0.2808379746835443,0.8461538461538461,0.29907801418439717,0.8846153846153846,1,1,1,0,1,0,0,0,0
389557,ZA8,Mpumalanga,ZA7,Gauteng,ZA831,Nkangala,ZA797,Ekurhuleni,2020-10-17,2020-10-19,1,1,1,642589.55914187,145146.93992492856,180582,20201017,20201019,0.27290691475673784,0.6711806877078121,0.055912397535449986,0.5109201270525474,1573837.0,0.23296733680905687,0.7203157619169479,0.04671690127399521,0.5205474946472306,3739653.0,0.07867808219178082,0.6730769230769231,0.7435109289617486,0.9615384615384616,1,1,1,0,1,0,0,0,0
389558,ZA5,KwaZulu-Natal,ZA8,Mpumalanga,ZA595,eThekwini,ZA831,Nkangala,2020-10-17,2020-10-18,1,1,1,1259642.4980362365,674507.8921252373,78752,20201017,20201018,0.2446364969883556,0.6990922562931536,0.05627124671849075,0.494610924976595,3587907.0,0.27290691475673784,0.6711806877078121,0.055912397535449986,0.5109201270525474,1573837.0,0.5666580406654343,0.9230769230769231,0.07867808219178082,0.6730769230769231,1,1,1,0,1,0,0,0,0
389559,ZA5,KwaZulu-Natal,,,ZA529,iLembe,,,2020-10-17,2020-10-17,1,1,1,3405.411027859785,1702.7055139298925,60189,20201017,20201017,0.32390440311621094,0.6202867780885334,0.05580881879525565,0.4827645772056803,636799.0,,,,,,-0.14951617873651774,0.28846153846153844,,,1,1,1,0,1,0,0,0,0
389560,ZA9,Limpopo,ZA8,Mpumalanga,ZA947,Sekhukhune,ZA832,Ehlanzeni,2020-10-17,2020-10-19,1,1,1,453437.42123784136,204372.7799235417,177816,20201017,20201019,0.3536917516859454,0.5707075150199985,0.07560073329405607,0.46486328935523974,1125333.0,0.32438893780700045,0.6235217992770762,0.05208926291592337,0.47979089412028486,1837538.0,-0.06015677966101695,0.4423076923076923,0.1315940928270042,0.7307692307692307,1,1,1,0,1,0,0,0,0
389561,ZA6,North West,ZA8,Mpumalanga,ZA640,Dr Kenneth Kaunda,ZA831,Nkangala,2020-10-17,2020-10-17,1,1,1,1467743.2225766988,338114.05330888374,16807,20201017,20201017,0.27505895171327793,0.6602340041700301,0.06470704411669191,0.5065976875287468,754431.0,0.27290691475673784,0.6711806877078121,0.055912397535449986,0.5109201270525474,1573837.0,-0.10069384057971015,0.38461538461538464,0.07867808219178082,0.6730769230769231,1,1,1,0,1,0,0,0,0
389562,ZA7,Gauteng,ZA4,Free State,ZA742,Sedibeng,ZA418,Lejweleputswa,2020-10-17,2020-10-17,3,3,3,1198061.231147177,508241.9159886278,64110,20201017,20201017,0.24393339879416723,0.6953819961266214,0.06068460507921129,0.5059130831550246,994997.0,0.27941650281351393,0.6617931601395349,0.058790337046951115,0.500105365269169,574193.0,0.2808379746835443,0.8461538461538461,0.29495049504950493,0.8653846153846154,1,1,1,0,1,0,0,0,0
389563,ZA5,KwaZulu-Natal,ZA7,Gauteng,ZA521,Ugu,ZA798,City of Johannesburg,2020-10-17,2020-10-31,1,1,1,555154.9367500735,554539.8099625215,1137994,20201017,20201031,0.32122674606698143,0.6016982741355622,0.07707497979745637,0.47391596021954596,714019.0,0.2220629170143196,0.7299897648810346,0.047947318104645836,0.5097433964893054,5540727.0,-0.09480895915678524,0.40384615384615385,0.8818060606060606,1.0,1,1,1,0,1,0,0,0,0
389564,ZA4,Free State,ZA7,Gauteng,ZA494,Mangaung,ZA797,Ekurhuleni,2020-10-17,2020-10-18,1,1,1,3574837.355545448,383300.2158722886,18545,20201017,20201018,0.26262942751272955,0.6754982029249197,0.06187236956235082,0.4901411892511804,826621.0,0.23296733680905687,0.7203157619169479,0.04671690127399521,0.5205474946472306,3739653.0,0.27329104477611943,0.8269230769230769,0.7435109289617486,0.9615384615384616,1,1,1,0,1,0,0,0,0
389565,ZA5,KwaZulu-Natal,ZA5,KwaZulu-Natal,ZA528,Uthungulu,ZA525,Amajuba,2020-10-17,2020-10-17,1,1,1,233902.63831956117,212159.62349765265,51205,20201017,20201017,0.3398562749304085,0.6096443299200878,0.05049939514950375,0.4759701217345943,889476.0,0.3311353387795859,0.6144200377537888,0.05444462346662529,0.48045773982507545,502731.0,-0.2202014106583072,0.15384615384615385,-0.16864155251141552,0.25,1,1,1,0,1,0,0,0,0
389566,ZA7,Gauteng,ZA9,Limpopo,ZA799,City of Tshwane,ZA933,Mopani,2020-10-17,2020-10-31,1,1,1,424126.6140508958,332221.8064260187,1188822,20201017,20201031,0.22283079372412132,0.7204843127840075,0.056684893491871245,0.5057337597223363,3627986.0,0.3329418650827259,0.6026296126910996,0.06442852222617454,0.46142626187343905,1062666.0,0.48224212034383956,0.9038461538461539,-0.037928345626975765,0.4807692307692308,1,1,1,0,1,0,0,0,0
389567,ZA6,North West,ZA3,Nothern Cape,ZA639,Dr Ruth Segomotsi Mompati,ZA309,Frances Baard,2020-10-17,2020-10-18,1,1,1,60452.76505101335,25316.94969194821,12985,20201017,20201018,0.3412335579082451,0.5850872971649528,0.07367914492680208,0.4911837461796937,473784.0,0.2860169290028057,0.6497360787483951,0.06424699224879928,0.49189928194398214,420580.0,-0.16626678765880218,0.2692307692307692,0.29907801418439717,0.8846153846153846,1,1,1,0,1,0,0,0,0
389568,ZA5,KwaZulu-Natal,ZA4,Free State,ZA522,Umgungundlovu,ZA419,Thabo Mofutsanyane,2020-10-17,2020-10-18,1,1,1,843851.5205345574,240188.08885689825,73839,20201017,20201018,0.2748377359932372,0.663873035280183,0.06128922872657978,0.48236181888519014,1046905.0,0.31143326559338835,0.6251823622683981,0.06338437213821363,0.47028720831466336,662829.0,0.0061256544502617805,0.5769230769230769,0.10770218579234972,0.7115384615384616,1,1,1,0,1,0,0,0,0
389569,ZA6,North West,ZA1,Western Cape,ZA637,Bojanala,ZA102,Cape Winelands,2020-10-17,2020-10-26,1,1,1,1389552.2502748491,1245354.354294533,772639,20201017,20201026,0.25082919250139085,0.6903465537718604,0.05882425372674875,0.5380589003726469,1786678.0,0.24989252608235304,0.6902123420738123,0.059895131843834624,0.5011121214086944,909523.0,0.07430676328502415,0.6538461538461539,-0.012388831437435367,0.5192307692307693,1,1,1,0,1,0,0,0,0
389570,ZA8,Mpumalanga,ZA5,KwaZulu-Natal,ZA831,Nkangala,ZA528,Uthungulu,2020-10-17,2020-10-17,1,1,1,969720.7528970342,518378.296430282,44740,20201017,20201017,0.27290691475673784,0.6711806877078121,0.055912397535449986,0.5109201270525474,1573837.0,0.3398562749304085,0.6096443299200878,0.05049939514950375,0.4759701217345943,889476.0,0.07867808219178082,0.6730769230769231,-0.2202014106583072,0.15384615384615385,1,1,1,0,1,0,0,0,0
389571,ZA2,Eastern Cape,ZA2,Eastern Cape,ZA293,Nelson Mandela Bay,ZA293,Nelson Mandela Bay,2020-10-17,2020-10-21,1,1,1,22215.85320348797,2873.088416154541,373140,20201017,20201021,0.2465186661259611,0.6842154879637478,0.0692658459102911,0.4877654529777138,1230491.0,0.2465186661259611,0.6842154879637478,0.0692658459102911,0.4877654529777138,1230491.0,0.5740514018691588,0.9423076923076923,0.5740514018691588,0.9423076923076923,1,1,1,0,1,0,0,0,0
389572,ZA8,Mpumalanga,ZA8,Mpumalanga,ZA832,Ehlanzeni,ZA831,Nkangala,2020-10-17,2020-10-20,1,1,1,310897.74567504367,129452.18124621084,218198,20201017,20201020,0.32438893780700045,0.6235217992770762,0.05208926291592337,0.47979089412028486,1837538.0,0.27290691475673784,0.6711806877078121,0.055912397535449986,0.5109201270525474,1573837.0,0.1315940928270042,0.7307692307692307,0.07867808219178082,0.6730769230769231,1,1,1,0,1,0,0,0,0
389573,ZA7,Gauteng,ZA2,Eastern Cape,ZA799,City of Tshwane,ZA292,Buffalo City,2020-10-17,2020-10-17,2,2,2,3243359.554111086,1605614.106243265,26922,20201017,20201017,0.22283079372412132,0.7204843127840075,0.056684893491871245,0.5057337597223363,3627986.0,0.254980022080858,0.6758306608485358,0.06918931707060617,0.48177934914042375,760840.0,0.48224212034383956,0.9038461538461539,0.09585175879396986,0.6923076923076923,1,1,1,0,1,0,0,0,0
389574,ZA7,Gauteng,ZA6,North West,ZA797,Ekurhuleni,ZA637,Bojanala,2020-10-17,2020-10-30,1,1,1,244791.36847409143,92510.2713671944,1124353,20201017,20201030,0.23296733680905687,0.7203157619169479,0.04671690127399521,0.5205474946472306,3739653.0,0.25082919250139085,0.6903465537718604,0.05882425372674875,0.5380589003726469,1786678.0,0.7435109289617486,0.9615384615384616,0.07430676328502415,0.6538461538461539,1,1,1,0,1,0,0,0,0
389575,ZA7,Gauteng,ZA4,Free State,ZA798,City of Johannesburg,ZA420,Fezile Dabi,2020-10-17,2020-10-18,2,2,2,357669.8600286703,149550.73661738465,47291,20201017,20201018,0.2220629170143196,0.7299897648810346,0.047947318104645836,0.5097433964893054,5540727.0,0.2705098118551487,0.6604572122193,0.06903297592555128,0.5050070807202104,494300.0,0.8818060606060606,1.0,0.2276555023923445,0.7884615384615384,1,1,1,0,1,0,0,0,0
389576,ZA3,Nothern Cape,ZA7,Gauteng,ZA308,Z F Mgcawu,ZA799,City of Tshwane,2020-10-17,2020-10-18,1,1,1,1697707.4144580243,889890.2805163623,65539,20201017,20201018,0.27601757542529287,0.6641943181028425,0.059788106471864645,0.5142626583989065,258998.0,0.22283079372412132,0.7204843127840075,0.056684893491871245,0.5057337597223363,3627986.0,-0.04016603773584906,0.46153846153846156,0.48224212034383956,0.9038461538461539,1,1,1,0,1,0,0,0,0
389577,ZA1,Western Cape,ZA8,Mpumalanga,ZA191,City of Cape Town,ZA830,Gert Sibande,2020-10-17,2020-10-19,1,1,1,2971628.5243826844,1332618.6894220908,192041,20201017,20201019,0.23849582985172932,0.697186217784503,0.06431795236376775,0.4976008771049945,4436413.0,0.30688245639051287,0.6412288994160756,0.05188864419341153,0.49968312815881616,1136106.0,0.7687640750670242,0.9807692307692307,-0.11248741610738255,0.36538461538461536,1,1,1,0,1,0,0,0,0
389578,ZA7,Gauteng,ZA6,North West,ZA798,City of Johannesburg,ZA638,Ngaka Modiri Molema,2020-10-17,2020-10-19,1,1,1,506181.647561069,249243.1725254912,238800,20201017,20201019,0.2220629170143196,0.7299897648810346,0.047947318104645836,0.5097433964893054,5540727.0,0.3236353449196357,0.6078801705223251,0.06848448455803925,0.4964769205863341,870971.0,0.8818060606060606,1.0,-0.18344824707846413,0.23076923076923078,1,1,1,0,1,0,0,0,0
389579,ZA5,KwaZulu-Natal,ZA4,Free State,ZA521,Ugu,ZA419,Thabo Mofutsanyane,2020-10-17,2020-10-17,2,2,2,1901115.9065380944,1121308.639226691,67114,20201017,20201017,0.32122674606698143,0.6016982741355622,0.07707497979745637,0.47391596021954596,714019.0,0.31143326559338835,0.6251823622683981,0.06338437213821363,0.47028720831466336,662829.0,-0.09480895915678524,0.40384615384615385,0.10770218579234972,0.7115384615384616,1,1,1,0,1,0,0,0,0
389580,ZA1,Western Cape,ZA7,Gauteng,ZA191,City of Cape Town,ZA797,Ekurhuleni,2020-10-17,2020-10-23,2,2,2,3831704.841491099,2535089.679703892,946878,20201017,20201023,0.23849582985172932,0.697186217784503,0.06431795236376775,0.4976008771049945,4436413.0,0.23296733680905687,0.7203157619169479,0.04671690127399521,0.5205474946472306,3739653.0,0.7687640750670242,0.9807692307692307,0.7435109289617486,0.9615384615384616,1,1,1,0,1,0,0,0,0
389581,ZA8,Mpumalanga,ZA3,Nothern Cape,ZA831,Nkangala,ZA309,Frances Baard,2020-10-17,2020-10-18,1,1,1,773520.3050290737,503876.0478417475,28554,20201017,20201018,0.27290691475673784,0.6711806877078121,0.055912397535449986,0.5109201270525474,1573837.0,0.2860169290028057,0.6497360787483951,0.06424699224879928,0.49189928194398214,420580.0,0.07867808219178082,0.6730769230769231,0.29907801418439717,0.8846153846153846,1,1,1,0,1,0,0,0,0
389582,ZA5,KwaZulu-Natal,ZA5,KwaZulu-Natal,ZA523,Uthukela,ZA525,Amajuba,2020-10-17,2020-10-17,3,3,3,425893.32783294434,248645.84488418716,40145,20201017,20201017,0.36014331224838336,0.5864396074090654,0.05341708034255123,0.46782833191779016,652282.0,0.3311353387795859,0.6144200377537888,0.05444462346662529,0.48045773982507545,502731.0,-0.19841226215644822,0.19230769230769232,-0.16864155251141552,0.25,1,1,1,0,1,0,0,0,0
389583,ZA7,Gauteng,ZA6,North West,ZA797,Ekurhuleni,ZA637,Bojanala,2020-10-17,2020-10-23,1,1,1,255604.60337230025,105080.085091971,534334,20201017,20201023,0.23296733680905687,0.7203157619169479,0.04671690127399521,0.5205474946472306,3739653.0,0.25082919250139085,0.6903465537718604,0.05882425372674875,0.5380589003726469,1786678.0,0.7435109289617486,0.9615384615384616,0.07430676328502415,0.6538461538461539,1,1,1,0,1,0,0,0,0
389584,ZA1,Western Cape,ZA1,Western Cape,ZA103,Overberg,ZA104,Eden,2020-10-17,2020-10-18,1,1,1,767455.7432141037,157591.42869612834,78278,20201017,20201018,0.22836513904770692,0.6721314716747349,0.09950338927755827,0.511077351980676,303457.0,0.24710205256745305,0.6628052101466374,0.09009273728590954,0.4993180863678119,673839.0,0.051486772486772484,0.5961538461538461,0.0004522691705790296,0.5384615384615384,1,1,1,0,1,0,0,0,0
389585,ZA6,North West,ZA8,Mpumalanga,ZA640,Dr Kenneth Kaunda,ZA830,Gert Sibande,2020-10-17,2020-10-17,1,1,1,499386.8161294247,212264.14211161828,15178,20201017,20201017,0.27505895171327793,0.6602340041700301,0.06470704411669191,0.5065976875287468,754431.0,0.30688245639051287,0.6412288994160756,0.05188864419341153,0.49968312815881616,1136106.0,-0.10069384057971015,0.38461538461538464,-0.11248741610738255,0.36538461538461536,1,1,1,0,1,0,0,0,0
389586,ZA1,Western Cape,ZA2,Eastern Cape,ZA103,Overberg,ZA293,Nelson Mandela Bay,2020-10-17,2020-10-17,1,1,1,1254267.3099474804,562450.6071862279,24411,20201017,20201017,0.22836513904770692,0.6721314716747349,0.09950338927755827,0.511077351980676,303457.0,0.2465186661259611,0.6842154879637478,0.0692658459102911,0.4877654529777138,1230491.0,0.051486772486772484,0.5961538461538461,0.5740514018691588,0.9423076923076923,1,1,1,0,1,0,0,0,0
389587,ZA4,Free State,ZA3,Nothern Cape,ZA416,Xhariep,ZA309,Frances Baard,2020-10-17,2020-10-18,1,1,1,100578.74463772836,43356.2702337823,60016,20201017,20201018,0.29515218562959183,0.6325513667867511,0.07229644758365718,0.5005153225730198,105759.0,0.2860169290028057,0.6497360787483951,0.06424699224879928,0.49189928194398214,420580.0,0.18671264367816093,0.7692307692307693,0.29907801418439717,0.8846153846153846,1,1,1,0,1,0,0,0,0
389588,ZA1,Western Cape,ZA1,Western Cape,ZA105,Central Karoo,ZA101,West Coast,2020-10-17,2020-10-17,2,2,2,2383919.103883722,1581470.726036713,104802,20201017,20201017,0.29415328297801036,0.633639246216906,0.07220747080508365,0.4979247763656518,77582.0,0.24466466325617858,0.6852166396976793,0.0701186970461421,0.5060695297345649,497485.0,-0.12604477611940298,0.3269230769230769,-0.12079976303317536,0.34615384615384615,1,1,1,0,1,0,0,0,0
389589,ZA8,Mpumalanga,ZA1,Western Cape,ZA832,Ehlanzeni,ZA191,City of Cape Town,2020-10-17,2020-10-29,1,1,1,1633673.445415714,1623021.5039319634,1046502,20201017,20201029,0.32438893780700045,0.6235217992770762,0.05208926291592337,0.47979089412028486,1837538.0,0.23849582985172932,0.697186217784503,0.06431795236376775,0.4976008771049945,4436413.0,0.1315940928270042,0.7307692307692307,0.7687640750670242,0.9807692307692307,1,1,1,0,1,0,0,0,0
389590,ZA9,Limpopo,ZA7,Gauteng,ZA933,Mopani,ZA799,City of Tshwane,2020-10-17,2020-10-29,1,1,1,536629.7875606975,257008.1384231293,1035314,20201017,20201029,0.3329418650827259,0.6026296126910996,0.06442852222617454,0.46142626187343905,1062666.0,0.22283079372412132,0.7204843127840075,0.056684893491871245,0.5057337597223363,3627986.0,-0.037928345626975765,0.4807692307692308,0.48224212034383956,0.9038461538461539,1,1,1,0,1,0,0,0,0
389591,ZA3,Nothern Cape,ZA3,Nothern Cape,ZA345,John Taolo Gaetsewe,ZA345,John Taolo Gaetsewe,2020-10-17,2020-10-20,1,1,1,2465730.2520647063,134480.73100043475,285171,20201017,20201020,0.31986957060536586,0.628082594956317,0.05204783443831712,0.4959027820806741,258224.0,0.31986957060536586,0.628082594956317,0.05204783443831712,0.4959027820806741,258224.0,-0.13480926430517712,0.3076923076923077,-0.13480926430517712,0.3076923076923077,1,1,1,0,1,0,0,0,0
389592,ZA4,Free State,ZA7,Gauteng,ZA420,Fezile Dabi,ZA797,Ekurhuleni,2020-10-17,2020-10-24,1,1,1,290559.711929122,101706.14329814597,551756,20201017,20201024,0.2705098118551487,0.6604572122193,0.06903297592555128,0.5050070807202104,494300.0,0.23296733680905687,0.7203157619169479,0.04671690127399521,0.5205474946472306,3739653.0,0.2276555023923445,0.7884615384615384,0.7435109289617486,0.9615384615384616,1,1,1,0,1,0,0,0,0
389593,ZA7,Gauteng,ZA1,Western Cape,ZA798,City of Johannesburg,ZA191,City of Cape Town,2020-10-17,2020-10-18,1,1,1,1232346.1429871158,1232346.1429871158,80741,20201017,20201018,0.2220629170143196,0.7299897648810346,0.047947318104645836,0.5097433964893054,5540727.0,0.23849582985172932,0.697186217784503,0.06431795236376775,0.4976008771049945,4436413.0,0.8818060606060606,1.0,0.7687640750670242,0.9807692307692307,1,1,1,0,1,0,0,0,0
389594,ZA7,Gauteng,ZA8,Mpumalanga,ZA799,City of Tshwane,ZA831,Nkangala,2020-10-17,2020-10-21,1,1,1,371196.17984780046,115159.10525078888,295135,20201017,20201021,0.22283079372412132,0.7204843127840075,0.056684893491871245,0.5057337597223363,3627986.0,0.27290691475673784,0.6711806877078121,0.055912397535449986,0.5109201270525474,1573837.0,0.48224212034383956,0.9038461538461539,0.07867808219178082,0.6730769230769231,1,1,1,0,1,0,0,0,0
389595,ZA1,Western Cape,ZA1,Western Cape,ZA105,Central Karoo,ZA104,Eden,2020-10-17,2020-10-22,1,1,1,376890.0956148972,178396.8539091095,365359,20201017,20201022,0.29415328297801036,0.633639246216906,0.07220747080508365,0.4979247763656518,77582.0,0.24710205256745305,0.6628052101466374,0.09009273728590954,0.4993180863678119,673839.0,-0.12604477611940298,0.3269230769230769,0.0004522691705790296,0.5384615384615384,1,1,1,0,1,0,0,0,0
389596,ZA7,Gauteng,ZA9,Limpopo,ZA798,City of Johannesburg,ZA936,Waterberg,2020-10-17,2020-10-23,1,1,1,169975.7685255436,169315.64246196047,550422,20201017,20201023,0.2220629170143196,0.7299897648810346,0.047947318104645836,0.5097433964893054,5540727.0,0.2870915348782833,0.6477210572390478,0.06518740788266879,0.5138960603357211,718513.0,0.8818060606060606,1.0,0.00236898395721925,0.5576923076923077,1,1,1,0,1,0,0,0,0
389597,ZA4,Free State,ZA4,Free State,ZA494,Mangaung,ZA494,Mangaung,2020-10-17,2020-10-20,1,1,1,456261.1583663629,1938.9858925052577,242526,20201017,20201020,0.26262942751272955,0.6754982029249197,0.06187236956235082,0.4901411892511804,826621.0,0.26262942751272955,0.6754982029249197,0.06187236956235082,0.4901411892511804,826621.0,0.27329104477611943,0.8269230769230769,0.27329104477611943,0.8269230769230769,1,1,1,0,1,0,0,0,0
389598,ZA7,Gauteng,ZA8,Mpumalanga,ZA797,Ekurhuleni,ZA830,Gert Sibande,2020-10-17,2020-10-18,1,1,1,3402433.551856976,123258.91506156944,7642,20201017,20201018,0.23296733680905687,0.7203157619169479,0.04671690127399521,0.5205474946472306,3739653.0,0.30688245639051287,0.6412288994160756,0.05188864419341153,0.49968312815881616,1136106.0,0.7435109289617486,0.9615384615384616,-0.11248741610738255,0.36538461538461536,1,1,1,0,1,0,0,0,0
389599,ZA9,Limpopo,ZA8,Mpumalanga,ZA947,Sekhukhune,ZA832,Ehlanzeni,2020-10-17,2020-10-18,5,5,5,559033.4169105407,309644.1647924642,100467,20201017,20201018,0.3536917516859454,0.5707075150199985,0.07560073329405607,0.46486328935523974,1125333.0,0.32438893780700045,0.6235217992770762,0.05208926291592337,0.47979089412028486,1837538.0,-0.06015677966101695,0.4423076923076923,0.1315940928270042,0.7307692307692307,1,1,1,0,1,0,0,0,0
389600,ZA5,KwaZulu-Natal,ZA5,KwaZulu-Natal,ZA595,eThekwini,ZA529,iLembe,2020-10-17,2020-10-31,1,1,1,89472.07823716155,89472.07823716155,1200464,20201017,20201031,0.2446364969883556,0.6990922562931536,0.05627124671849075,0.494610924976595,3587907.0,0.32390440311621094,0.6202867780885334,0.05580881879525565,0.4827645772056803,636799.0,0.5666580406654343,0.9230769230769231,-0.14951617873651774,0.28846153846153844,1,1,1,0,1,0,0,0,0
389601,ZA4,Free State,ZA4,Free State,ZA494,Mangaung,ZA418,Lejweleputswa,2020-10-17,2020-10-21,2,2,2,650227.0021369839,241401.00399892876,649343,20201017,20201021,0.26262942751272955,0.6754982029249197,0.06187236956235082,0.4901411892511804,826621.0,0.27941650281351393,0.6617931601395349,0.058790337046951115,0.500105365269169,574193.0,0.27329104477611943,0.8269230769230769,0.29495049504950493,0.8653846153846154,1,1,1,0,1,0,0,0,0
389602,ZA7,Gauteng,ZA3,Nothern Cape,ZA797,Ekurhuleni,ZA307,Pixley ka Seme,2020-10-17,2020-10-21,1,1,1,4306091.088807265,817692.3435808239,355061,20201017,20201021,0.23296733680905687,0.7203157619169479,0.04671690127399521,0.5205474946472306,3739653.0,0.3060749448635213,0.6232332132979509,0.0706918418385278,0.5011842246002923,196331.0,0.7435109289617486,0.9615384615384616,0.1854655172413793,0.75,1,1,1,0,1,0,0,0,0
389603,ZA2,Eastern Cape,ZA5,KwaZulu-Natal,ZA215,O.R.Tambo,ZA521,Ugu,2020-10-17,2020-10-17,2,2,2,400216.9858165264,174698.17882548374,37571,20201017,20201017,0.38804558548824664,0.5482866433400703,0.06366777117168307,0.4623163104135049,1358678.0,0.32122674606698143,0.6016982741355622,0.07707497979745637,0.47391596021954596,714019.0,-0.23807536101083035,0.1346153846153846,-0.09480895915678524,0.40384615384615385,1,1,1,0,1,0,0,0,0
389604,ZA3,Nothern Cape,ZA7,Gauteng,ZA309,Frances Baard,ZA797,Ekurhuleni,2020-10-17,2020-10-17,1,1,1,3076782.269966328,454735.6254065916,17910,20201017,20201017,0.2860169290028057,0.6497360787483951,0.06424699224879928,0.49189928194398214,420580.0,0.23296733680905687,0.7203157619169479,0.04671690127399521,0.5205474946472306,3739653.0,0.29907801418439717,0.8846153846153846,0.7435109289617486,0.9615384615384616,1,1,1,0,1,0,0,0,0
389605,ZA9,Limpopo,ZA9,Limpopo,ZA935,Capricorn,ZA947,Sekhukhune,2020-10-17,2020-10-18,2,2,2,554283.3960791976,195381.79144169227,28851,20201017,20201018,0.3265897738288558,0.6007690312860821,0.07264119488506209,0.472231826966417,1295656.0,0.3536917516859454,0.5707075150199985,0.07560073329405607,0.46486328935523974,1125333.0,0.07397387387387387,0.6346153846153846,-0.06015677966101695,0.4423076923076923,1,1,1,0,1,0,0,0,0
389606,ZA4,Free State,ZA6,North West,ZA419,Thabo Mofutsanyane,ZA637,Bojanala,2020-10-17,2020-10-17,2,2,2,2612423.486055119,656908.3223615822,44180,20201017,20201017,0.31143326559338835,0.6251823622683981,0.06338437213821363,0.47028720831466336,662829.0,0.25082919250139085,0.6903465537718604,0.05882425372674875,0.5380589003726469,1786678.0,0.10770218579234972,0.7115384615384616,0.07430676328502415,0.6538461538461539,1,1,1,0,1,0,0,0,0
389607,ZA3,Nothern Cape,ZA2,Eastern Cape,ZA306,Namakwa,ZA210,Cacadu,2020-10-17,2020-10-17,1,1,1,1249586.290609832,574897.2650297688,26724,20201017,20201017,0.2479438366342976,0.6592106724059887,0.09284549095971371,0.5132337492633683,117087.0,0.2618455236218228,0.6571170870354837,0.08103738934269357,0.4975242081945451,491156.0,0.06505633802816901,0.6153846153846154,-0.01848062015503876,0.5,1,1,1,0,1,0,0,0,0
389608,ZA3,Nothern Cape,ZA7,Gauteng,ZA308,Z F Mgcawu,ZA799,City of Tshwane,2020-10-17,2020-10-23,1,1,1,768675.2530813406,752104.779252609,446527,20201017,20201023,0.27601757542529287,0.6641943181028425,0.059788106471864645,0.5142626583989065,258998.0,0.22283079372412132,0.7204843127840075,0.056684893491871245,0.5057337597223363,3627986.0,-0.04016603773584906,0.46153846153846156,0.48224212034383956,0.9038461538461539,1,1,1,0,1,0,0,0,0
389609,ZA7,Gauteng,ZA4,Free State,ZA799,City of Tshwane,ZA419,Thabo Mofutsanyane,2020-10-17,2020-10-29,1,1,1,302489.828136673,302489.828136673,1029949,20201017,20201029,0.22283079372412132,0.7204843127840075,0.056684893491871245,0.5057337597223363,3627986.0,0.31143326559338835,0.6251823622683981,0.06338437213821363,0.47028720831466336,662829.0,0.48224212034383956,0.9038461538461539,0.10770218579234972,0.7115384615384616,1,1,1,0,1,0,0,0,0
389610,ZA7,Gauteng,ZA9,Limpopo,ZA798,City of Johannesburg,ZA935,Capricorn,2020-10-17,2020-10-31,1,1,1,243969.34006532852,243969.34006532852,1162424,20201017,20201031,0.2220629170143196,0.7299897648810346,0.047947318104645836,0.5097433964893054,5540727.0,0.3265897738288558,0.6007690312860821,0.07264119488506209,0.472231826966417,1295656.0,0.8818060606060606,1.0,0.07397387387387387,0.6346153846153846,1,1,1,0,1,0,0,0,0
389611,ZA6,North West,ZA7,Gauteng,ZA637,Bojanala,ZA742,Sedibeng,2020-10-17,2020-10-19,1,1,1,335336.33861248364,127967.09785184628,181180,20201017,20201019,0.25082919250139085,0.6903465537718604,0.05882425372674875,0.5380589003726469,1786678.0,0.24393339879416723,0.6953819961266214,0.06068460507921129,0.5059130831550246,994997.0,0.07430676328502415,0.6538461538461539,0.2808379746835443,0.8461538461538461,1,1,1,0,1,0,0,0,0
389612,ZA5,KwaZulu-Natal,ZA7,Gauteng,ZA522,Umgungundlovu,ZA798,City of Johannesburg,2020-10-17,2020-10-31,1,1,1,859306.8580336703,406035.0552880968,1195939,20201017,20201031,0.2748377359932372,0.663873035280183,0.06128922872657978,0.48236181888519014,1046905.0,0.2220629170143196,0.7299897648810346,0.047947318104645836,0.5097433964893054,5540727.0,0.0061256544502617805,0.5769230769230769,0.8818060606060606,1.0,1,1,1,0,1,0,0,0,0
389613,ZA7,Gauteng,ZA4,Free State,ZA799,City of Tshwane,ZA418,Lejweleputswa,2020-10-17,2020-10-29,1,1,1,439852.5973519581,283684.77204466064,994262,20201017,20201029,0.22283079372412132,0.7204843127840075,0.056684893491871245,0.5057337597223363,3627986.0,0.27941650281351393,0.6617931601395349,0.058790337046951115,0.500105365269169,574193.0,0.48224212034383956,0.9038461538461539,0.29495049504950493,0.8653846153846154,1,1,1,0,1,0,0,0,0
389614,ZA4,Free State,ZA6,North West,ZA494,Mangaung,ZA640,Dr Kenneth Kaunda,2020-10-17,2020-10-17,2,2,2,2561932.590071146,935356.4562956636,46290,20201017,20201017,0.26262942751272955,0.6754982029249197,0.06187236956235082,0.4901411892511804,826621.0,0.27505895171327793,0.6602340041700301,0.06470704411669191,0.5065976875287468,754431.0,0.27329104477611943,0.8269230769230769,-0.10069384057971015,0.38461538461538464,1,1,1,0,1,0,0,0,0
389615,ZA5,KwaZulu-Natal,ZA4,Free State,ZA523,Uthukela,ZA494,Mangaung,2020-10-17,2020-10-17,1,1,1,2748830.738366541,350924.095466191,23098,20201017,20201017,0.36014331224838336,0.5864396074090654,0.05341708034255123,0.46782833191779016,652282.0,0.26262942751272955,0.6754982029249197,0.06187236956235082,0.4901411892511804,826621.0,-0.19841226215644822,0.19230769230769232,0.27329104477611943,0.8269230769230769,1,1,1,0,1,0,0,0,0
389616,ZA5,KwaZulu-Natal,ZA5,KwaZulu-Natal,ZA521,Ugu,ZA523,Uthukela,2020-10-17,2020-10-24,1,1,1,355525.2480992238,242332.7526626284,621561,20201017,20201024,0.32122674606698143,0.6016982741355622,0.07707497979745637,0.47391596021954596,714019.0,0.36014331224838336,0.5864396074090654,0.05341708034255123,0.46782833191779016,652282.0,-0.09480895915678524,0.40384615384615385,-0.19841226215644822,0.19230769230769232,1,1,1,0,1,0,0,0,0
389617,ZA5,KwaZulu-Natal,ZA5,KwaZulu-Natal,ZA527,Umkhanyakude,ZA521,Ugu,2020-10-17,2020-10-17,1,1,1,1496299.598541724,363223.2635310791,27558,20201017,20201017,0.40017378652548197,0.5489306999026919,0.05089551357182606,0.4622270789873748,643318.0,0.32122674606698143,0.6016982741355622,0.07707497979745637,0.47391596021954596,714019.0,-0.31784377542717657,0.038461538461538464,-0.09480895915678524,0.40384615384615385,1,1,1,0,1,0,0,0,0
389618,ZA1,Western Cape,ZA7,Gauteng,ZA191,City of Cape Town,ZA797,Ekurhuleni,2020-10-17,2020-10-24,1,1,1,2794415.282308886,1306373.0874163704,567430,20201017,20201024,0.23849582985172932,0.697186217784503,0.06431795236376775,0.4976008771049945,4436413.0,0.23296733680905687,0.7203157619169479,0.04671690127399521,0.5205474946472306,3739653.0,0.7687640750670242,0.9807692307692307,0.7435109289617486,0.9615384615384616,1,1,1,0,1,0,0,0,0
389619,ZA1,Western Cape,ZA7,Gauteng,ZA191,City of Cape Town,ZA798,City of Johannesburg,2020-10-17,2020-10-30,1,1,1,2587505.5413054647,1273037.1229567504,1074796,20201017,20201030,0.23849582985172932,0.697186217784503,0.06431795236376775,0.4976008771049945,4436413.0,0.2220629170143196,0.7299897648810346,0.047947318104645836,0.5097433964893054,5540727.0,0.7687640750670242,0.9807692307692307,0.8818060606060606,1.0,1,1,1,0,1,0,0,0,0
389620,ZA6,North West,ZA7,Gauteng,ZA638,Ngaka Modiri Molema,ZA742,Sedibeng,2020-10-17,2020-10-25,1,1,1,636688.4011346787,262024.48057519883,677290,20201017,20201025,0.3236353449196357,0.6078801705223251,0.06848448455803925,0.4964769205863341,870971.0,0.24393339879416723,0.6953819961266214,0.06068460507921129,0.5059130831550246,994997.0,-0.18344824707846413,0.23076923076923078,0.2808379746835443,0.8461538461538461,1,1,1,0,1,0,0,0,0
389621,ZA4,Free State,ZA7,Gauteng,ZA419,Thabo Mofutsanyane,ZA797,Ekurhuleni,2020-10-17,2020-10-20,1,1,1,968166.547836542,234134.00637037415,238339,20201017,20201020,0.31143326559338835,0.6251823622683981,0.06338437213821363,0.47028720831466336,662829.0,0.23296733680905687,0.7203157619169479,0.04671690127399521,0.5205474946472306,3739653.0,0.10770218579234972,0.7115384615384616,0.7435109289617486,0.9615384615384616,1,1,1,0,1,0,0,0,0
389622,ZA7,Gauteng,ZA4,Free State,ZA798,City of Johannesburg,ZA419,Thabo Mofutsanyane,2020-10-17,2020-10-22,1,1,1,592959.8096176675,264275.7542224154,486377,20201017,20201022,0.2220629170143196,0.7299897648810346,0.047947318104645836,0.5097433964893054,5540727.0,0.31143326559338835,0.6251823622683981,0.06338437213821363,0.47028720831466336,662829.0,0.8818060606060606,1.0,0.10770218579234972,0.7115384615384616,1,1,1,0,1,0,0,0,0
389623,ZA5,KwaZulu-Natal,ZA4,Free State,ZA525,Amajuba,ZA419,Thabo Mofutsanyane,2020-10-17,2020-10-17,1,1,1,121889.0354438366,53647.9760437355,2170,20201017,20201017,0.3311353387795859,0.6144200377537888,0.05444462346662529,0.48045773982507545,502731.0,0.31143326559338835,0.6251823622683981,0.06338437213821363,0.47028720831466336,662829.0,-0.16864155251141552,0.25,0.10770218579234972,0.7115384615384616,1,1,1,0,1,0,0,0,0
389624,ZA2,Eastern Cape,ZA2,Eastern Cape,ZA215,O.R.Tambo,ZA212,Amathole,2020-10-17,2020-10-18,1,1,1,120487.90569598056,59790.08112485967,21011,20201017,20201018,0.38804558548824664,0.5482866433400703,0.06366777117168307,0.4623163104135049,1358678.0,0.32816698449842097,0.5696178168124134,0.1022151986891656,0.47434426623917664,789726.0,-0.23807536101083035,0.1346153846153846,-0.3192883211678832,0.019230769230769232,1,1,1,0,1,0,0,0,0
389625,ZA8,Mpumalanga,ZA5,KwaZulu-Natal,ZA831,Nkangala,ZA522,Umgungundlovu,2020-10-17,2020-10-18,1,1,1,979585.00695163,426983.4483437032,47726,20201017,20201018,0.27290691475673784,0.6711806877078121,0.055912397535449986,0.5109201270525474,1573837.0,0.2748377359932372,0.663873035280183,0.06128922872657978,0.48236181888519014,1046905.0,0.07867808219178082,0.6730769230769231,0.0061256544502617805,0.5769230769230769,1,1,1,0,1,0,0,0,0
389626,ZA3,Nothern Cape,ZA1,Western Cape,ZA309,Frances Baard,ZA104,Eden,2020-10-17,2020-10-17,1,1,1,3151917.311856848,721276.5917754635,44439,20201017,20201017,0.2860169290028057,0.6497360787483951,0.06424699224879928,0.49189928194398214,420580.0,0.24710205256745305,0.6628052101466374,0.09009273728590954,0.4993180863678119,673839.0,0.29907801418439717,0.8846153846153846,0.0004522691705790296,0.5384615384615384,1,1,1,0,1,0,0,0,0
389627,ZA5,KwaZulu-Natal,ZA5,KwaZulu-Natal,ZA527,Umkhanyakude,ZA527,Umkhanyakude,2020-10-17,2020-10-23,1,1,1,185818.9466273529,90599.18214652703,538102,20201017,20201023,0.40017378652548197,0.5489306999026919,0.05089551357182606,0.4622270789873748,643318.0,0.40017378652548197,0.5489306999026919,0.05089551357182606,0.4622270789873748,643318.0,-0.31784377542717657,0.038461538461538464,-0.31784377542717657,0.038461538461538464,1,1,1,0,1,0,0,0,0
389628,ZA7,Gauteng,ZA8,Mpumalanga,ZA798,City of Johannesburg,ZA832,Ehlanzeni,2020-10-17,2020-10-21,1,1,1,608048.6859025946,294384.84769091045,371538,20201017,20201021,0.2220629170143196,0.7299897648810346,0.047947318104645836,0.5097433964893054,5540727.0,0.32438893780700045,0.6235217992770762,0.05208926291592337,0.47979089412028486,1837538.0,0.8818060606060606,1.0,0.1315940928270042,0.7307692307692307,1,1,1,0,1,0,0,0,0
389629,ZA7,Gauteng,ZA4,Free State,ZA799,City of Tshwane,ZA494,Mangaung,2020-10-17,2020-10-24,1,1,1,915415.5504873088,421256.4022080832,631553,20201017,20201024,0.22283079372412132,0.7204843127840075,0.056684893491871245,0.5057337597223363,3627986.0,0.26262942751272955,0.6754982029249197,0.06187236956235082,0.4901411892511804,826621.0,0.48224212034383956,0.9038461538461539,0.27329104477611943,0.8269230769230769,1,1,1,0,1,0,0,0,0
389630,ZA2,Eastern Cape,ZA2,Eastern Cape,ZA213,Chris Hani,ZA292,Buffalo City,2020-10-17,2020-10-19,1,1,1,437086.1175815648,182076.79680875968,123482,20201017,20201019,0.334940582305372,0.572656560540376,0.09240285715425203,0.478383232498069,752217.0,0.254980022080858,0.6758306608485358,0.06918931707060617,0.48177934914042375,760840.0,-0.29251697892271666,0.057692307692307696,0.09585175879396986,0.6923076923076923,1,1,1,0,1,0,0,0,0
389631,ZA6,North West,ZA4,Free State,ZA640,Dr Kenneth Kaunda,ZA418,Lejweleputswa,2020-10-17,2020-10-23,1,1,1,255641.07733272944,122528.7924163196,518367,20201017,20201023,0.27505895171327793,0.6602340041700301,0.06470704411669191,0.5065976875287468,754431.0,0.27941650281351393,0.6617931601395349,0.058790337046951115,0.500105365269169,574193.0,-0.10069384057971015,0.38461538461538464,0.29495049504950493,0.8653846153846154,1,1,1,0,1,0,0,0,0
389632,ZA5,KwaZulu-Natal,ZA5,KwaZulu-Natal,ZA526,Zululand,ZA528,Uthungulu,2020-10-17,2020-10-18,1,1,1,155892.74637157566,76780.30952883637,49186,20201017,20201018,0.392497537624586,0.5542130860581069,0.053289376317307055,0.4651401640222711,783796.0,0.3398562749304085,0.6096443299200878,0.05049939514950375,0.4759701217345943,889476.0,-0.2762355212355212,0.09615384615384616,-0.2202014106583072,0.15384615384615385,1,1,1,0,1,0,0,0,0
389633,ZA7,Gauteng,ZA3,Nothern Cape,ZA742,Sedibeng,ZA307,Pixley ka Seme,2020-10-17,2020-10-17,1,1,1,1459561.405375362,835285.9347314078,30470,20201017,20201017,0.24393339879416723,0.6953819961266214,0.06068460507921129,0.5059130831550246,994997.0,0.3060749448635213,0.6232332132979509,0.0706918418385278,0.5011842246002923,196331.0,0.2808379746835443,0.8461538461538461,0.1854655172413793,0.75,1,1,1,0,1,0,0,0,0
389634,ZA5,KwaZulu-Natal,ZA5,KwaZulu-Natal,ZA521,Ugu,ZA522,Umgungundlovu,2020-10-17,2020-10-26,1,1,1,127184.60467438458,106733.7649111166,706268,20201017,20201026,0.32122674606698143,0.6016982741355622,0.07707497979745637,0.47391596021954596,714019.0,0.2748377359932372,0.663873035280183,0.06128922872657978,0.48236181888519014,1046905.0,-0.09480895915678524,0.40384615384615385,0.0061256544502617805,0.5769230769230769,1,1,1,0,1,0,0,0,0
389635,ZA9,Limpopo,ZA9,Limpopo,ZA936,Waterberg,ZA947,Sekhukhune,2020-10-17,2020-10-18,1,1,1,201426.65158822216,106466.0919344742,10786,20201017,20201018,0.2870915348782833,0.6477210572390478,0.06518740788266879,0.5138960603357211,718513.0,0.3536917516859454,0.5707075150199985,0.07560073329405607,0.46486328935523974,1125333.0,0.00236898395721925,0.5576923076923077,-0.06015677966101695,0.4423076923076923,1,1,1,0,1,0,0,0,0
389636,ZA6,North West,ZA1,Western Cape,ZA640,Dr Kenneth Kaunda,ZA102,Cape Winelands,2020-10-17,2020-10-18,1,1,1,1145020.0295143956,1076073.7153804975,55841,20201017,20201018,0.27505895171327793,0.6602340041700301,0.06470704411669191,0.5065976875287468,754431.0,0.24989252608235304,0.6902123420738123,0.059895131843834624,0.5011121214086944,909523.0,-0.10069384057971015,0.38461538461538464,-0.012388831437435367,0.5192307692307693,1,1,1,0,1,0,0,0,0
389637,ZA5,KwaZulu-Natal,ZA7,Gauteng,ZA528,Uthungulu,ZA797,Ekurhuleni,2020-10-17,2020-10-23,1,1,1,462481.4313937968,460613.6413229825,556789,20201017,20201023,0.3398562749304085,0.6096443299200878,0.05049939514950375,0.4759701217345943,889476.0,0.23296733680905687,0.7203157619169479,0.04671690127399521,0.5205474946472306,3739653.0,-0.2202014106583072,0.15384615384615385,0.7435109289617486,0.9615384615384616,1,1,1,0,1,0,0,0,0
389638,ZA7,Gauteng,ZA7,Gauteng,ZA799,City of Tshwane,ZA742,Sedibeng,2020-10-17,2020-10-19,1,1,1,190393.4806828345,94492.66399465928,184513,20201017,20201019,0.22283079372412132,0.7204843127840075,0.056684893491871245,0.5057337597223363,3627986.0,0.24393339879416723,0.6953819961266214,0.06068460507921129,0.5059130831550246,994997.0,0.48224212034383956,0.9038461538461539,0.2808379746835443,0.8461538461538461,1,1,1,0,1,0,0,0,0
389639,ZA9,Limpopo,ZA7,Gauteng,ZA935,Capricorn,ZA799,City of Tshwane,2020-10-17,2020-10-18,1,1,1,1734330.2858026356,342370.62358485325,82522,20201017,20201018,0.3265897738288558,0.6007690312860821,0.07264119488506209,0.472231826966417,1295656.0,0.22283079372412132,0.7204843127840075,0.056684893491871245,0.5057337597223363,3627986.0,0.07397387387387387,0.6346153846153846,0.48224212034383956,0.9038461538461539,1,1,1,0,1,0,0,0,0
389640,ZA9,Limpopo,ZA7,Gauteng,ZA947,Sekhukhune,ZA742,Sedibeng,2020-10-17,2020-10-17,1,1,1,2642317.076410057,1621190.6786822982,2279,20201017,20201017,0.3536917516859454,0.5707075150199985,0.07560073329405607,0.46486328935523974,1125333.0,0.24393339879416723,0.6953819961266214,0.06068460507921129,0.5059130831550246,994997.0,-0.06015677966101695,0.4423076923076923,0.2808379746835443,0.8461538461538461,1,1,1,0,1,0,0,0,0
389641,ZA7,Gauteng,ZA6,North West,ZA742,Sedibeng,ZA638,Ngaka Modiri Molema,2020-10-17,2020-10-17,1,1,1,476584.9438314109,313031.6367118564,6686,20201017,20201017,0.24393339879416723,0.6953819961266214,0.06068460507921129,0.5059130831550246,994997.0,0.3236353449196357,0.6078801705223251,0.06848448455803925,0.4964769205863341,870971.0,0.2808379746835443,0.8461538461538461,-0.18344824707846413,0.23076923076923078,1,1,1,0,1,0,0,0,0
389642,ZA3,Nothern Cape,ZA2,Eastern Cape,ZA309,Frances Baard,ZA214,Joe Gqabi,2020-10-17,2020-10-17,1,1,1,573706.2942612544,286545.0826935456,671,20201017,20201017,0.2860169290028057,0.6497360787483951,0.06424699224879928,0.49189928194398214,420580.0,0.3340471849013029,0.5799636495391386,0.08598916555955849,0.47733103958194023,339473.0,0.29907801418439717,0.8846153846153846,-0.1839776119402985,0.21153846153846154,1,1,1,0,1,0,0,0,0
389643,ZA8,Mpumalanga,ZA5,KwaZulu-Natal,ZA831,Nkangala,ZA526,Zululand,2020-10-17,2020-10-23,1,1,1,507418.5582484508,302743.6953969911,496624,20201017,20201023,0.27290691475673784,0.6711806877078121,0.055912397535449986,0.5109201270525474,1573837.0,0.392497537624586,0.5542130860581069,0.053289376317307055,0.4651401640222711,783796.0,0.07867808219178082,0.6730769230769231,-0.2762355212355212,0.09615384615384616,1,1,1,0,1,0,0,0,0
389644,ZA5,KwaZulu-Natal,ZA5,KwaZulu-Natal,ZA543,Sisonke,ZA523,Uthukela,2020-10-17,2020-10-28,1,1,1,290663.20816597086,87946.04665261165,922268,20201017,20201028,0.37293146983899067,0.5707096800166399,0.05635885014436937,0.4671305273563743,447117.0,0.36014331224838336,0.5864396074090654,0.05341708034255123,0.46782833191779016,652282.0,-0.2112274881516588,0.17307692307692307,-0.19841226215644822,0.19230769230769232,1,1,1,0,1,0,0,0,0
389645,ZA3,Nothern Cape,ZA7,Gauteng,ZA307,Pixley ka Seme,ZA799,City of Tshwane,2020-10-17,2020-10-17,2,2,2,2758768.717397866,1385269.8575425155,53547,20201017,20201017,0.3060749448635213,0.6232332132979509,0.0706918418385278,0.5011842246002923,196331.0,0.22283079372412132,0.7204843127840075,0.056684893491871245,0.5057337597223363,3627986.0,0.1854655172413793,0.75,0.48224212034383956,0.9038461538461539,1,1,1,0,1,0,0,0,0
389646,ZA8,Mpumalanga,ZA5,KwaZulu-Natal,ZA831,Nkangala,ZA529,iLembe,2020-10-17,2020-10-17,1,1,1,543091.0514182128,539874.9721734723,30242,20201017,20201017,0.27290691475673784,0.6711806877078121,0.055912397535449986,0.5109201270525474,1573837.0,0.32390440311621094,0.6202867780885334,0.05580881879525565,0.4827645772056803,636799.0,0.07867808219178082,0.6730769230769231,-0.14951617873651774,0.28846153846153844,1,1,1,0,1,0,0,0,0
389647,ZA6,North West,ZA6,North West,ZA640,Dr Kenneth Kaunda,ZA640,Dr Kenneth Kaunda,2020-10-17,2020-10-20,1,1,1,2722.2256433972825,364.08167446472487,226370,20201017,20201020,0.27505895171327793,0.6602340041700301,0.06470704411669191,0.5065976875287468,754431.0,0.27505895171327793,0.6602340041700301,0.06470704411669191,0.5065976875287468,754431.0,-0.10069384057971015,0.38461538461538464,-0.10069384057971015,0.38461538461538464,1,1,1,0,1,0,0,0,0
389648,ZA7,Gauteng,ZA1,Western Cape,ZA799,City of Tshwane,ZA104,Eden,2020-10-17,2020-10-28,1,1,1,2253326.672984153,1076499.925016547,968210,20201017,20201028,0.22283079372412132,0.7204843127840075,0.056684893491871245,0.5057337597223363,3627986.0,0.24710205256745305,0.6628052101466374,0.09009273728590954,0.4993180863678119,673839.0,0.48224212034383956,0.9038461538461539,0.0004522691705790296,0.5384615384615384,1,1,1,0,1,0,0,0,0
389649,ZA1,Western Cape,ZA1,Western Cape,ZA191,City of Cape Town,ZA101,West Coast,2020-10-17,2020-10-19,1,1,1,1615569.24119215,117577.99586006404,134166,20201017,20201019,0.23849582985172932,0.697186217784503,0.06431795236376775,0.4976008771049945,4436413.0,0.24466466325617858,0.6852166396976793,0.0701186970461421,0.5060695297345649,497485.0,0.7687640750670242,0.9807692307692307,-0.12079976303317536,0.34615384615384615,1,1,1,0,1,0,0,0,0
389650,ZA2,Eastern Cape,ZA2,Eastern Cape,ZA212,Amathole,ZA212,Amathole,2020-10-17,2020-10-19,1,1,1,5140.0267643560765,1207.4291760136814,190647,20201017,20201019,0.32816698449842097,0.5696178168124134,0.1022151986891656,0.47434426623917664,789726.0,0.32816698449842097,0.5696178168124134,0.1022151986891656,0.47434426623917664,789726.0,-0.3192883211678832,0.019230769230769232,-0.3192883211678832,0.019230769230769232,1,1,1,0,1,0,0,0,0
389651,ZA6,North West,ZA5,KwaZulu-Natal,ZA640,Dr Kenneth Kaunda,ZA521,Ugu,2020-10-17,2020-10-17,2,2,1,2226844.029464948,1113054.9015235575,8638,20201017,20201017,0.27505895171327793,0.6602340041700301,0.06470704411669191,0.5065976875287468,754431.0,0.32122674606698143,0.6016982741355622,0.07707497979745637,0.47391596021954596,714019.0,-0.10069384057971015,0.38461538461538464,-0.09480895915678524,0.40384615384615385,1,1,1,0,1,0,0,0,0
389652,ZA2,Eastern Cape,ZA2,Eastern Cape,ZA293,Nelson Mandela Bay,ZA292,Buffalo City,2020-10-17,2020-10-27,1,1,1,233296.6026670937,232957.17731613,919574,20201017,20201027,0.2465186661259611,0.6842154879637478,0.0692658459102911,0.4877654529777138,1230491.0,0.254980022080858,0.6758306608485358,0.06918931707060617,0.48177934914042375,760840.0,0.5740514018691588,0.9423076923076923,0.09585175879396986,0.6923076923076923,1,1,1,0,1,0,0,0,0
389653,ZA4,Free State,ZA6,North West,ZA494,Mangaung,ZA639,Dr Ruth Segomotsi Mompati,2020-10-17,2020-10-17,2,2,2,869889.6752601818,409733.7329700426,23861,20201017,20201017,0.26262942751272955,0.6754982029249197,0.06187236956235082,0.4901411892511804,826621.0,0.3412335579082451,0.5850872971649528,0.07367914492680208,0.4911837461796937,473784.0,0.27329104477611943,0.8269230769230769,-0.16626678765880218,0.2692307692307692,1,1,1,0,1,0,0,0,0
389654,ZA5,KwaZulu-Natal,ZA5,KwaZulu-Natal,ZA527,Umkhanyakude,ZA595,eThekwini,2020-10-17,2020-10-18,1,1,1,549798.3732591324,368.5945677431493,58293,20201017,20201018,0.40017378652548197,0.5489306999026919,0.05089551357182606,0.4622270789873748,643318.0,0.2446364969883556,0.6990922562931536,0.05627124671849075,0.494610924976595,3587907.0,-0.31784377542717657,0.038461538461538464,0.5666580406654343,0.9230769230769231,1,1,1,0,1,0,0,0,0
389655,ZA9,Limpopo,ZA7,Gauteng,ZA933,Mopani,ZA798,City of Johannesburg,2020-10-17,2020-10-17,1,1,1,749685.0838741699,339728.77532018046,5199,20201017,20201017,0.3329418650827259,0.6026296126910996,0.06442852222617454,0.46142626187343905,1062666.0,0.2220629170143196,0.7299897648810346,0.047947318104645836,0.5097433964893054,5540727.0,-0.037928345626975765,0.4807692307692308,0.8818060606060606,1.0,1,1,1,0,1,0,0,0,0
389656,ZA2,Eastern Cape,ZA7,Gauteng,ZA292,Buffalo City,ZA799,City of Tshwane,2020-10-17,2020-10-17,1,1,1,1630216.867179168,813155.5358783546,4672,20201017,20201017,0.254980022080858,0.6758306608485358,0.06918931707060617,0.48177934914042375,760840.0,0.22283079372412132,0.7204843127840075,0.056684893491871245,0.5057337597223363,3627986.0,0.09585175879396986,0.6923076923076923,0.48224212034383956,0.9038461538461539,1,1,1,0,1,0,0,0,0
389657,ZA5,KwaZulu-Natal,ZA9,Limpopo,ZA521,Ugu,ZA947,Sekhukhune,2020-10-17,2020-10-26,1,1,1,1297867.446718432,683425.394912909,766363,20201017,20201026,0.32122674606698143,0.6016982741355622,0.07707497979745637,0.47391596021954596,714019.0,0.3536917516859454,0.5707075150199985,0.07560073329405607,0.46486328935523974,1125333.0,-0.09480895915678524,0.40384615384615385,-0.06015677966101695,0.4423076923076923,1,1,1,0,1,0,0,0,0
389658,ZA7,Gauteng,ZA8,Mpumalanga,ZA742,Sedibeng,ZA831,Nkangala,2020-10-17,2020-10-20,1,1,1,443212.1627769036,164023.45099329937,267094,20201017,20201020,0.24393339879416723,0.6953819961266214,0.06068460507921129,0.5059130831550246,994997.0,0.27290691475673784,0.6711806877078121,0.055912397535449986,0.5109201270525474,1573837.0,0.2808379746835443,0.8461538461538461,0.07867808219178082,0.6730769230769231,1,1,1,0,1,0,0,0,0
389659,ZA6,North West,ZA7,Gauteng,ZA637,Bojanala,ZA742,Sedibeng,2020-10-17,2020-10-23,1,1,1,206265.648873616,84303.60757313062,498667,20201017,20201023,0.25082919250139085,0.6903465537718604,0.05882425372674875,0.5380589003726469,1786678.0,0.24393339879416723,0.6953819961266214,0.06068460507921129,0.5059130831550246,994997.0,0.07430676328502415,0.6538461538461539,0.2808379746835443,0.8461538461538461,1,1,1,0,1,0,0,0,0
389660,ZA7,Gauteng,ZA1,Western Cape,ZA798,City of Johannesburg,ZA102,Cape Winelands,2020-10-17,2020-10-18,1,1,1,2801431.2677109344,1374046.6145774834,58654,20201017,20201018,0.2220629170143196,0.7299897648810346,0.047947318104645836,0.5097433964893054,5540727.0,0.24989252608235304,0.6902123420738123,0.059895131843834624,0.5011121214086944,909523.0,0.8818060606060606,1.0,-0.012388831437435367,0.5192307692307693,1,1,1,0,1,0,0,0,0
389661,ZA1,Western Cape,ZA7,Gauteng,ZA103,Overberg,ZA798,City of Johannesburg,2020-10-17,2020-10-23,1,1,1,2693523.389323612,1242391.078152611,492700,20201017,20201023,0.22836513904770692,0.6721314716747349,0.09950338927755827,0.511077351980676,303457.0,0.2220629170143196,0.7299897648810346,0.047947318104645836,0.5097433964893054,5540727.0,0.051486772486772484,0.5961538461538461,0.8818060606060606,1.0,1,1,1,0,1,0,0,0,0
389662,ZA5,KwaZulu-Natal,ZA7,Gauteng,ZA525,Amajuba,ZA799,City of Tshwane,2020-10-17,2020-10-18,1,1,1,605317.326319004,289356.5695163514,83818,20201017,20201018,0.3311353387795859,0.6144200377537888,0.05444462346662529,0.48045773982507545,502731.0,0.22283079372412132,0.7204843127840075,0.056684893491871245,0.5057337597223363,3627986.0,-0.16864155251141552,0.25,0.48224212034383956,0.9038461538461539,1,1,1,0,1,0,0,0,0
389663,ZA3,Nothern Cape,ZA1,Western Cape,ZA306,Namakwa,ZA102,Cape Winelands,2020-10-17,2020-10-17,1,1,1,268872.6779930157,268872.6779930157,9597,20201017,20201017,0.2479438366342976,0.6592106724059887,0.09284549095971371,0.5132337492633683,117087.0,0.24989252608235304,0.6902123420738123,0.059895131843834624,0.5011121214086944,909523.0,0.06505633802816901,0.6153846153846154,-0.012388831437435367,0.5192307692307693,1,1,1,0,1,0,0,0,0
389664,ZA1,Western Cape,ZA1,Western Cape,ZA101,West Coast,ZA191,City of Cape Town,2020-10-17,2020-10-17,167,165,164,39767161.35875007,14637653.308230491,1710580,20201017,20201017,0.24466466325617858,0.6852166396976793,0.0701186970461421,0.5060695297345649,497485.0,0.23849582985172932,0.697186217784503,0.06431795236376775,0.4976008771049945,4436413.0,-0.12079976303317536,0.34615384615384615,0.7687640750670242,0.9807692307692307,1,1,1,0,1,0,0,0,0
389665,ZA3,Nothern Cape,ZA7,Gauteng,ZA309,Frances Baard,ZA798,City of Johannesburg,2020-10-17,2020-10-17,2,2,2,6899774.643678782,988841.3938687618,45703,20201017,20201017,0.2860169290028057,0.6497360787483951,0.06424699224879928,0.49189928194398214,420580.0,0.2220629170143196,0.7299897648810346,0.047947318104645836,0.5097433964893054,5540727.0,0.29907801418439717,0.8846153846153846,0.8818060606060606,1.0,1,1,1,0,1,0,0,0,0
389666,ZA9,Limpopo,ZA8,Mpumalanga,ZA947,Sekhukhune,ZA832,Ehlanzeni,2020-10-17,2020-10-17,36,36,34,5971932.827737824,1928371.383491563,340148,20201017,20201017,0.3536917516859454,0.5707075150199985,0.07560073329405607,0.46486328935523974,1125333.0,0.32438893780700045,0.6235217992770762,0.05208926291592337,0.47979089412028486,1837538.0,-0.06015677966101695,0.4423076923076923,0.1315940928270042,0.7307692307692307,1,1,1,0,1,0,0,0,0
389667,ZA7,Gauteng,ZA8,Mpumalanga,ZA798,City of Johannesburg,ZA831,Nkangala,2020-10-17,2020-10-17,31,31,31,13980915.585809687,4916437.684686299,417403,20201017,20201017,0.2220629170143196,0.7299897648810346,0.047947318104645836,0.5097433964893054,5540727.0,0.27290691475673784,0.6711806877078121,0.055912397535449986,0.5109201270525474,1573837.0,0.8818060606060606,1.0,0.07867808219178082,0.6730769230769231,1,1,1,0,1,0,0,0,0
389668,ZA5,KwaZulu-Natal,ZA5,KwaZulu-Natal,ZA528,Uthungulu,ZA529,iLembe,2020-10-17,2020-10-18,1,1,1,59750.25279000124,29875.126395000618,31023,20201017,20201018,0.3398562749304085,0.6096443299200878,0.05049939514950375,0.4759701217345943,889476.0,0.32390440311621094,0.6202867780885334,0.05580881879525565,0.4827645772056803,636799.0,-0.2202014106583072,0.15384615384615385,-0.14951617873651774,0.28846153846153844,1,1,1,0,1,0,0,0,0
389669,ZA7,Gauteng,ZA7,Gauteng,ZA798,City of Johannesburg,ZA799,City of Tshwane,2020-10-17,2020-10-18,180,180,180,19112325.92442132,7734214.564657557,4868765,20201017,20201018,0.2220629170143196,0.7299897648810346,0.047947318104645836,0.5097433964893054,5540727.0,0.22283079372412132,0.7204843127840075,0.056684893491871245,0.5057337597223363,3627986.0,0.8818060606060606,1.0,0.48224212034383956,0.9038461538461539,1,1,1,0,1,0,0,0,0
389670,ZA5,KwaZulu-Natal,ZA5,KwaZulu-Natal,ZA524,Umzinyathi,ZA524,Umzinyathi,2020-10-17,2020-10-18,62,62,62,840293.7010144556,313038.55203942594,2735930,20201017,20201018,0.3952311253914291,0.5454951881678106,0.05927368644076033,0.451447242842509,514461.0,0.3952311253914291,0.5454951881678106,0.05927368644076033,0.451447242842509,514461.0,-0.28225945945945946,0.07692307692307693,-0.28225945945945946,0.07692307692307693,1,1,1,0,1,0,0,0,0
389671,ZA6,North West,ZA6,North West,ZA637,Bojanala,ZA638,Ngaka Modiri Molema,2020-10-17,2020-10-17,13,13,13,6512323.960275747,1821616.514698852,147584,20201017,20201017,0.25082919250139085,0.6903465537718604,0.05882425372674875,0.5380589003726469,1786678.0,0.3236353449196357,0.6078801705223251,0.06848448455803925,0.4964769205863341,870971.0,0.07430676328502415,0.6538461538461539,-0.18344824707846413,0.23076923076923078,1,1,1,0,1,0,0,0,0
389672,ZA7,Gauteng,ZA4,Free State,ZA742,Sedibeng,ZA420,Fezile Dabi,2020-10-17,2020-10-17,280,266,258,25350885.298729885,7280293.226742572,2272317,20201017,20201017,0.24393339879416723,0.6953819961266214,0.06068460507921129,0.5059130831550246,994997.0,0.2705098118551487,0.6604572122193,0.06903297592555128,0.5050070807202104,494300.0,0.2808379746835443,0.8461538461538461,0.2276555023923445,0.7884615384615384,1,1,1,0,1,0,0,0,0
389673,ZA7,Gauteng,ZA5,KwaZulu-Natal,ZA799,City of Tshwane,ZA595,eThekwini,2020-10-17,2020-10-17,10,10,10,10388267.595892098,5896670.91582424,293864,20201017,20201017,0.22283079372412132,0.7204843127840075,0.056684893491871245,0.5057337597223363,3627986.0,0.2446364969883556,0.6990922562931536,0.05627124671849075,0.494610924976595,3587907.0,0.48224212034383956,0.9038461538461539,0.5666580406654343,0.9230769230769231,1,1,1,0,1,0,0,0,0
389674,ZA7,Gauteng,ZA3,Nothern Cape,ZA748,West Rand,ZA308,Z F Mgcawu,2020-10-17,2020-10-17,1,1,1,1697707.4144580243,807812.8231186438,57954,20201017,20201017,0.23154887232085752,0.7207832829912092,0.047667844687933295,0.5288128906961219,856804.0,0.27601757542529287,0.6641943181028425,0.059788106471864645,0.5142626583989065,258998.0,0.23715802469135805,0.8076923076923077,-0.04016603773584906,0.46153846153846156,1,1,1,0,1,0,0,0,0
389675,ZA3,Nothern Cape,ZA1,Western Cape,ZA307,Pixley ka Seme,ZA101,West Coast,2020-10-17,2020-10-17,2,2,2,4256168.953889165,1159271.4275377574,45686,20201017,20201017,0.3060749448635213,0.6232332132979509,0.0706918418385278,0.5011842246002923,196331.0,0.24466466325617858,0.6852166396976793,0.0701186970461421,0.5060695297345649,497485.0,0.1854655172413793,0.75,-0.12079976303317536,0.34615384615384615,1,1,1,0,1,0,0,0,0
389676,ZA1,Western Cape,ZA1,Western Cape,ZA191,City of Cape Town,ZA104,Eden,2020-10-17,2020-10-17,26,26,26,28068167.92274576,9246021.564212838,637491,20201017,20201017,0.23849582985172932,0.697186217784503,0.06431795236376775,0.4976008771049945,4436413.0,0.24710205256745305,0.6628052101466374,0.09009273728590954,0.4993180863678119,673839.0,0.7687640750670242,0.9807692307692307,0.0004522691705790296,0.5384615384615384,1,1,1,0,1,0,0,0,0
389677,ZA5,KwaZulu-Natal,ZA5,KwaZulu-Natal,ZA526,Zululand,ZA525,Amajuba,2020-10-17,2020-10-17,8,8,8,1405353.1738494227,829012.9301761317,158132,20201017,20201017,0.392497537624586,0.5542130860581069,0.053289376317307055,0.4651401640222711,783796.0,0.3311353387795859,0.6144200377537888,0.05444462346662529,0.48045773982507545,502731.0,-0.2762355212355212,0.09615384615384616,-0.16864155251141552,0.25,1,1,1,0,1,0,0,0,0
389678,ZA1,Western Cape,ZA1,Western Cape,ZA104,Eden,ZA104,Eden,2020-10-17,2020-10-18,492,492,492,25560662.40841577,5252855.830868431,17805151,20201017,20201018,0.24710205256745305,0.6628052101466374,0.09009273728590954,0.4993180863678119,673839.0,0.24710205256745305,0.6628052101466374,0.09009273728590954,0.4993180863678119,673839.0,0.0004522691705790296,0.5384615384615384,0.0004522691705790296,0.5384615384615384,1,1,1,0,1,0,0,0,0
389679,ZA5,KwaZulu-Natal,ZA5,KwaZulu-Natal,ZA528,Uthungulu,ZA595,eThekwini,2020-10-17,2020-10-17,19,19,19,6384053.71954967,3061427.834900273,317948,20201017,20201017,0.3398562749304085,0.6096443299200878,0.05049939514950375,0.4759701217345943,889476.0,0.2446364969883556,0.6990922562931536,0.05627124671849075,0.494610924976595,3587907.0,-0.2202014106583072,0.15384615384615385,0.5666580406654343,0.9230769230769231,1,1,1,0,1,0,0,0,0
389680,ZA3,Nothern Cape,ZA4,Free State,ZA309,Frances Baard,ZA494,Mangaung,2020-10-17,2020-10-23,1,1,1,495381.7346561009,198837.8947887497,478742,20201017,20201023,0.2860169290028057,0.6497360787483951,0.06424699224879928,0.49189928194398214,420580.0,0.26262942751272955,0.6754982029249197,0.06187236956235082,0.4901411892511804,826621.0,0.29907801418439717,0.8846153846153846,0.27329104477611943,0.8269230769230769,1,1,1,0,1,0,0,0,0
389681,ZA1,Western Cape,ZA1,Western Cape,ZA101,West Coast,ZA101,West Coast,2020-10-17,2020-10-18,205,205,205,16062796.02915252,2128438.601468832,6978307,20201017,20201018,0.24466466325617858,0.6852166396976793,0.0701186970461421,0.5060695297345649,497485.0,0.24466466325617858,0.6852166396976793,0.0701186970461421,0.5060695297345649,497485.0,-0.12079976303317536,0.34615384615384615,-0.12079976303317536,0.34615384615384615,1,1,1,0,1,0,0,0,0
389682,ZA5,KwaZulu-Natal,ZA5,KwaZulu-Natal,ZA525,Amajuba,ZA525,Amajuba,2020-10-17,2020-10-18,138,138,138,2411332.2228851947,685811.9943112889,5347693,20201017,20201018,0.3311353387795859,0.6144200377537888,0.05444462346662529,0.48045773982507545,502731.0,0.3311353387795859,0.6144200377537888,0.05444462346662529,0.48045773982507545,502731.0,-0.16864155251141552,0.25,-0.16864155251141552,0.25,1,1,1,0,1,0,0,0,0
389683,ZA5,KwaZulu-Natal,ZA5,KwaZulu-Natal,ZA595,eThekwini,ZA521,Ugu,2020-10-17,2020-10-18,6,6,6,807139.6178217949,323736.25473737007,131792,20201017,20201018,0.2446364969883556,0.6990922562931536,0.05627124671849075,0.494610924976595,3587907.0,0.32122674606698143,0.6016982741355622,0.07707497979745637,0.47391596021954596,714019.0,0.5666580406654343,0.9230769230769231,-0.09480895915678524,0.40384615384615385,1,1,1,0,1,0,0,0,0
389684,ZA4,Free State,ZA4,Free State,ZA494,Mangaung,ZA494,Mangaung,2020-10-17,2020-10-17,5675,2918,1865,230227568.4846022,46483922.76580719,28577695,20201017,20201017,0.26262942751272955,0.6754982029249197,0.06187236956235082,0.4901411892511804,826621.0,0.26262942751272955,0.6754982029249197,0.06187236956235082,0.4901411892511804,826621.0,0.27329104477611943,0.8269230769230769,0.27329104477611943,0.8269230769230769,1,1,1,0,1,0,0,0,0
389685,ZA2,Eastern Cape,ZA2,Eastern Cape,ZA244,Alfred Nzo,ZA244,Alfred Nzo,2020-10-17,2020-10-17,211,121,95,7981795.312155843,1703985.2932010344,2187927,20201017,20201017,0.40782127157510134,0.5221222097470932,0.07005651867780548,0.4576553946475353,788235.0,0.40782127157510134,0.5221222097470932,0.07005651867780548,0.4576553946475353,788235.0,-0.27396673320026615,0.11538461538461539,-0.27396673320026615,0.11538461538461539,1,1,1,0,1,0,0,0,0
389686,ZA6,North West,ZA9,Limpopo,ZA637,Bojanala,ZA936,Waterberg,2020-10-17,2020-10-17,23,23,23,4593917.426453203,2047117.0150977692,345328,20201017,20201017,0.25082919250139085,0.6903465537718604,0.05882425372674875,0.5380589003726469,1786678.0,0.2870915348782833,0.6477210572390478,0.06518740788266879,0.5138960603357211,718513.0,0.07430676328502415,0.6538461538461539,0.00236898395721925,0.5576923076923077,1,1,1,0,1,0,0,0,0
389687,ZA8,Mpumalanga,ZA8,Mpumalanga,ZA830,Gert Sibande,ZA830,Gert Sibande,2020-10-17,2020-10-17,3869,1987,1368,180498407.51984397,41517423.83237246,20863340,20201017,20201017,0.30688245639051287,0.6412288994160756,0.05188864419341153,0.49968312815881616,1136106.0,0.30688245639051287,0.6412288994160756,0.05188864419341153,0.49968312815881616,1136106.0,-0.11248741610738255,0.36538461538461536,-0.11248741610738255,0.36538461538461536,1,1,1,0,1,0,0,0,0
389688,ZA2,Eastern Cape,ZA3,Nothern Cape,ZA293,Nelson Mandela Bay,ZA309,Frances Baard,2020-10-17,2020-10-17,1,1,1,1456151.3914832894,546534.8060477186,1869,20201017,20201017,0.2465186661259611,0.6842154879637478,0.0692658459102911,0.4877654529777138,1230491.0,0.2860169290028057,0.6497360787483951,0.06424699224879928,0.49189928194398214,420580.0,0.5740514018691588,0.9423076923076923,0.29907801418439717,0.8846153846153846,1,1,1,0,1,0,0,0,0
389689,ZA8,Mpumalanga,ZA7,Gauteng,ZA830,Gert Sibande,ZA748,West Rand,2020-10-17,2020-10-17,4,4,4,1865507.9342968424,897242.0581647484,82941,20201017,20201017,0.30688245639051287,0.6412288994160756,0.05188864419341153,0.49968312815881616,1136106.0,0.23154887232085752,0.7207832829912092,0.047667844687933295,0.5288128906961219,856804.0,-0.11248741610738255,0.36538461538461536,0.23715802469135805,0.8076923076923077,1,1,1,0,1,0,0,0,0
389690,ZA7,Gauteng,ZA7,Gauteng,ZA748,West Rand,ZA799,City of Tshwane,2020-10-17,2020-10-17,147,146,145,21917859.85091828,10092932.256079432,1571068,20201017,20201017,0.23154887232085752,0.7207832829912092,0.047667844687933295,0.5288128906961219,856804.0,0.22283079372412132,0.7204843127840075,0.056684893491871245,0.5057337597223363,3627986.0,0.23715802469135805,0.8076923076923077,0.48224212034383956,0.9038461538461539,1,1,1,0,1,0,0,0,0
389691,ZA3,Nothern Cape,ZA3,Nothern Cape,ZA307,Pixley ka Seme,ZA307,Pixley ka Seme,2020-10-17,2020-10-18,67,67,67,4084243.065833596,643675.5583648193,2239997,20201017,20201018,0.3060749448635213,0.6232332132979509,0.0706918418385278,0.5011842246002923,196331.0,0.3060749448635213,0.6232332132979509,0.0706918418385278,0.5011842246002923,196331.0,0.1854655172413793,0.75,0.1854655172413793,0.75,1,1,1,0,1,0,0,0,0
389692,ZA5,KwaZulu-Natal,ZA5,KwaZulu-Natal,ZA526,Zululand,ZA595,eThekwini,2020-10-17,2020-10-17,3,3,3,1226763.7167535222,720788.4801473321,56100,20201017,20201017,0.392497537624586,0.5542130860581069,0.053289376317307055,0.4651401640222711,783796.0,0.2446364969883556,0.6990922562931536,0.05627124671849075,0.494610924976595,3587907.0,-0.2762355212355212,0.09615384615384616,0.5666580406654343,0.9230769230769231,1,1,1,0,1,0,0,0,0
389693,ZA3,Nothern Cape,ZA4,Free State,ZA309,Frances Baard,ZA418,Lejweleputswa,2020-10-17,2020-10-17,19,18,18,5570068.389692508,2311192.9710225207,230548,20201017,20201017,0.2860169290028057,0.6497360787483951,0.06424699224879928,0.49189928194398214,420580.0,0.27941650281351393,0.6617931601395349,0.058790337046951115,0.500105365269169,574193.0,0.29907801418439717,0.8846153846153846,0.29495049504950493,0.8653846153846154,1,1,1,0,1,0,0,0,0
389694,ZA8,Mpumalanga,ZA7,Gauteng,ZA830,Gert Sibande,ZA798,City of Johannesburg,2020-10-17,2020-10-17,29,29,29,8976026.43361562,4408295.98768815,480143,20201017,20201017,0.30688245639051287,0.6412288994160756,0.05188864419341153,0.49968312815881616,1136106.0,0.2220629170143196,0.7299897648810346,0.047947318104645836,0.5097433964893054,5540727.0,-0.11248741610738255,0.36538461538461536,0.8818060606060606,1.0,1,1,1,0,1,0,0,0,0
389695,ZA3,Nothern Cape,ZA3,Nothern Cape,ZA306,Namakwa,ZA306,Namakwa,2020-10-17,2020-10-17,210,121,92,25673570.17956372,2594206.425968721,1407023,20201017,20201017,0.2479438366342976,0.6592106724059887,0.09284549095971371,0.5132337492633683,117087.0,0.2479438366342976,0.6592106724059887,0.09284549095971371,0.5132337492633683,117087.0,0.06505633802816901,0.6153846153846154,0.06505633802816901,0.6153846153846154,1,1,1,0,1,0,0,0,0
389696,ZA8,Mpumalanga,ZA8,Mpumalanga,ZA831,Nkangala,ZA830,Gert Sibande,2020-10-17,2020-10-17,94,94,92,17366504.258670125,6697428.966017239,1012091,20201017,20201017,0.27290691475673784,0.6711806877078121,0.055912397535449986,0.5109201270525474,1573837.0,0.30688245639051287,0.6412288994160756,0.05188864419341153,0.49968312815881616,1136106.0,0.07867808219178082,0.6730769230769231,-0.11248741610738255,0.36538461538461536,1,1,1,0,1,0,0,0,0
389697,ZA1,Western Cape,ZA1,Western Cape,ZA102,Cape Winelands,ZA101,West Coast,2020-10-17,2020-10-18,6,6,6,1325869.5520249254,584343.1131401322,234858,20201017,20201018,0.24989252608235304,0.6902123420738123,0.059895131843834624,0.5011121214086944,909523.0,0.24466466325617858,0.6852166396976793,0.0701186970461421,0.5060695297345649,497485.0,-0.012388831437435367,0.5192307692307693,-0.12079976303317536,0.34615384615384615,1,1,1,0,1,0,0,0,0
389698,ZA7,Gauteng,ZA6,North West,ZA742,Sedibeng,ZA640,Dr Kenneth Kaunda,2020-10-17,2020-10-18,3,3,3,719954.1370801196,266722.1786862324,69974,20201017,20201018,0.24393339879416723,0.6953819961266214,0.06068460507921129,0.5059130831550246,994997.0,0.27505895171327793,0.6602340041700301,0.06470704411669191,0.5065976875287468,754431.0,0.2808379746835443,0.8461538461538461,-0.10069384057971015,0.38461538461538464,1,1,1,0,1,0,0,0,0
389699,ZA8,Mpumalanga,ZA7,Gauteng,ZA831,Nkangala,ZA742,Sedibeng,2020-10-17,2020-10-17,17,16,15,2198680.5630224417,846520.6532325572,65111,20201017,20201017,0.27290691475673784,0.6711806877078121,0.055912397535449986,0.5109201270525474,1573837.0,0.24393339879416723,0.6953819961266214,0.06068460507921129,0.5059130831550246,994997.0,0.07867808219178082,0.6730769230769231,0.2808379746835443,0.8461538461538461,1,1,1,0,1,0,0,0,0
389700,ZA5,KwaZulu-Natal,ZA5,KwaZulu-Natal,ZA595,eThekwini,ZA529,iLembe,2020-10-17,2020-10-17,322,320,308,44557675.86844046,13816969.306028267,3249753,20201017,20201017,0.2446364969883556,0.6990922562931536,0.05627124671849075,0.494610924976595,3587907.0,0.32390440311621094,0.6202867780885334,0.05580881879525565,0.4827645772056803,636799.0,0.5666580406654343,0.9230769230769231,-0.14951617873651774,0.28846153846153844,1,1,1,0,1,0,0,0,0
389701,ZA8,Mpumalanga,ZA8,Mpumalanga,ZA832,Ehlanzeni,ZA832,Ehlanzeni,2020-10-17,2020-10-18,536,536,535,34035261.07817333,6224681.321094352,20581018,20201017,20201018,0.32438893780700045,0.6235217992770762,0.05208926291592337,0.47979089412028486,1837538.0,0.32438893780700045,0.6235217992770762,0.05208926291592337,0.47979089412028486,1837538.0,0.1315940928270042,0.7307692307692307,0.1315940928270042,0.7307692307692307,1,1,1,0,1,0,0,0,0
389702,ZA7,Gauteng,ZA7,Gauteng,ZA798,City of Johannesburg,ZA748,West Rand,2020-10-17,2020-10-17,1131,1108,1060,73596569.12578776,26968937.325744662,7546219,20201017,20201017,0.2220629170143196,0.7299897648810346,0.047947318104645836,0.5097433964893054,5540727.0,0.23154887232085752,0.7207832829912092,0.047667844687933295,0.5288128906961219,856804.0,0.8818060606060606,1.0,0.23715802469135805,0.8076923076923077,1,1,1,0,1,0,0,0,0
389703,ZA3,Nothern Cape,ZA3,Nothern Cape,ZA308,Z F Mgcawu,ZA308,Z F Mgcawu,2020-10-17,2020-10-17,843,433,298,67616091.18263519,9396228.462606369,6048323,20201017,20201017,0.27601757542529287,0.6641943181028425,0.059788106471864645,0.5142626583989065,258998.0,0.27601757542529287,0.6641943181028425,0.059788106471864645,0.5142626583989065,258998.0,-0.04016603773584906,0.46153846153846156,-0.04016603773584906,0.46153846153846156,1,1,1,0,1,0,0,0,0
389704,ZA5,KwaZulu-Natal,ZA2,Eastern Cape,ZA522,Umgungundlovu,ZA215,O.R.Tambo,2020-10-17,2020-10-17,1,1,1,427132.8897019279,195728.2049081153,27369,20201017,20201017,0.2748377359932372,0.663873035280183,0.06128922872657978,0.48236181888519014,1046905.0,0.38804558548824664,0.5482866433400703,0.06366777117168307,0.4623163104135049,1358678.0,0.0061256544502617805,0.5769230769230769,-0.23807536101083035,0.1346153846153846,1,1,1,0,1,0,0,0,0
389705,ZA6,North West,ZA7,Gauteng,ZA640,Dr Kenneth Kaunda,ZA797,Ekurhuleni,2020-10-17,2020-10-17,18,18,18,6325790.419205188,2951883.1111459453,293232,20201017,20201017,0.27505895171327793,0.6602340041700301,0.06470704411669191,0.5065976875287468,754431.0,0.23296733680905687,0.7203157619169479,0.04671690127399521,0.5205474946472306,3739653.0,-0.10069384057971015,0.38461538461538464,0.7435109289617486,0.9615384615384616,1,1,1,0,1,0,0,0,0
389706,ZA8,Mpumalanga,ZA7,Gauteng,ZA830,Gert Sibande,ZA797,Ekurhuleni,2020-10-17,2020-10-18,12,12,12,1794475.5212722705,816442.6135114708,284216,20201017,20201018,0.30688245639051287,0.6412288994160756,0.05188864419341153,0.49968312815881616,1136106.0,0.23296733680905687,0.7203157619169479,0.04671690127399521,0.5205474946472306,3739653.0,-0.11248741610738255,0.36538461538461536,0.7435109289617486,0.9615384615384616,1,1,1,0,1,0,0,0,0
389707,ZA2,Eastern Cape,ZA2,Eastern Cape,ZA212,Amathole,ZA213,Chris Hani,2020-10-17,2020-10-18,4,4,4,4694362.492449488,463301.2584564084,146343,20201017,20201018,0.32816698449842097,0.5696178168124134,0.1022151986891656,0.47434426623917664,789726.0,0.334940582305372,0.572656560540376,0.09240285715425203,0.478383232498069,752217.0,-0.3192883211678832,0.019230769230769232,-0.29251697892271666,0.057692307692307696,1,1,1,0,1,0,0,0,0
389708,ZA1,Western Cape,ZA1,Western Cape,ZA102,Cape Winelands,ZA103,Overberg,2020-10-17,2020-10-17,94,92,91,25581336.11183443,7952817.42299503,1245015,20201017,20201017,0.24989252608235304,0.6902123420738123,0.059895131843834624,0.5011121214086944,909523.0,0.22836513904770692,0.6721314716747349,0.09950338927755827,0.511077351980676,303457.0,-0.012388831437435367,0.5192307692307693,0.051486772486772484,0.5961538461538461,1,1,1,0,1,0,0,0,0
389709,ZA8,Mpumalanga,ZA8,Mpumalanga,ZA832,Ehlanzeni,ZA832,Ehlanzeni,2020-10-17,2020-10-17,5404,2605,1883,533580508.6458343,81101352.72041929,32019866,20201017,20201017,0.32438893780700045,0.6235217992770762,0.05208926291592337,0.47979089412028486,1837538.0,0.32438893780700045,0.6235217992770762,0.05208926291592337,0.47979089412028486,1837538.0,0.1315940928270042,0.7307692307692307,0.1315940928270042,0.7307692307692307,1,1,1,0,1,0,0,0,0
389710,ZA6,North West,ZA7,Gauteng,ZA640,Dr Kenneth Kaunda,ZA742,Sedibeng,2020-10-17,2020-10-17,33,33,33,6397660.956416268,2534019.3807966886,262037,20201017,20201017,0.27505895171327793,0.6602340041700301,0.06470704411669191,0.5065976875287468,754431.0,0.24393339879416723,0.6953819961266214,0.06068460507921129,0.5059130831550246,994997.0,-0.10069384057971015,0.38461538461538464,0.2808379746835443,0.8461538461538461,1,1,1,0,1,0,0,0,0
389711,ZA2,Eastern Cape,ZA2,Eastern Cape,ZA210,Cacadu,ZA213,Chris Hani,2020-10-17,2020-10-18,1,1,1,814680.0163361866,312437.586042178,32780,20201017,20201018,0.2618455236218228,0.6571170870354837,0.08103738934269357,0.4975242081945451,491156.0,0.334940582305372,0.572656560540376,0.09240285715425203,0.478383232498069,752217.0,-0.01848062015503876,0.5,-0.29251697892271666,0.057692307692307696,1,1,1,0,1,0,0,0,0
389712,ZA7,Gauteng,ZA4,Free State,ZA748,West Rand,ZA418,Lejweleputswa,2020-10-17,2020-10-17,3,3,3,1527226.615821562,695802.7526466005,41106,20201017,20201017,0.23154887232085752,0.7207832829912092,0.047667844687933295,0.5288128906961219,856804.0,0.27941650281351393,0.6617931601395349,0.058790337046951115,0.500105365269169,574193.0,0.23715802469135805,0.8076923076923077,0.29495049504950493,0.8653846153846154,1,1,1,0,1,0,0,0,0
389713,ZA3,Nothern Cape,ZA4,Free State,ZA307,Pixley ka Seme,ZA416,Xhariep,2020-10-17,2020-10-17,11,11,11,5959980.788967641,370484.1062150216,92978,20201017,20201017,0.3060749448635213,0.6232332132979509,0.0706918418385278,0.5011842246002923,196331.0,0.29515218562959183,0.6325513667867511,0.07229644758365718,0.5005153225730198,105759.0,0.1854655172413793,0.75,0.18671264367816093,0.7692307692307693,1,1,1,0,1,0,0,0,0
389714,ZA1,Western Cape,ZA1,Western Cape,ZA103,Overberg,ZA102,Cape Winelands,2020-10-17,2020-10-17,82,81,80,14390989.313691214,5805375.764272708,990183,20201017,20201017,0.22836513904770692,0.6721314716747349,0.09950338927755827,0.511077351980676,303457.0,0.24989252608235304,0.6902123420738123,0.059895131843834624,0.5011121214086944,909523.0,0.051486772486772484,0.5961538461538461,-0.012388831437435367,0.5192307692307693,1,1,1,0,1,0,0,0,0
389715,ZA2,Eastern Cape,ZA2,Eastern Cape,ZA292,Buffalo City,ZA213,Chris Hani,2020-10-17,2020-10-18,1,1,1,238964.75259608356,118561.5081954062,66346,20201017,20201018,0.254980022080858,0.6758306608485358,0.06918931707060617,0.48177934914042375,760840.0,0.334940582305372,0.572656560540376,0.09240285715425203,0.478383232498069,752217.0,0.09585175879396986,0.6923076923076923,-0.29251697892271666,0.057692307692307696,1,1,1,0,1,0,0,0,0
389716,ZA7,Gauteng,ZA7,Gauteng,ZA799,City of Tshwane,ZA799,City of Tshwane,2020-10-17,2020-10-18,2666,2666,2666,70814295.78769459,24344164.274202928,91362630,20201017,20201018,0.22283079372412132,0.7204843127840075,0.056684893491871245,0.5057337597223363,3627986.0,0.22283079372412132,0.7204843127840075,0.056684893491871245,0.5057337597223363,3627986.0,0.48224212034383956,0.9038461538461539,0.48224212034383956,0.9038461538461539,1,1,1,0,1,0,0,0,0
389717,ZA9,Limpopo,ZA9,Limpopo,ZA936,Waterberg,ZA936,Waterberg,2020-10-17,2020-10-18,327,326,326,18218444.0304222,2922264.751713242,12498835,20201017,20201018,0.2870915348782833,0.6477210572390478,0.06518740788266879,0.5138960603357211,718513.0,0.2870915348782833,0.6477210572390478,0.06518740788266879,0.5138960603357211,718513.0,0.00236898395721925,0.5576923076923077,0.00236898395721925,0.5576923076923077,1,1,1,0,1,0,0,0,0
389718,ZA7,Gauteng,ZA7,Gauteng,ZA799,City of Tshwane,ZA797,Ekurhuleni,2020-10-17,2020-10-18,146,146,146,17677294.62595675,6683071.391913073,3906762,20201017,20201018,0.22283079372412132,0.7204843127840075,0.056684893491871245,0.5057337597223363,3627986.0,0.23296733680905687,0.7203157619169479,0.04671690127399521,0.5205474946472306,3739653.0,0.48224212034383956,0.9038461538461539,0.7435109289617486,0.9615384615384616,1,1,1,0,1,0,0,0,0
389719,ZA9,Limpopo,ZA9,Limpopo,ZA947,Sekhukhune,ZA933,Mopani,2020-10-17,2020-10-17,4,4,4,1558542.578137862,320877.8800413534,78416,20201017,20201017,0.3536917516859454,0.5707075150199985,0.07560073329405607,0.46486328935523974,1125333.0,0.3329418650827259,0.6026296126910996,0.06442852222617454,0.46142626187343905,1062666.0,-0.06015677966101695,0.4423076923076923,-0.037928345626975765,0.4807692307692308,1,1,1,0,1,0,0,0,0
389720,ZA5,KwaZulu-Natal,ZA5,KwaZulu-Natal,ZA528,Uthungulu,ZA528,Uthungulu,2020-10-17,2020-10-18,201,201,201,7212608.80874844,2712033.155570732,8176050,20201017,20201018,0.3398562749304085,0.6096443299200878,0.05049939514950375,0.4759701217345943,889476.0,0.3398562749304085,0.6096443299200878,0.05049939514950375,0.4759701217345943,889476.0,-0.2202014106583072,0.15384615384615385,-0.2202014106583072,0.15384615384615385,1,1,1,0,1,0,0,0,0
389721,ZA8,Mpumalanga,ZA8,Mpumalanga,ZA831,Nkangala,ZA831,Nkangala,2020-10-17,2020-10-24,2,2,2,457503.9035697646,175304.369305891,1189480,20201017,20201024,0.27290691475673784,0.6711806877078121,0.055912397535449986,0.5109201270525474,1573837.0,0.27290691475673784,0.6711806877078121,0.055912397535449986,0.5109201270525474,1573837.0,0.07867808219178082,0.6730769230769231,0.07867808219178082,0.6730769230769231,1,1,1,0,1,0,0,0,0
389722,ZA9,Limpopo,ZA9,Limpopo,ZA936,Waterberg,ZA947,Sekhukhune,2020-10-17,2020-10-17,13,13,13,4800787.473832484,1296590.4050341055,155823,20201017,20201017,0.2870915348782833,0.6477210572390478,0.06518740788266879,0.5138960603357211,718513.0,0.3536917516859454,0.5707075150199985,0.07560073329405607,0.46486328935523974,1125333.0,0.00236898395721925,0.5576923076923077,-0.06015677966101695,0.4423076923076923,1,1,1,0,1,0,0,0,0
389723,ZA4,Free State,ZA4,Free State,ZA418,Lejweleputswa,ZA494,Mangaung,2020-10-17,2020-10-17,45,45,45,12095753.974268096,5077523.165468915,381309,20201017,20201017,0.27941650281351393,0.6617931601395349,0.058790337046951115,0.500105365269169,574193.0,0.26262942751272955,0.6754982029249197,0.06187236956235082,0.4901411892511804,826621.0,0.29495049504950493,0.8653846153846154,0.27329104477611943,0.8269230769230769,1,1,1,0,1,0,0,0,0
389724,ZA5,KwaZulu-Natal,ZA5,KwaZulu-Natal,ZA527,Umkhanyakude,ZA528,Uthungulu,2020-10-17,2020-10-17,16,15,15,3378560.213636122,1054353.8860313836,121813,20201017,20201017,0.40017378652548197,0.5489306999026919,0.05089551357182606,0.4622270789873748,643318.0,0.3398562749304085,0.6096443299200878,0.05049939514950375,0.4759701217345943,889476.0,-0.31784377542717657,0.038461538461538464,-0.2202014106583072,0.15384615384615385,1,1,1,0,1,0,0,0,0
389725,ZA7,Gauteng,ZA7,Gauteng,ZA748,West Rand,ZA798,City of Johannesburg,2020-10-17,2020-10-17,1052,1036,986,71390691.57591702,24071297.72318882,7453104,20201017,20201017,0.23154887232085752,0.7207832829912092,0.047667844687933295,0.5288128906961219,856804.0,0.2220629170143196,0.7299897648810346,0.047947318104645836,0.5097433964893054,5540727.0,0.23715802469135805,0.8076923076923077,0.8818060606060606,1.0,1,1,1,0,1,0,0,0,0
389726,ZA7,Gauteng,ZA7,Gauteng,ZA748,West Rand,ZA797,Ekurhuleni,2020-10-17,2020-10-17,101,100,99,16358691.629299512,7112069.280565086,1092980,20201017,20201017,0.23154887232085752,0.7207832829912092,0.047667844687933295,0.5288128906961219,856804.0,0.23296733680905687,0.7203157619169479,0.04671690127399521,0.5205474946472306,3739653.0,0.23715802469135805,0.8076923076923077,0.7435109289617486,0.9615384615384616,1,1,1,0,1,0,0,0,0
389727,ZA5,KwaZulu-Natal,ZA5,KwaZulu-Natal,ZA526,Zululand,ZA526,Zululand,2020-10-17,2020-10-18,101,101,101,2977690.514444641,769255.4665702308,4013275,20201017,20201018,0.392497537624586,0.5542130860581069,0.053289376317307055,0.4651401640222711,783796.0,0.392497537624586,0.5542130860581069,0.053289376317307055,0.4651401640222711,783796.0,-0.2762355212355212,0.09615384615384616,-0.2762355212355212,0.09615384615384616,1,1,1,0,1,0,0,0,0
389728,ZA2,Eastern Cape,ZA2,Eastern Cape,ZA210,Cacadu,ZA293,Nelson Mandela Bay,2020-10-17,2020-10-18,55,55,55,7612116.216425193,3171038.0988567057,1410508,20201017,20201018,0.2618455236218228,0.6571170870354837,0.08103738934269357,0.4975242081945451,491156.0,0.2465186661259611,0.6842154879637478,0.0692658459102911,0.4877654529777138,1230491.0,-0.01848062015503876,0.5,0.5740514018691588,0.9423076923076923,1,1,1,0,1,0,0,0,0
389729,ZA1,Western Cape,ZA1,Western Cape,ZA103,Overberg,ZA103,Overberg,2020-10-17,2020-10-18,148,148,148,7582792.48072892,1797179.009434398,5540620,20201017,20201018,0.22836513904770692,0.6721314716747349,0.09950338927755827,0.511077351980676,303457.0,0.22836513904770692,0.6721314716747349,0.09950338927755827,0.511077351980676,303457.0,0.051486772486772484,0.5961538461538461,0.051486772486772484,0.5961538461538461,1,1,1,0,1,0,0,0,0
389730,ZA4,Free State,ZA4,Free State,ZA418,Lejweleputswa,ZA419,Thabo Mofutsanyane,2020-10-17,2020-10-17,9,9,9,2857650.377814345,1474402.705380051,129465,20201017,20201017,0.27941650281351393,0.6617931601395349,0.058790337046951115,0.500105365269169,574193.0,0.31143326559338835,0.6251823622683981,0.06338437213821363,0.47028720831466336,662829.0,0.29495049504950493,0.8653846153846154,0.10770218579234972,0.7115384615384616,1,1,1,0,1,0,0,0,0
389731,ZA6,North West,ZA7,Gauteng,ZA640,Dr Kenneth Kaunda,ZA799,City of Tshwane,2020-10-17,2020-10-17,22,22,21,8274895.619651064,4035666.080752672,304875,20201017,20201017,0.27505895171327793,0.6602340041700301,0.06470704411669191,0.5065976875287468,754431.0,0.22283079372412132,0.7204843127840075,0.056684893491871245,0.5057337597223363,3627986.0,-0.10069384057971015,0.38461538461538464,0.48224212034383956,0.9038461538461539,1,1,1,0,1,0,0,0,0
389732,ZA9,Limpopo,ZA9,Limpopo,ZA934,Vhembe,ZA935,Capricorn,2020-10-17,2020-10-26,1,1,1,133976.07078081102,133976.07078081102,818775,20201017,20201026,0.3433867460978093,0.5887604530714541,0.06785280083073665,0.4597374214109392,1325089.0,0.3265897738288558,0.6007690312860821,0.07264119488506209,0.472231826966417,1295656.0,-0.0767829596412556,0.4230769230769231,0.07397387387387387,0.6346153846153846,1,1,1,0,1,0,0,0,0
389733,ZA7,Gauteng,ZA7,Gauteng,ZA748,West Rand,ZA748,West Rand,2020-10-17,2020-10-18,340,340,340,7146228.094702296,2860240.3090846096,12625016,20201017,20201018,0.23154887232085752,0.7207832829912092,0.047667844687933295,0.5288128906961219,856804.0,0.23154887232085752,0.7207832829912092,0.047667844687933295,0.5288128906961219,856804.0,0.23715802469135805,0.8076923076923077,0.23715802469135805,0.8076923076923077,1,1,1,0,1,0,0,0,0
389734,ZA4,Free State,ZA4,Free State,ZA420,Fezile Dabi,ZA494,Mangaung,2020-10-17,2020-10-17,7,7,7,6767121.1093838615,1874758.4331964888,113071,20201017,20201017,0.2705098118551487,0.6604572122193,0.06903297592555128,0.5050070807202104,494300.0,0.26262942751272955,0.6754982029249197,0.06187236956235082,0.4901411892511804,826621.0,0.2276555023923445,0.7884615384615384,0.27329104477611943,0.8269230769230769,1,1,1,0,1,0,0,0,0
389735,ZA2,Eastern Cape,ZA2,Eastern Cape,ZA212,Amathole,ZA210,Cacadu,2020-10-17,2020-10-17,8,8,8,2746596.096866213,598066.4145912161,60259,20201017,20201017,0.32816698449842097,0.5696178168124134,0.1022151986891656,0.47434426623917664,789726.0,0.2618455236218228,0.6571170870354837,0.08103738934269357,0.4975242081945451,491156.0,-0.3192883211678832,0.019230769230769232,-0.01848062015503876,0.5,1,1,1,0,1,0,0,0,0
389736,ZA7,Gauteng,ZA7,Gauteng,ZA798,City of Johannesburg,ZA797,Ekurhuleni,2020-10-17,2020-10-18,245,245,245,18692996.147206355,5237752.977613258,7209855,20201017,20201018,0.2220629170143196,0.7299897648810346,0.047947318104645836,0.5097433964893054,5540727.0,0.23296733680905687,0.7203157619169479,0.04671690127399521,0.5205474946472306,3739653.0,0.8818060606060606,1.0,0.7435109289617486,0.9615384615384616,1,1,1,0,1,0,0,0,0
389737,ZA2,Eastern Cape,ZA7,Gauteng,ZA293,Nelson Mandela Bay,ZA798,City of Johannesburg,2020-10-17,2020-10-18,1,1,1,1813462.2425765437,864719.8169485416,94357,20201017,20201018,0.2465186661259611,0.6842154879637478,0.0692658459102911,0.4877654529777138,1230491.0,0.2220629170143196,0.7299897648810346,0.047947318104645836,0.5097433964893054,5540727.0,0.5740514018691588,0.9423076923076923,0.8818060606060606,1.0,1,1,1,0,1,0,0,0,0
389738,ZA5,KwaZulu-Natal,ZA5,KwaZulu-Natal,ZA543,Sisonke,ZA543,Sisonke,2020-10-17,2020-10-18,51,51,51,2999057.2125671706,394170.29885131016,2142992,20201017,20201018,0.37293146983899067,0.5707096800166399,0.05635885014436937,0.4671305273563743,447117.0,0.37293146983899067,0.5707096800166399,0.05635885014436937,0.4671305273563743,447117.0,-0.2112274881516588,0.17307692307692307,-0.2112274881516588,0.17307692307692307,1,1,1,0,1,0,0,0,0
389739,ZA9,Limpopo,ZA7,Gauteng,ZA936,Waterberg,ZA799,City of Tshwane,2020-10-17,2020-10-24,2,2,2,620478.3149964687,296711.8328522815,1099550,20201017,20201024,0.2870915348782833,0.6477210572390478,0.06518740788266879,0.5138960603357211,718513.0,0.22283079372412132,0.7204843127840075,0.056684893491871245,0.5057337597223363,3627986.0,0.00236898395721925,0.5576923076923077,0.48224212034383956,0.9038461538461539,1,1,1,0,1,0,0,0,0
389740,ZA4,Free State,ZA7,Gauteng,ZA419,Thabo Mofutsanyane,ZA797,Ekurhuleni,2020-10-17,2020-10-17,12,12,12,14030223.727328634,3428692.2237142087,264328,20201017,20201017,0.31143326559338835,0.6251823622683981,0.06338437213821363,0.47028720831466336,662829.0,0.23296733680905687,0.7203157619169479,0.04671690127399521,0.5205474946472306,3739653.0,0.10770218579234972,0.7115384615384616,0.7435109289617486,0.9615384615384616,1,1,1,0,1,0,0,0,0
389741,ZA6,North West,ZA7,Gauteng,ZA637,Bojanala,ZA799,City of Tshwane,2020-10-17,2020-10-17,388,381,366,56221383.58762461,21358979.42329228,3524545,20201017,20201017,0.25082919250139085,0.6903465537718604,0.05882425372674875,0.5380589003726469,1786678.0,0.22283079372412132,0.7204843127840075,0.056684893491871245,0.5057337597223363,3627986.0,0.07430676328502415,0.6538461538461539,0.48224212034383956,0.9038461538461539,1,1,1,0,1,0,0,0,0
389742,ZA2,Eastern Cape,ZA2,Eastern Cape,ZA213,Chris Hani,ZA210,Cacadu,2020-10-17,2020-10-22,1,1,1,250755.0473508692,124474.01012496288,469922,20201017,20201022,0.334940582305372,0.572656560540376,0.09240285715425203,0.478383232498069,752217.0,0.2618455236218228,0.6571170870354837,0.08103738934269357,0.4975242081945451,491156.0,-0.29251697892271666,0.057692307692307696,-0.01848062015503876,0.5,1,1,1,0,1,0,0,0,0
389743,ZA3,Nothern Cape,ZA3,Nothern Cape,ZA309,Frances Baard,ZA309,Frances Baard,2020-10-17,2020-10-18,178,178,178,8241118.532369742,1002521.8171673276,7073900,20201017,20201018,0.2860169290028057,0.6497360787483951,0.06424699224879928,0.49189928194398214,420580.0,0.2860169290028057,0.6497360787483951,0.06424699224879928,0.49189928194398214,420580.0,0.29907801418439717,0.8846153846153846,0.29907801418439717,0.8846153846153846,1,1,1,0,1,0,0,0,0
389744,ZA7,Gauteng,ZA6,North West,ZA748,West Rand,ZA640,Dr Kenneth Kaunda,2020-10-17,2020-10-17,35,35,35,6265246.04965537,2576895.3618905437,270308,20201017,20201017,0.23154887232085752,0.7207832829912092,0.047667844687933295,0.5288128906961219,856804.0,0.27505895171327793,0.6602340041700301,0.06470704411669191,0.5065976875287468,754431.0,0.23715802469135805,0.8076923076923077,-0.10069384057971015,0.38461538461538464,1,1,1,0,1,0,0,0,0
389745,ZA6,North West,ZA7,Gauteng,ZA637,Bojanala,ZA797,Ekurhuleni,2020-10-17,2020-10-17,71,71,71,14931811.286954695,6812864.207258602,820161,20201017,20201017,0.25082919250139085,0.6903465537718604,0.05882425372674875,0.5380589003726469,1786678.0,0.23296733680905687,0.7203157619169479,0.04671690127399521,0.5205474946472306,3739653.0,0.07430676328502415,0.6538461538461539,0.7435109289617486,0.9615384615384616,1,1,1,0,1,0,0,0,0
389746,ZA8,Mpumalanga,ZA9,Limpopo,ZA831,Nkangala,ZA947,Sekhukhune,2020-10-17,2020-10-18,8,8,8,829213.078523257,345721.2320692461,306161,20201017,20201018,0.27290691475673784,0.6711806877078121,0.055912397535449986,0.5109201270525474,1573837.0,0.3536917516859454,0.5707075150199985,0.07560073329405607,0.46486328935523974,1125333.0,0.07867808219178082,0.6730769230769231,-0.06015677966101695,0.4423076923076923,1,1,1,0,1,0,0,0,0
389747,ZA1,Western Cape,ZA1,Western Cape,ZA102,Cape Winelands,ZA105,Central Karoo,2020-10-17,2020-10-17,1,1,1,433873.7208859708,112855.0636125758,18785,20201017,20201017,0.24989252608235304,0.6902123420738123,0.059895131843834624,0.5011121214086944,909523.0,0.29415328297801036,0.633639246216906,0.07220747080508365,0.4979247763656518,77582.0,-0.012388831437435367,0.5192307692307693,-0.12604477611940298,0.3269230769230769,1,1,1,0,1,0,0,0,0
389748,ZA5,KwaZulu-Natal,ZA5,KwaZulu-Natal,ZA595,eThekwini,ZA523,Uthukela,2020-10-17,2020-10-17,23,23,23,11755109.636753164,4560972.672255317,393646,20201017,20201017,0.2446364969883556,0.6990922562931536,0.05627124671849075,0.494610924976595,3587907.0,0.36014331224838336,0.5864396074090654,0.05341708034255123,0.46782833191779016,652282.0,0.5666580406654343,0.9230769230769231,-0.19841226215644822,0.19230769230769232,1,1,1,0,1,0,0,0,0
389749,ZA2,Eastern Cape,ZA2,Eastern Cape,ZA212,Amathole,ZA212,Amathole,2020-10-17,2020-10-17,525,289,235,27518549.459871285,4977776.098058394,4603772,20201017,20201017,0.32816698449842097,0.5696178168124134,0.1022151986891656,0.47434426623917664,789726.0,0.32816698449842097,0.5696178168124134,0.1022151986891656,0.47434426623917664,789726.0,-0.3192883211678832,0.019230769230769232,-0.3192883211678832,0.019230769230769232,1,1,1,0,1,0,0,0,0
389750,ZA3,Nothern Cape,ZA3,Nothern Cape,ZA307,Pixley ka Seme,ZA307,Pixley ka Seme,2020-10-17,2020-10-17,598,319,212,50402089.211464144,8305355.027638813,3665282,20201017,20201017,0.3060749448635213,0.6232332132979509,0.0706918418385278,0.5011842246002923,196331.0,0.3060749448635213,0.6232332132979509,0.0706918418385278,0.5011842246002923,196331.0,0.1854655172413793,0.75,0.1854655172413793,0.75,1,1,1,0,1,0,0,0,0
389751,ZA7,Gauteng,ZA6,North West,ZA798,City of Johannesburg,ZA638,Ngaka Modiri Molema,2020-10-17,2020-10-17,5,5,5,2436154.73345093,1300662.9080316056,79894,20201017,20201017,0.2220629170143196,0.7299897648810346,0.047947318104645836,0.5097433964893054,5540727.0,0.3236353449196357,0.6078801705223251,0.06848448455803925,0.4964769205863341,870971.0,0.8818060606060606,1.0,-0.18344824707846413,0.23076923076923078,1,1,1,0,1,0,0,0,0
389752,ZA6,North West,ZA3,Nothern Cape,ZA639,Dr Ruth Segomotsi Mompati,ZA345,John Taolo Gaetsewe,2020-10-17,2020-10-30,1,1,1,359706.7488450474,163780.24272477522,1159882,20201017,20201030,0.3412335579082451,0.5850872971649528,0.07367914492680208,0.4911837461796937,473784.0,0.31986957060536586,0.628082594956317,0.05204783443831712,0.4959027820806741,258224.0,-0.16626678765880218,0.2692307692307692,-0.13480926430517712,0.3076923076923077,1,1,1,0,1,0,0,0,0
389753,ZA9,Limpopo,ZA9,Limpopo,ZA933,Mopani,ZA935,Capricorn,2020-10-17,2020-10-17,33,33,33,11837889.295226004,2769584.491223569,481531,20201017,20201017,0.3329418650827259,0.6026296126910996,0.06442852222617454,0.46142626187343905,1062666.0,0.3265897738288558,0.6007690312860821,0.07264119488506209,0.472231826966417,1295656.0,-0.037928345626975765,0.4807692307692308,0.07397387387387387,0.6346153846153846,1,1,1,0,1,0,0,0,0
389754,ZA7,Gauteng,ZA5,KwaZulu-Natal,ZA798,City of Johannesburg,ZA521,Ugu,2020-10-17,2020-10-17,4,4,4,5454070.623014968,2697095.7364493646,121078,20201017,20201017,0.2220629170143196,0.7299897648810346,0.047947318104645836,0.5097433964893054,5540727.0,0.32122674606698143,0.6016982741355622,0.07707497979745637,0.47391596021954596,714019.0,0.8818060606060606,1.0,-0.09480895915678524,0.40384615384615385,1,1,1,0,1,0,0,0,0
389755,ZA1,Western Cape,ZA1,Western Cape,ZA104,Eden,ZA191,City of Cape Town,2020-10-17,2020-10-17,17,17,17,15305829.058619693,6181185.321422929,374279,20201017,20201017,0.24710205256745305,0.6628052101466374,0.09009273728590954,0.4993180863678119,673839.0,0.23849582985172932,0.697186217784503,0.06431795236376775,0.4976008771049945,4436413.0,0.0004522691705790296,0.5384615384615384,0.7687640750670242,0.9807692307692307,1,1,1,0,1,0,0,0,0
389756,ZA1,Western Cape,ZA1,Western Cape,ZA102,Cape Winelands,ZA191,City of Cape Town,2020-10-17,2020-10-17,1083,1075,1048,161924148.07178676,46067591.81302092,8838105,20201017,20201017,0.24989252608235304,0.6902123420738123,0.059895131843834624,0.5011121214086944,909523.0,0.23849582985172932,0.697186217784503,0.06431795236376775,0.4976008771049945,4436413.0,-0.012388831437435367,0.5192307692307693,0.7687640750670242,0.9807692307692307,1,1,1,0,1,0,0,0,0
389757,ZA5,KwaZulu-Natal,ZA5,KwaZulu-Natal,ZA522,Umgungundlovu,ZA522,Umgungundlovu,2020-10-17,2020-10-18,405,405,405,13360287.68697826,4415735.395008251,15068503,20201017,20201018,0.2748377359932372,0.663873035280183,0.06128922872657978,0.48236181888519014,1046905.0,0.2748377359932372,0.663873035280183,0.06128922872657978,0.48236181888519014,1046905.0,0.0061256544502617805,0.5769230769230769,0.0061256544502617805,0.5769230769230769,1,1,1,0,1,0,0,0,0
389758,ZA8,Mpumalanga,ZA9,Limpopo,ZA832,Ehlanzeni,ZA933,Mopani,2020-10-17,2020-10-18,7,7,7,1715206.064054504,484804.2969214263,249576,20201017,20201018,0.32438893780700045,0.6235217992770762,0.05208926291592337,0.47979089412028486,1837538.0,0.3329418650827259,0.6026296126910996,0.06442852222617454,0.46142626187343905,1062666.0,0.1315940928270042,0.7307692307692307,-0.037928345626975765,0.4807692307692308,1,1,1,0,1,0,0,0,0
389759,ZA4,Free State,ZA7,Gauteng,ZA420,Fezile Dabi,ZA748,West Rand,2020-10-17,2020-10-18,7,7,7,919704.7181717246,444662.2326628748,126416,20201017,20201018,0.2705098118551487,0.6604572122193,0.06903297592555128,0.5050070807202104,494300.0,0.23154887232085752,0.7207832829912092,0.047667844687933295,0.5288128906961219,856804.0,0.2276555023923445,0.7884615384615384,0.23715802469135805,0.8076923076923077,1,1,1,0,1,0,0,0,0
389760,ZA7,Gauteng,ZA7,Gauteng,ZA798,City of Johannesburg,ZA799,City of Tshwane,2020-10-17,2020-10-17,1328,1320,1291,161011787.50670743,61588239.94470369,12388563,20201017,20201017,0.2220629170143196,0.7299897648810346,0.047947318104645836,0.5097433964893054,5540727.0,0.22283079372412132,0.7204843127840075,0.056684893491871245,0.5057337597223363,3627986.0,0.8818060606060606,1.0,0.48224212034383956,0.9038461538461539,1,1,1,0,1,0,0,0,0
389761,ZA4,Free State,ZA5,KwaZulu-Natal,ZA419,Thabo Mofutsanyane,ZA521,Ugu,2020-10-17,2020-10-17,5,5,5,5287984.6125247525,1756205.1899865742,121262,20201017,20201017,0.31143326559338835,0.6251823622683981,0.06338437213821363,0.47028720831466336,662829.0,0.32122674606698143,0.6016982741355622,0.07707497979745637,0.47391596021954596,714019.0,0.10770218579234972,0.7115384615384616,-0.09480895915678524,0.40384615384615385,1,1,1,0,1,0,0,0,0
389762,ZA5,KwaZulu-Natal,ZA5,KwaZulu-Natal,ZA522,Umgungundlovu,ZA522,Umgungundlovu,2020-10-17,2020-10-17,4181,2103,1469,221621714.86965495,37306065.98250794,22804559,20201017,20201017,0.2748377359932372,0.663873035280183,0.06128922872657978,0.48236181888519014,1046905.0,0.2748377359932372,0.663873035280183,0.06128922872657978,0.48236181888519014,1046905.0,0.0061256544502617805,0.5769230769230769,0.0061256544502617805,0.5769230769230769,1,1,1,0,1,0,0,0,0
389763,ZA4,Free State,ZA4,Free State,ZA420,Fezile Dabi,ZA420,Fezile Dabi,2020-10-17,2020-10-17,2184,1217,858,101314186.93683223,22379311.32795213,11091573,20201017,20201017,0.2705098118551487,0.6604572122193,0.06903297592555128,0.5050070807202104,494300.0,0.2705098118551487,0.6604572122193,0.06903297592555128,0.5050070807202104,494300.0,0.2276555023923445,0.7884615384615384,0.2276555023923445,0.7884615384615384,1,1,1,0,1,0,0,0,0
389764,ZA7,Gauteng,ZA8,Mpumalanga,ZA797,Ekurhuleni,ZA830,Gert Sibande,2020-10-17,2020-10-17,58,58,58,18794716.26850336,6293271.849005208,758112,20201017,20201017,0.23296733680905687,0.7203157619169479,0.04671690127399521,0.5205474946472306,3739653.0,0.30688245639051287,0.6412288994160756,0.05188864419341153,0.49968312815881616,1136106.0,0.7435109289617486,0.9615384615384616,-0.11248741610738255,0.36538461538461536,1,1,1,0,1,0,0,0,0
389765,ZA8,Mpumalanga,ZA7,Gauteng,ZA832,Ehlanzeni,ZA797,Ekurhuleni,2020-10-17,2020-10-18,1,1,1,910112.4509343016,450444.67490504106,62203,20201017,20201018,0.32438893780700045,0.6235217992770762,0.05208926291592337,0.47979089412028486,1837538.0,0.23296733680905687,0.7203157619169479,0.04671690127399521,0.5205474946472306,3739653.0,0.1315940928270042,0.7307692307692307,0.7435109289617486,0.9615384615384616,1,1,1,0,1,0,0,0,0
389766,ZA7,Gauteng,ZA8,Mpumalanga,ZA797,Ekurhuleni,ZA831,Nkangala,2020-10-17,2020-10-18,5,5,5,387586.4930625954,151420.25973755485,144662,20201017,20201018,0.23296733680905687,0.7203157619169479,0.04671690127399521,0.5205474946472306,3739653.0,0.27290691475673784,0.6711806877078121,0.055912397535449986,0.5109201270525474,1573837.0,0.7435109289617486,0.9615384615384616,0.07867808219178082,0.6730769230769231,1,1,1,0,1,0,0,0,0
389767,ZA6,North West,ZA7,Gauteng,ZA637,Bojanala,ZA798,City of Johannesburg,2020-10-17,2020-10-18,79,79,79,9657085.809237411,4461235.145446941,1880145,20201017,20201018,0.25082919250139085,0.6903465537718604,0.05882425372674875,0.5380589003726469,1786678.0,0.2220629170143196,0.7299897648810346,0.047947318104645836,0.5097433964893054,5540727.0,0.07430676328502415,0.6538461538461539,0.8818060606060606,1.0,1,1,1,0,1,0,0,0,0
389768,ZA5,KwaZulu-Natal,ZA5,KwaZulu-Natal,ZA529,iLembe,ZA522,Umgungundlovu,2020-10-17,2020-10-18,4,4,4,628299.5805923592,190891.02416558636,98838,20201017,20201018,0.32390440311621094,0.6202867780885334,0.05580881879525565,0.4827645772056803,636799.0,0.2748377359932372,0.663873035280183,0.06128922872657978,0.48236181888519014,1046905.0,-0.14951617873651774,0.28846153846153844,0.0061256544502617805,0.5769230769230769,1,1,1,0,1,0,0,0,0
389769,ZA1,Western Cape,ZA1,Western Cape,ZA104,Eden,ZA104,Eden,2020-10-17,2020-10-21,1,1,1,1669.7660218352223,1669.7660218352223,332826,20201017,20201021,0.24710205256745305,0.6628052101466374,0.09009273728590954,0.4993180863678119,673839.0,0.24710205256745305,0.6628052101466374,0.09009273728590954,0.4993180863678119,673839.0,0.0004522691705790296,0.5384615384615384,0.0004522691705790296,0.5384615384615384,1,1,1,0,1,0,0,0,0
389770,ZA4,Free State,ZA6,North West,ZA420,Fezile Dabi,ZA640,Dr Kenneth Kaunda,2020-10-17,2020-10-18,9,9,9,956831.7010395936,393678.506744234,296961,20201017,20201018,0.2705098118551487,0.6604572122193,0.06903297592555128,0.5050070807202104,494300.0,0.27505895171327793,0.6602340041700301,0.06470704411669191,0.5065976875287468,754431.0,0.2276555023923445,0.7884615384615384,-0.10069384057971015,0.38461538461538464,1,1,1,0,1,0,0,0,0
389771,ZA3,Nothern Cape,ZA5,KwaZulu-Natal,ZA307,Pixley ka Seme,ZA595,eThekwini,2020-10-17,2020-10-17,1,1,1,3207164.8311955216,836155.4403340302,33896,20201017,20201017,0.3060749448635213,0.6232332132979509,0.0706918418385278,0.5011842246002923,196331.0,0.2446364969883556,0.6990922562931536,0.05627124671849075,0.494610924976595,3587907.0,0.1854655172413793,0.75,0.5666580406654343,0.9230769230769231,1,1,1,0,1,0,0,0,0
389772,ZA5,KwaZulu-Natal,ZA5,KwaZulu-Natal,ZA526,Zululand,ZA527,Umkhanyakude,2020-10-17,2020-10-17,1,1,1,37384.2382815664,8460.907018324768,598,20201017,20201017,0.392497537624586,0.5542130860581069,0.053289376317307055,0.4651401640222711,783796.0,0.40017378652548197,0.5489306999026919,0.05089551357182606,0.4622270789873748,643318.0,-0.2762355212355212,0.09615384615384616,-0.31784377542717657,0.038461538461538464,1,1,1,0,1,0,0,0,0
389773,ZA2,Eastern Cape,ZA2,Eastern Cape,ZA214,Joe Gqabi,ZA213,Chris Hani,2020-10-17,2020-10-17,12,12,12,1817752.5471910737,787393.6509206933,118174,20201017,20201017,0.3340471849013029,0.5799636495391386,0.08598916555955849,0.47733103958194023,339473.0,0.334940582305372,0.572656560540376,0.09240285715425203,0.478383232498069,752217.0,-0.1839776119402985,0.21153846153846154,-0.29251697892271666,0.057692307692307696,1,1,1,0,1,0,0,0,0
389774,ZA3,Nothern Cape,ZA3,Nothern Cape,ZA345,John Taolo Gaetsewe,ZA309,Frances Baard,2020-10-17,2020-10-17,3,3,3,1811645.367377052,720269.3268246982,40784,20201017,20201017,0.31986957060536586,0.628082594956317,0.05204783443831712,0.4959027820806741,258224.0,0.2860169290028057,0.6497360787483951,0.06424699224879928,0.49189928194398214,420580.0,-0.13480926430517712,0.3076923076923077,0.29907801418439717,0.8846153846153846,1,1,1,0,1,0,0,0,0
389775,ZA1,Western Cape,,,ZA102,Cape Winelands,,,2020-10-17,2020-10-17,1,1,1,37552.90276915433,16631.75088899012,2680,20201017,20201017,0.24989252608235304,0.6902123420738123,0.059895131843834624,0.5011121214086944,909523.0,,,,,,-0.012388831437435367,0.5192307692307693,,,1,1,1,0,1,0,0,0,0
389776,ZA1,Western Cape,ZA2,Eastern Cape,ZA105,Central Karoo,ZA210,Cacadu,2020-10-17,2020-10-17,3,3,3,2088806.4210976227,376868.53148452,32016,20201017,20201017,0.29415328297801036,0.633639246216906,0.07220747080508365,0.4979247763656518,77582.0,0.2618455236218228,0.6571170870354837,0.08103738934269357,0.4975242081945451,491156.0,-0.12604477611940298,0.3269230769230769,-0.01848062015503876,0.5,1,1,1,0,1,0,0,0,0
389777,ZA3,Nothern Cape,ZA6,North West,ZA309,Frances Baard,ZA640,Dr Kenneth Kaunda,2020-10-17,2020-10-17,1,1,1,543310.544702216,286703.1264724417,18620,20201017,20201017,0.2860169290028057,0.6497360787483951,0.06424699224879928,0.49189928194398214,420580.0,0.27505895171327793,0.6602340041700301,0.06470704411669191,0.5065976875287468,754431.0,0.29907801418439717,0.8846153846153846,-0.10069384057971015,0.38461538461538464,1,1,1,0,1,0,0,0,0
389778,ZA9,Limpopo,ZA7,Gauteng,ZA947,Sekhukhune,ZA797,Ekurhuleni,2020-10-17,2020-10-18,1,1,1,372583.78860505193,372435.32159478415,80500,20201017,20201018,0.3536917516859454,0.5707075150199985,0.07560073329405607,0.46486328935523974,1125333.0,0.23296733680905687,0.7203157619169479,0.04671690127399521,0.5205474946472306,3739653.0,-0.06015677966101695,0.4423076923076923,0.7435109289617486,0.9615384615384616,1,1,1,0,1,0,0,0,0
389779,ZA2,Eastern Cape,ZA2,Eastern Cape,ZA292,Buffalo City,ZA210,Cacadu,2020-10-17,2020-10-17,8,8,8,3323756.275625226,1379884.5844673254,134749,20201017,20201017,0.254980022080858,0.6758306608485358,0.06918931707060617,0.48177934914042375,760840.0,0.2618455236218228,0.6571170870354837,0.08103738934269357,0.4975242081945451,491156.0,0.09585175879396986,0.6923076923076923,-0.01848062015503876,0.5,1,1,1,0,1,0,0,0,0
389780,ZA2,Eastern Cape,ZA5,KwaZulu-Natal,ZA244,Alfred Nzo,ZA521,Ugu,2020-10-17,2020-10-17,24,24,23,6498896.355028773,1028710.4741670984,198439,20201017,20201017,0.40782127157510134,0.5221222097470932,0.07005651867780548,0.4576553946475353,788235.0,0.32122674606698143,0.6016982741355622,0.07707497979745637,0.47391596021954596,714019.0,-0.27396673320026615,0.11538461538461539,-0.09480895915678524,0.40384615384615385,1,1,1,0,1,0,0,0,0
389781,ZA9,Limpopo,ZA8,Mpumalanga,ZA936,Waterberg,ZA831,Nkangala,2020-10-17,2020-10-18,1,1,1,330525.62089641986,66001.07367332393,104020,20201017,20201018,0.2870915348782833,0.6477210572390478,0.06518740788266879,0.5138960603357211,718513.0,0.27290691475673784,0.6711806877078121,0.055912397535449986,0.5109201270525474,1573837.0,0.00236898395721925,0.5576923076923077,0.07867808219178082,0.6730769230769231,1,1,1,0,1,0,0,0,0
389782,ZA6,North West,ZA6,North West,ZA637,Bojanala,ZA640,Dr Kenneth Kaunda,2020-10-17,2020-10-17,13,13,13,5223647.446881255,2052754.5054733383,202941,20201017,20201017,0.25082919250139085,0.6903465537718604,0.05882425372674875,0.5380589003726469,1786678.0,0.27505895171327793,0.6602340041700301,0.06470704411669191,0.5065976875287468,754431.0,0.07430676328502415,0.6538461538461539,-0.10069384057971015,0.38461538461538464,1,1,1,0,1,0,0,0,0
389783,ZA2,Eastern Cape,ZA2,Eastern Cape,ZA215,O.R.Tambo,ZA292,Buffalo City,2020-10-17,2020-10-23,1,1,1,238625.7854517928,174790.57916775253,469827,20201017,20201023,0.38804558548824664,0.5482866433400703,0.06366777117168307,0.4623163104135049,1358678.0,0.254980022080858,0.6758306608485358,0.06918931707060617,0.48177934914042375,760840.0,-0.23807536101083035,0.1346153846153846,0.09585175879396986,0.6923076923076923,1,1,1,0,1,0,0,0,0
389784,ZA1,Western Cape,ZA1,Western Cape,ZA103,Overberg,ZA104,Eden,2020-10-17,2020-10-17,15,13,13,6569529.494751536,1689629.6115283065,148309,20201017,20201017,0.22836513904770692,0.6721314716747349,0.09950338927755827,0.511077351980676,303457.0,0.24710205256745305,0.6628052101466374,0.09009273728590954,0.4993180863678119,673839.0,0.051486772486772484,0.5961538461538461,0.0004522691705790296,0.5384615384615384,1,1,1,0,1,0,0,0,0
389785,ZA5,KwaZulu-Natal,ZA5,KwaZulu-Natal,ZA595,eThekwini,ZA527,Umkhanyakude,2020-10-17,2020-10-17,8,7,7,8246685.710569382,2035747.6959429784,169240,20201017,20201017,0.2446364969883556,0.6990922562931536,0.05627124671849075,0.494610924976595,3587907.0,0.40017378652548197,0.5489306999026919,0.05089551357182606,0.4622270789873748,643318.0,0.5666580406654343,0.9230769230769231,-0.31784377542717657,0.038461538461538464,1,1,1,0,1,0,0,0,0
389786,ZA5,KwaZulu-Natal,ZA5,KwaZulu-Natal,ZA522,Umgungundlovu,ZA523,Uthukela,2020-10-17,2020-10-17,9,9,9,2952124.2451378275,1194352.5321579557,131608,20201017,20201017,0.2748377359932372,0.663873035280183,0.06128922872657978,0.48236181888519014,1046905.0,0.36014331224838336,0.5864396074090654,0.05341708034255123,0.46782833191779016,652282.0,0.0061256544502617805,0.5769230769230769,-0.19841226215644822,0.19230769230769232,1,1,1,0,1,0,0,0,0
389788,ZA9,Limpopo,ZA9,Limpopo,ZA934,Vhembe,ZA935,Capricorn,2020-10-17,2020-10-18,4,4,4,3037880.164998619,212990.30658489687,82640,20201017,20201018,0.3433867460978093,0.5887604530714541,0.06785280083073665,0.4597374214109392,1325089.0,0.3265897738288558,0.6007690312860821,0.07264119488506209,0.472231826966417,1295656.0,-0.0767829596412556,0.4230769230769231,0.07397387387387387,0.6346153846153846,1,1,1,0,1,0,0,0,0
389789,ZA2,Eastern Cape,ZA1,Western Cape,ZA210,Cacadu,ZA103,Overberg,2020-10-17,2020-10-18,1,1,1,1294081.5842902537,433478.3273152444,116021,20201017,20201018,0.2618455236218228,0.6571170870354837,0.08103738934269357,0.4975242081945451,491156.0,0.22836513904770692,0.6721314716747349,0.09950338927755827,0.511077351980676,303457.0,-0.01848062015503876,0.5,0.051486772486772484,0.5961538461538461,1,1,1,0,1,0,0,0,0
389790,ZA7,Gauteng,ZA8,Mpumalanga,ZA742,Sedibeng,ZA831,Nkangala,2020-10-17,2020-10-17,12,11,11,1901279.9615885527,791355.2133603357,87828,20201017,20201017,0.24393339879416723,0.6953819961266214,0.06068460507921129,0.5059130831550246,994997.0,0.27290691475673784,0.6711806877078121,0.055912397535449986,0.5109201270525474,1573837.0,0.2808379746835443,0.8461538461538461,0.07867808219178082,0.6730769230769231,1,1,1,0,1,0,0,0,0
389791,ZA4,Free State,ZA7,Gauteng,ZA494,Mangaung,ZA742,Sedibeng,2020-10-17,2020-10-17,3,3,3,3034987.7776740445,1195308.9615964196,62003,20201017,20201017,0.26262942751272955,0.6754982029249197,0.06187236956235082,0.4901411892511804,826621.0,0.24393339879416723,0.6953819961266214,0.06068460507921129,0.5059130831550246,994997.0,0.27329104477611943,0.8269230769230769,0.2808379746835443,0.8461538461538461,1,1,1,0,1,0,0,0,0
389792,ZA2,Eastern Cape,ZA7,Gauteng,ZA210,Cacadu,ZA797,Ekurhuleni,2020-10-17,2020-10-18,1,1,1,1989609.868946927,943435.700641613,63799,20201017,20201018,0.2618455236218228,0.6571170870354837,0.08103738934269357,0.4975242081945451,491156.0,0.23296733680905687,0.7203157619169479,0.04671690127399521,0.5205474946472306,3739653.0,-0.01848062015503876,0.5,0.7435109289617486,0.9615384615384616,1,1,1,0,1,0,0,0,0
389793,ZA2,Eastern Cape,ZA2,Eastern Cape,ZA292,Buffalo City,ZA293,Nelson Mandela Bay,2020-10-17,2020-10-17,15,15,15,6945618.962469259,4145709.666024411,331252,20201017,20201017,0.254980022080858,0.6758306608485358,0.06918931707060617,0.48177934914042375,760840.0,0.2465186661259611,0.6842154879637478,0.0692658459102911,0.4877654529777138,1230491.0,0.09585175879396986,0.6923076923076923,0.5740514018691588,0.9423076923076923,1,1,1,0,1,0,0,0,0
389794,ZA2,Eastern Cape,ZA2,Eastern Cape,ZA213,Chris Hani,ZA210,Cacadu,2020-10-17,2020-10-17,4,4,4,1587922.326073463,745396.5770079033,46129,20201017,20201017,0.334940582305372,0.572656560540376,0.09240285715425203,0.478383232498069,752217.0,0.2618455236218228,0.6571170870354837,0.08103738934269357,0.4975242081945451,491156.0,-0.29251697892271666,0.057692307692307696,-0.01848062015503876,0.5,1,1,1,0,1,0,0,0,0
389795,ZA7,Gauteng,ZA6,North West,ZA748,West Rand,ZA638,Ngaka Modiri Molema,2020-10-17,2020-10-17,3,3,3,1477548.9888223277,507771.8798179125,30961,20201017,20201017,0.23154887232085752,0.7207832829912092,0.047667844687933295,0.5288128906961219,856804.0,0.3236353449196357,0.6078801705223251,0.06848448455803925,0.4964769205863341,870971.0,0.23715802469135805,0.8076923076923077,-0.18344824707846413,0.23076923076923078,1,1,1,0,1,0,0,0,0
389796,ZA8,Mpumalanga,ZA4,Free State,ZA831,Nkangala,ZA419,Thabo Mofutsanyane,2020-10-17,2020-10-17,1,1,1,584142.3837109657,302650.9970907525,12904,20201017,20201017,0.27290691475673784,0.6711806877078121,0.055912397535449986,0.5109201270525474,1573837.0,0.31143326559338835,0.6251823622683981,0.06338437213821363,0.47028720831466336,662829.0,0.07867808219178082,0.6730769230769231,0.10770218579234972,0.7115384615384616,1,1,1,0,1,0,0,0,0
389797,ZA1,Western Cape,ZA7,Gauteng,ZA103,Overberg,ZA797,Ekurhuleni,2020-10-17,2020-10-18,1,1,1,1971115.807836824,1319006.5755445478,138489,20201017,20201018,0.22836513904770692,0.6721314716747349,0.09950338927755827,0.511077351980676,303457.0,0.23296733680905687,0.7203157619169479,0.04671690127399521,0.5205474946472306,3739653.0,0.051486772486772484,0.5961538461538461,0.7435109289617486,0.9615384615384616,1,1,1,0,1,0,0,0,0
389798,ZA7,Gauteng,ZA6,North West,ZA797,Ekurhuleni,ZA640,Dr Kenneth Kaunda,2020-10-17,2020-10-18,2,2,2,415850.2114318739,299384.08154392673,126986,20201017,20201018,0.23296733680905687,0.7203157619169479,0.04671690127399521,0.5205474946472306,3739653.0,0.27505895171327793,0.6602340041700301,0.06470704411669191,0.5065976875287468,754431.0,0.7435109289617486,0.9615384615384616,-0.10069384057971015,0.38461538461538464,1,1,1,0,1,0,0,0,0
389799,ZA7,Gauteng,ZA9,Limpopo,ZA799,City of Tshwane,ZA936,Waterberg,2020-10-17,2020-10-18,1,1,1,280535.45517645613,109203.27004018822,76876,20201017,20201018,0.22283079372412132,0.7204843127840075,0.056684893491871245,0.5057337597223363,3627986.0,0.2870915348782833,0.6477210572390478,0.06518740788266879,0.5138960603357211,718513.0,0.48224212034383956,0.9038461538461539,0.00236898395721925,0.5576923076923077,1,1,1,0,1,0,0,0,0
389800,ZA6,North West,ZA6,North West,ZA638,Ngaka Modiri Molema,ZA637,Bojanala,2020-10-17,2020-10-17,6,6,6,2115643.6746632643,924138.4098355108,114511,20201017,20201017,0.3236353449196357,0.6078801705223251,0.06848448455803925,0.4964769205863341,870971.0,0.25082919250139085,0.6903465537718604,0.05882425372674875,0.5380589003726469,1786678.0,-0.18344824707846413,0.23076923076923078,0.07430676328502415,0.6538461538461539,1,1,1,0,1,0,0,0,0
389801,ZA6,North West,ZA7,Gauteng,ZA640,Dr Kenneth Kaunda,ZA798,City of Johannesburg,2020-10-17,2020-10-17,15,15,15,5206855.82900133,2349631.599656644,168119,20201017,20201017,0.27505895171327793,0.6602340041700301,0.06470704411669191,0.5065976875287468,754431.0,0.2220629170143196,0.7299897648810346,0.047947318104645836,0.5097433964893054,5540727.0,-0.10069384057971015,0.38461538461538464,0.8818060606060606,1.0,1,1,1,0,1,0,0,0,0
389802,ZA5,KwaZulu-Natal,ZA7,Gauteng,ZA523,Uthukela,ZA798,City of Johannesburg,2020-10-17,2020-10-18,1,1,1,2016689.4605954995,399404.9094696163,70032,20201017,20201018,0.36014331224838336,0.5864396074090654,0.05341708034255123,0.46782833191779016,652282.0,0.2220629170143196,0.7299897648810346,0.047947318104645836,0.5097433964893054,5540727.0,-0.19841226215644822,0.19230769230769232,0.8818060606060606,1.0,1,1,1,0,1,0,0,0,0
389803,ZA1,Western Cape,ZA1,Western Cape,ZA191,City of Cape Town,ZA104,Eden,2020-10-17,2020-10-18,2,2,2,2436964.1080816165,587378.018282528,192167,20201017,20201018,0.23849582985172932,0.697186217784503,0.06431795236376775,0.4976008771049945,4436413.0,0.24710205256745305,0.6628052101466374,0.09009273728590954,0.4993180863678119,673839.0,0.7687640750670242,0.9807692307692307,0.0004522691705790296,0.5384615384615384,1,1,1,0,1,0,0,0,0
389804,ZA8,Mpumalanga,ZA8,Mpumalanga,ZA830,Gert Sibande,ZA831,Nkangala,2020-10-17,2020-10-18,13,13,13,1455229.2876382335,704563.9473777765,484731,20201017,20201018,0.30688245639051287,0.6412288994160756,0.05188864419341153,0.49968312815881616,1136106.0,0.27290691475673784,0.6711806877078121,0.055912397535449986,0.5109201270525474,1573837.0,-0.11248741610738255,0.36538461538461536,0.07867808219178082,0.6730769230769231,1,1,1,0,1,0,0,0,0
389805,ZA1,Western Cape,ZA3,Nothern Cape,ZA101,West Coast,ZA308,Z F Mgcawu,2020-10-17,2020-10-18,1,1,1,1496486.3445978104,471902.0497694769,33456,20201017,20201018,0.24466466325617858,0.6852166396976793,0.0701186970461421,0.5060695297345649,497485.0,0.27601757542529287,0.6641943181028425,0.059788106471864645,0.5142626583989065,258998.0,-0.12079976303317536,0.34615384615384615,-0.04016603773584906,0.46153846153846156,1,1,1,0,1,0,0,0,0
389806,ZA9,Limpopo,ZA7,Gauteng,ZA936,Waterberg,ZA798,City of Johannesburg,2020-10-17,2020-10-17,13,13,13,7495151.011727635,2700284.1922049653,202366,20201017,20201017,0.2870915348782833,0.6477210572390478,0.06518740788266879,0.5138960603357211,718513.0,0.2220629170143196,0.7299897648810346,0.047947318104645836,0.5097433964893054,5540727.0,0.00236898395721925,0.5576923076923077,0.8818060606060606,1.0,1,1,1,0,1,0,0,0,0
389807,ZA5,KwaZulu-Natal,ZA5,KwaZulu-Natal,ZA529,iLembe,ZA523,Uthukela,2020-10-17,2020-10-17,4,4,4,1962208.1760527636,960105.6076793872,87766,20201017,20201017,0.32390440311621094,0.6202867780885334,0.05580881879525565,0.4827645772056803,636799.0,0.36014331224838336,0.5864396074090654,0.05341708034255123,0.46782833191779016,652282.0,-0.14951617873651774,0.28846153846153844,-0.19841226215644822,0.19230769230769232,1,1,1,0,1,0,0,0,0
389808,ZA3,Nothern Cape,ZA2,Eastern Cape,ZA307,Pixley ka Seme,ZA214,Joe Gqabi,2020-10-17,2020-10-19,1,1,1,394892.0034352113,388882.4834675968,171644,20201017,20201019,0.3060749448635213,0.6232332132979509,0.0706918418385278,0.5011842246002923,196331.0,0.3340471849013029,0.5799636495391386,0.08598916555955849,0.47733103958194023,339473.0,0.1854655172413793,0.75,-0.1839776119402985,0.21153846153846154,1,1,1,0,1,0,0,0,0
389809,ZA7,Gauteng,ZA1,Western Cape,ZA797,Ekurhuleni,ZA191,City of Cape Town,2020-10-17,2020-10-17,16,16,16,40252068.51775721,20552280.38345628,276266,20201017,20201017,0.23296733680905687,0.7203157619169479,0.04671690127399521,0.5205474946472306,3739653.0,0.23849582985172932,0.697186217784503,0.06431795236376775,0.4976008771049945,4436413.0,0.7435109289617486,0.9615384615384616,0.7687640750670242,0.9807692307692307,1,1,1,0,1,0,0,0,0
389810,ZA2,Eastern Cape,ZA1,Western Cape,ZA210,Cacadu,ZA104,Eden,2020-10-17,2020-10-17,14,14,14,9189612.211633382,2360966.8455825504,181254,20201017,20201017,0.2618455236218228,0.6571170870354837,0.08103738934269357,0.4975242081945451,491156.0,0.24710205256745305,0.6628052101466374,0.09009273728590954,0.4993180863678119,673839.0,-0.01848062015503876,0.5,0.0004522691705790296,0.5384615384615384,1,1,1,0,1,0,0,0,0
389811,ZA4,Free State,ZA4,Free State,ZA419,Thabo Mofutsanyane,ZA494,Mangaung,2020-10-17,2020-10-17,15,15,15,8025372.568226769,2335619.3068237817,192819,20201017,20201017,0.31143326559338835,0.6251823622683981,0.06338437213821363,0.47028720831466336,662829.0,0.26262942751272955,0.6754982029249197,0.06187236956235082,0.4901411892511804,826621.0,0.10770218579234972,0.7115384615384616,0.27329104477611943,0.8269230769230769,1,1,1,0,1,0,0,0,0
389812,ZA2,Eastern Cape,ZA5,KwaZulu-Natal,ZA244,Alfred Nzo,ZA543,Sisonke,2020-10-17,2020-10-18,3,3,3,360315.5501958533,147421.83381837796,106694,20201017,20201018,0.40782127157510134,0.5221222097470932,0.07005651867780548,0.4576553946475353,788235.0,0.37293146983899067,0.5707096800166399,0.05635885014436937,0.4671305273563743,447117.0,-0.27396673320026615,0.11538461538461539,-0.2112274881516588,0.17307692307692307,1,1,1,0,1,0,0,0,0
389813,ZA4,Free State,ZA8,Mpumalanga,ZA418,Lejweleputswa,ZA832,Ehlanzeni,2020-10-17,2020-10-17,2,2,2,2153536.306337254,1088318.742439906,55433,20201017,20201017,0.27941650281351393,0.6617931601395349,0.058790337046951115,0.500105365269169,574193.0,0.32438893780700045,0.6235217992770762,0.05208926291592337,0.47979089412028486,1837538.0,0.29495049504950493,0.8653846153846154,0.1315940928270042,0.7307692307692307,1,1,1,0,1,0,0,0,0
389814,ZA7,Gauteng,ZA4,Free State,ZA799,City of Tshwane,ZA419,Thabo Mofutsanyane,2020-10-17,2020-10-18,1,1,1,611639.7092527495,304565.3754359178,103845,20201017,20201018,0.22283079372412132,0.7204843127840075,0.056684893491871245,0.5057337597223363,3627986.0,0.31143326559338835,0.6251823622683981,0.06338437213821363,0.47028720831466336,662829.0,0.48224212034383956,0.9038461538461539,0.10770218579234972,0.7115384615384616,1,1,1,0,1,0,0,0,0
389815,ZA1,Western Cape,ZA7,Gauteng,ZA191,City of Cape Town,ZA799,City of Tshwane,2020-10-17,2020-10-17,8,8,8,13705714.10185461,10492184.28006288,150684,20201017,20201017,0.23849582985172932,0.697186217784503,0.06431795236376775,0.4976008771049945,4436413.0,0.22283079372412132,0.7204843127840075,0.056684893491871245,0.5057337597223363,3627986.0,0.7687640750670242,0.9807692307692307,0.48224212034383956,0.9038461538461539,1,1,1,0,1,0,0,0,0
389816,ZA5,KwaZulu-Natal,ZA7,Gauteng,ZA523,Uthukela,ZA798,City of Johannesburg,2020-10-17,2020-10-17,3,3,3,3000112.2472993555,1094463.2866603653,56816,20201017,20201017,0.36014331224838336,0.5864396074090654,0.05341708034255123,0.46782833191779016,652282.0,0.2220629170143196,0.7299897648810346,0.047947318104645836,0.5097433964893054,5540727.0,-0.19841226215644822,0.19230769230769232,0.8818060606060606,1.0,1,1,1,0,1,0,0,0,0
389817,ZA6,North West,ZA9,Limpopo,ZA637,Bojanala,ZA947,Sekhukhune,2020-10-17,2020-10-19,1,1,1,887861.3765482607,298570.2193122233,182587,20201017,20201019,0.25082919250139085,0.6903465537718604,0.05882425372674875,0.5380589003726469,1786678.0,0.3536917516859454,0.5707075150199985,0.07560073329405607,0.46486328935523974,1125333.0,0.07430676328502415,0.6538461538461539,-0.06015677966101695,0.4423076923076923,1,1,1,0,1,0,0,0,0
389818,ZA7,Gauteng,ZA4,Free State,ZA798,City of Johannesburg,ZA419,Thabo Mofutsanyane,2020-10-17,2020-10-17,9,9,9,9398107.776256442,2604585.8014992788,151700,20201017,20201017,0.2220629170143196,0.7299897648810346,0.047947318104645836,0.5097433964893054,5540727.0,0.31143326559338835,0.6251823622683981,0.06338437213821363,0.47028720831466336,662829.0,0.8818060606060606,1.0,0.10770218579234972,0.7115384615384616,1,1,1,0,1,0,0,0,0
389819,ZA7,Gauteng,ZA9,Limpopo,ZA799,City of Tshwane,ZA935,Capricorn,2020-10-17,2020-10-17,10,10,10,5435097.305745103,2691070.4196839733,216323,20201017,20201017,0.22283079372412132,0.7204843127840075,0.056684893491871245,0.5057337597223363,3627986.0,0.3265897738288558,0.6007690312860821,0.07264119488506209,0.472231826966417,1295656.0,0.48224212034383956,0.9038461538461539,0.07397387387387387,0.6346153846153846,1,1,1,0,1,0,0,0,0
389820,ZA5,KwaZulu-Natal,ZA5,KwaZulu-Natal,ZA521,Ugu,ZA522,Umgungundlovu,2020-10-17,2020-10-24,1,1,1,255665.62700106596,91295.77396907352,560296,20201017,20201024,0.32122674606698143,0.6016982741355622,0.07707497979745637,0.47391596021954596,714019.0,0.2748377359932372,0.663873035280183,0.06128922872657978,0.48236181888519014,1046905.0,-0.09480895915678524,0.40384615384615385,0.0061256544502617805,0.5769230769230769,1,1,1,0,1,0,0,0,0
389821,ZA3,Nothern Cape,ZA3,Nothern Cape,ZA308,Z F Mgcawu,ZA345,John Taolo Gaetsewe,2020-10-17,2020-10-17,14,14,14,4075419.779841136,1147115.7854204725,151176,20201017,20201017,0.27601757542529287,0.6641943181028425,0.059788106471864645,0.5142626583989065,258998.0,0.31986957060536586,0.628082594956317,0.05204783443831712,0.4959027820806741,258224.0,-0.04016603773584906,0.46153846153846156,-0.13480926430517712,0.3076923076923077,1,1,1,0,1,0,0,0,0
389822,ZA5,KwaZulu-Natal,ZA5,KwaZulu-Natal,ZA595,eThekwini,ZA528,Uthungulu,2020-10-17,2020-10-17,34,34,34,14993703.490302311,5370918.256011846,601317,20201017,20201017,0.2446364969883556,0.6990922562931536,0.05627124671849075,0.494610924976595,3587907.0,0.3398562749304085,0.6096443299200878,0.05049939514950375,0.4759701217345943,889476.0,0.5666580406654343,0.9230769230769231,-0.2202014106583072,0.15384615384615385,1,1,1,0,1,0,0,0,0
389823,ZA7,Gauteng,ZA7,Gauteng,ZA748,West Rand,ZA742,Sedibeng,2020-10-17,2020-10-18,5,5,5,768205.1246268372,370199.0269806424,84662,20201017,20201018,0.23154887232085752,0.7207832829912092,0.047667844687933295,0.5288128906961219,856804.0,0.24393339879416723,0.6953819961266214,0.06068460507921129,0.5059130831550246,994997.0,0.23715802469135805,0.8076923076923077,0.2808379746835443,0.8461538461538461,1,1,1,0,1,0,0,0,0
389824,ZA1,Western Cape,ZA3,Nothern Cape,ZA191,City of Cape Town,ZA306,Namakwa,2020-10-17,2020-10-17,4,4,4,7400213.552059904,2354825.4785771286,137956,20201017,20201017,0.23849582985172932,0.697186217784503,0.06431795236376775,0.4976008771049945,4436413.0,0.2479438366342976,0.6592106724059887,0.09284549095971371,0.5132337492633683,117087.0,0.7687640750670242,0.9807692307692307,0.06505633802816901,0.6153846153846154,1,1,1,0,1,0,0,0,0
389825,ZA5,KwaZulu-Natal,ZA7,Gauteng,ZA529,iLembe,ZA798,City of Johannesburg,2020-10-17,2020-10-18,1,1,1,1075403.081762349,529293.3498156999,83483,20201017,20201018,0.32390440311621094,0.6202867780885334,0.05580881879525565,0.4827645772056803,636799.0,0.2220629170143196,0.7299897648810346,0.047947318104645836,0.5097433964893054,5540727.0,-0.14951617873651774,0.28846153846153844,0.8818060606060606,1.0,1,1,1,0,1,0,0,0,0
389826,ZA5,KwaZulu-Natal,ZA5,KwaZulu-Natal,ZA595,eThekwini,ZA528,Uthungulu,2020-10-17,2020-10-18,1,1,1,292811.35864387674,158464.03424859067,38888,20201017,20201018,0.2446364969883556,0.6990922562931536,0.05627124671849075,0.494610924976595,3587907.0,0.3398562749304085,0.6096443299200878,0.05049939514950375,0.4759701217345943,889476.0,0.5666580406654343,0.9230769230769231,-0.2202014106583072,0.15384615384615385,1,1,1,0,1,0,0,0,0
389827,ZA5,KwaZulu-Natal,ZA4,Free State,ZA523,Uthukela,ZA419,Thabo Mofutsanyane,2020-10-17,2020-10-17,9,8,8,4009600.081102967,596908.4692382646,56883,20201017,20201017,0.36014331224838336,0.5864396074090654,0.05341708034255123,0.46782833191779016,652282.0,0.31143326559338835,0.6251823622683981,0.06338437213821363,0.47028720831466336,662829.0,-0.19841226215644822,0.19230769230769232,0.10770218579234972,0.7115384615384616,1,1,1,0,1,0,0,0,0
389828,ZA7,Gauteng,ZA8,Mpumalanga,ZA799,City of Tshwane,ZA831,Nkangala,2020-10-17,2020-10-18,9,9,9,1147882.4913306616,533385.5980786554,334400,20201017,20201018,0.22283079372412132,0.7204843127840075,0.056684893491871245,0.5057337597223363,3627986.0,0.27290691475673784,0.6711806877078121,0.055912397535449986,0.5109201270525474,1573837.0,0.48224212034383956,0.9038461538461539,0.07867808219178082,0.6730769230769231,1,1,1,0,1,0,0,0,0
389829,ZA8,Mpumalanga,ZA5,KwaZulu-Natal,ZA830,Gert Sibande,ZA521,Ugu,2020-10-17,2020-10-17,6,6,6,8302371.510465055,2838189.4530812423,159469,20201017,20201017,0.30688245639051287,0.6412288994160756,0.05188864419341153,0.49968312815881616,1136106.0,0.32122674606698143,0.6016982741355622,0.07707497979745637,0.47391596021954596,714019.0,-0.11248741610738255,0.36538461538461536,-0.09480895915678524,0.40384615384615385,1,1,1,0,1,0,0,0,0
389830,ZA2,Eastern Cape,ZA2,Eastern Cape,ZA213,Chris Hani,ZA214,Joe Gqabi,2020-10-17,2020-10-18,1,1,1,137136.71679185663,57020.37742669028,14998,20201017,20201018,0.334940582305372,0.572656560540376,0.09240285715425203,0.478383232498069,752217.0,0.3340471849013029,0.5799636495391386,0.08598916555955849,0.47733103958194023,339473.0,-0.29251697892271666,0.057692307692307696,-0.1839776119402985,0.21153846153846154,1,1,1,0,1,0,0,0,0
389831,ZA5,KwaZulu-Natal,ZA7,Gauteng,ZA527,Umkhanyakude,ZA797,Ekurhuleni,2020-10-17,2020-10-18,1,1,1,993866.0525313292,499197.1000429218,115081,20201017,20201018,0.40017378652548197,0.5489306999026919,0.05089551357182606,0.4622270789873748,643318.0,0.23296733680905687,0.7203157619169479,0.04671690127399521,0.5205474946472306,3739653.0,-0.31784377542717657,0.038461538461538464,0.7435109289617486,0.9615384615384616,1,1,1,0,1,0,0,0,0
389832,ZA5,KwaZulu-Natal,ZA7,Gauteng,ZA595,eThekwini,ZA798,City of Johannesburg,2020-10-17,2020-10-17,14,14,14,12709691.318650872,7581823.915621122,303152,20201017,20201017,0.2446364969883556,0.6990922562931536,0.05627124671849075,0.494610924976595,3587907.0,0.2220629170143196,0.7299897648810346,0.047947318104645836,0.5097433964893054,5540727.0,0.5666580406654343,0.9230769230769231,0.8818060606060606,1.0,1,1,1,0,1,0,0,0,0
389833,ZA4,Free State,ZA7,Gauteng,ZA419,Thabo Mofutsanyane,ZA742,Sedibeng,2020-10-17,2020-10-26,1,1,1,1117480.853775298,224837.5555792188,763325,20201017,20201026,0.31143326559338835,0.6251823622683981,0.06338437213821363,0.47028720831466336,662829.0,0.24393339879416723,0.6953819961266214,0.06068460507921129,0.5059130831550246,994997.0,0.10770218579234972,0.7115384615384616,0.2808379746835443,0.8461538461538461,1,1,1,0,1,0,0,0,0
389834,ZA1,Western Cape,ZA2,Eastern Cape,ZA191,City of Cape Town,ZA293,Nelson Mandela Bay,2020-10-17,2020-10-17,6,6,6,9355871.088605192,4030778.52725031,116787,20201017,20201017,0.23849582985172932,0.697186217784503,0.06431795236376775,0.4976008771049945,4436413.0,0.2465186661259611,0.6842154879637478,0.0692658459102911,0.4877654529777138,1230491.0,0.7687640750670242,0.9807692307692307,0.5740514018691588,0.9423076923076923,1,1,1,0,1,0,0,0,0
389835,ZA3,Nothern Cape,ZA3,Nothern Cape,ZA309,Frances Baard,ZA345,John Taolo Gaetsewe,2020-10-17,2020-10-17,6,6,6,4448747.551985155,1402896.570122421,161418,20201017,20201017,0.2860169290028057,0.6497360787483951,0.06424699224879928,0.49189928194398214,420580.0,0.31986957060536586,0.628082594956317,0.05204783443831712,0.4959027820806741,258224.0,0.29907801418439717,0.8846153846153846,-0.13480926430517712,0.3076923076923077,1,1,1,0,1,0,0,0,0
389836,ZA9,Limpopo,ZA8,Mpumalanga,ZA947,Sekhukhune,ZA831,Nkangala,2020-10-17,2020-10-18,11,11,11,1954172.3018569849,696342.2161337031,335011,20201017,20201018,0.3536917516859454,0.5707075150199985,0.07560073329405607,0.46486328935523974,1125333.0,0.27290691475673784,0.6711806877078121,0.055912397535449986,0.5109201270525474,1573837.0,-0.06015677966101695,0.4423076923076923,0.07867808219178082,0.6730769230769231,1,1,1,0,1,0,0,0,0
389837,ZA7,Gauteng,ZA7,Gauteng,ZA799,City of Tshwane,ZA748,West Rand,2020-10-17,2020-10-19,1,1,1,231775.2577369853,115168.04778226936,183990,20201017,20201019,0.22283079372412132,0.7204843127840075,0.056684893491871245,0.5057337597223363,3627986.0,0.23154887232085752,0.7207832829912092,0.047667844687933295,0.5288128906961219,856804.0,0.48224212034383956,0.9038461538461539,0.23715802469135805,0.8076923076923077,1,1,1,0,1,0,0,0,0
389838,ZA3,Nothern Cape,ZA2,Eastern Cape,ZA345,John Taolo Gaetsewe,ZA214,Joe Gqabi,2020-10-17,2020-10-29,1,1,1,787989.9764183903,521666.4275070824,1057757,20201017,20201029,0.31986957060536586,0.628082594956317,0.05204783443831712,0.4959027820806741,258224.0,0.3340471849013029,0.5799636495391386,0.08598916555955849,0.47733103958194023,339473.0,-0.13480926430517712,0.3076923076923077,-0.1839776119402985,0.21153846153846154,1,1,1,0,1,0,0,0,0
389839,ZA5,KwaZulu-Natal,ZA5,KwaZulu-Natal,ZA543,Sisonke,ZA523,Uthukela,2020-10-17,2020-10-17,1,1,1,2016689.4605954995,152293.84838523142,25015,20201017,20201017,0.37293146983899067,0.5707096800166399,0.05635885014436937,0.4671305273563743,447117.0,0.36014331224838336,0.5864396074090654,0.05341708034255123,0.46782833191779016,652282.0,-0.2112274881516588,0.17307692307692307,-0.19841226215644822,0.19230769230769232,1,1,1,0,1,0,0,0,0
389840,ZA5,KwaZulu-Natal,ZA5,KwaZulu-Natal,ZA529,iLembe,ZA522,Umgungundlovu,2020-10-17,2020-10-17,26,26,25,6853943.32909741,2834806.1510709245,345344,20201017,20201017,0.32390440311621094,0.6202867780885334,0.05580881879525565,0.4827645772056803,636799.0,0.2748377359932372,0.663873035280183,0.06128922872657978,0.48236181888519014,1046905.0,-0.14951617873651774,0.28846153846153844,0.0061256544502617805,0.5769230769230769,1,1,1,0,1,0,0,0,0
389841,ZA6,North West,ZA9,Limpopo,ZA640,Dr Kenneth Kaunda,ZA936,Waterberg,2020-10-17,2020-10-17,2,2,2,1169740.4360447803,561620.1246318254,40401,20201017,20201017,0.27505895171327793,0.6602340041700301,0.06470704411669191,0.5065976875287468,754431.0,0.2870915348782833,0.6477210572390478,0.06518740788266879,0.5138960603357211,718513.0,-0.10069384057971015,0.38461538461538464,0.00236898395721925,0.5576923076923077,1,1,1,0,1,0,0,0,0
389842,ZA8,Mpumalanga,ZA8,Mpumalanga,ZA830,Gert Sibande,ZA832,Ehlanzeni,2020-10-17,2020-10-25,1,1,1,463798.5279198794,181655.01665372695,716989,20201017,20201025,0.30688245639051287,0.6412288994160756,0.05188864419341153,0.49968312815881616,1136106.0,0.32438893780700045,0.6235217992770762,0.05208926291592337,0.47979089412028486,1837538.0,-0.11248741610738255,0.36538461538461536,0.1315940928270042,0.7307692307692307,1,1,1,0,1,0,0,0,0
389843,ZA7,Gauteng,ZA9,Limpopo,ZA799,City of Tshwane,ZA947,Sekhukhune,2020-10-17,2020-10-17,16,16,16,7797689.510841858,2800021.5253695026,234354,20201017,20201017,0.22283079372412132,0.7204843127840075,0.056684893491871245,0.5057337597223363,3627986.0,0.3536917516859454,0.5707075150199985,0.07560073329405607,0.46486328935523974,1125333.0,0.48224212034383956,0.9038461538461539,-0.06015677966101695,0.4423076923076923,1,1,1,0,1,0,0,0,0
389844,ZA5,KwaZulu-Natal,ZA5,KwaZulu-Natal,ZA529,iLembe,ZA528,Uthungulu,2020-10-17,2020-10-18,4,4,4,401139.4796349164,203230.83883085867,115925,20201017,20201018,0.32390440311621094,0.6202867780885334,0.05580881879525565,0.4827645772056803,636799.0,0.3398562749304085,0.6096443299200878,0.05049939514950375,0.4759701217345943,889476.0,-0.14951617873651774,0.28846153846153844,-0.2202014106583072,0.15384615384615385,1,1,1,0,1,0,0,0,0
389845,ZA7,Gauteng,ZA5,KwaZulu-Natal,ZA798,City of Johannesburg,ZA595,eThekwini,2020-10-17,2020-10-18,4,4,4,6340764.816630011,2070493.521177832,283234,20201017,20201018,0.2220629170143196,0.7299897648810346,0.047947318104645836,0.5097433964893054,5540727.0,0.2446364969883556,0.6990922562931536,0.05627124671849075,0.494610924976595,3587907.0,0.8818060606060606,1.0,0.5666580406654343,0.9230769230769231,1,1,1,0,1,0,0,0,0
389846,ZA7,Gauteng,ZA9,Limpopo,ZA798,City of Johannesburg,ZA936,Waterberg,2020-10-17,2020-10-26,1,1,1,297040.4801742972,189489.8948773409,801668,20201017,20201026,0.2220629170143196,0.7299897648810346,0.047947318104645836,0.5097433964893054,5540727.0,0.2870915348782833,0.6477210572390478,0.06518740788266879,0.5138960603357211,718513.0,0.8818060606060606,1.0,0.00236898395721925,0.5576923076923077,1,1,1,0,1,0,0,0,0
389847,ZA4,Free State,ZA5,KwaZulu-Natal,ZA420,Fezile Dabi,ZA522,Umgungundlovu,2020-10-17,2020-10-17,1,1,1,1633550.4706654963,381024.7963899746,12294,20201017,20201017,0.2705098118551487,0.6604572122193,0.06903297592555128,0.5050070807202104,494300.0,0.2748377359932372,0.663873035280183,0.06128922872657978,0.48236181888519014,1046905.0,0.2276555023923445,0.7884615384615384,0.0061256544502617805,0.5769230769230769,1,1,1,0,1,0,0,0,0
389848,ZA1,Western Cape,ZA3,Nothern Cape,ZA101,West Coast,ZA306,Namakwa,2020-10-17,2020-10-17,4,4,4,1790841.1310637188,564865.7936645558,62423,20201017,20201017,0.24466466325617858,0.6852166396976793,0.0701186970461421,0.5060695297345649,497485.0,0.2479438366342976,0.6592106724059887,0.09284549095971371,0.5132337492633683,117087.0,-0.12079976303317536,0.34615384615384615,0.06505633802816901,0.6153846153846154,1,1,1,0,1,0,0,0,0
389849,ZA4,Free State,ZA3,Nothern Cape,ZA419,Thabo Mofutsanyane,ZA307,Pixley ka Seme,2020-10-17,2020-10-17,2,2,2,4766377.789478602,1008505.0297202156,51852,20201017,20201017,0.31143326559338835,0.6251823622683981,0.06338437213821363,0.47028720831466336,662829.0,0.3060749448635213,0.6232332132979509,0.0706918418385278,0.5011842246002923,196331.0,0.10770218579234972,0.7115384615384616,0.1854655172413793,0.75,1,1,1,0,1,0,0,0,0
389850,ZA7,Gauteng,ZA7,Gauteng,ZA742,Sedibeng,ZA748,West Rand,2020-10-17,2020-10-18,12,12,12,1701021.8713242416,788151.7747914435,375562,20201017,20201018,0.24393339879416723,0.6953819961266214,0.06068460507921129,0.5059130831550246,994997.0,0.23154887232085752,0.7207832829912092,0.047667844687933295,0.5288128906961219,856804.0,0.2808379746835443,0.8461538461538461,0.23715802469135805,0.8076923076923077,1,1,1,0,1,0,0,0,0
389851,ZA4,Free State,ZA7,Gauteng,ZA494,Mangaung,ZA799,City of Tshwane,2020-10-17,2020-10-18,2,2,2,1736119.175723407,862750.4675008045,179459,20201017,20201018,0.26262942751272955,0.6754982029249197,0.06187236956235082,0.4901411892511804,826621.0,0.22283079372412132,0.7204843127840075,0.056684893491871245,0.5057337597223363,3627986.0,0.27329104477611943,0.8269230769230769,0.48224212034383956,0.9038461538461539,1,1,1,0,1,0,0,0,0
389852,ZA7,Gauteng,ZA7,Gauteng,ZA742,Sedibeng,ZA799,City of Tshwane,2020-10-17,2020-10-18,10,10,10,2174548.2039040783,828727.9121995998,463282,20201017,20201018,0.24393339879416723,0.6953819961266214,0.06068460507921129,0.5059130831550246,994997.0,0.22283079372412132,0.7204843127840075,0.056684893491871245,0.5057337597223363,3627986.0,0.2808379746835443,0.8461538461538461,0.48224212034383956,0.9038461538461539,1,1,1,0,1,0,0,0,0
389853,ZA8,Mpumalanga,ZA5,KwaZulu-Natal,ZA830,Gert Sibande,ZA595,eThekwini,2020-10-17,2020-10-21,1,1,1,961008.4535419766,525481.6463906517,376660,20201017,20201021,0.30688245639051287,0.6412288994160756,0.05188864419341153,0.49968312815881616,1136106.0,0.2446364969883556,0.6990922562931536,0.05627124671849075,0.494610924976595,3587907.0,-0.11248741610738255,0.36538461538461536,0.5666580406654343,0.9230769230769231,1,1,1,0,1,0,0,0,0
389854,ZA5,KwaZulu-Natal,ZA5,KwaZulu-Natal,ZA523,Uthukela,ZA595,eThekwini,2020-10-17,2020-10-19,1,1,1,339485.70919429674,169652.14991624685,133741,20201017,20201019,0.36014331224838336,0.5864396074090654,0.05341708034255123,0.46782833191779016,652282.0,0.2446364969883556,0.6990922562931536,0.05627124671849075,0.494610924976595,3587907.0,-0.19841226215644822,0.19230769230769232,0.5666580406654343,0.9230769230769231,1,1,1,0,1,0,0,0,0
389855,ZA2,Eastern Cape,ZA2,Eastern Cape,ZA212,Amathole,ZA293,Nelson Mandela Bay,2020-10-17,2020-10-30,1,1,1,290222.9851149849,155276.77478512432,1104252,20201017,20201030,0.32816698449842097,0.5696178168124134,0.1022151986891656,0.47434426623917664,789726.0,0.2465186661259611,0.6842154879637478,0.0692658459102911,0.4877654529777138,1230491.0,-0.3192883211678832,0.019230769230769232,0.5740514018691588,0.9423076923076923,1,1,1,0,1,0,0,0,0
389856,ZA6,North West,ZA7,Gauteng,ZA637,Bojanala,ZA742,Sedibeng,2020-10-17,2020-10-17,15,15,15,4551465.908662414,2310770.6930223643,204224,20201017,20201017,0.25082919250139085,0.6903465537718604,0.05882425372674875,0.5380589003726469,1786678.0,0.24393339879416723,0.6953819961266214,0.06068460507921129,0.5059130831550246,994997.0,0.07430676328502415,0.6538461538461539,0.2808379746835443,0.8461538461538461,1,1,1,0,1,0,0,0,0
389857,ZA2,Eastern Cape,ZA4,Free State,ZA214,Joe Gqabi,ZA494,Mangaung,2020-10-17,2020-10-17,7,7,7,6732260.716189524,1590045.5558641632,57989,20201017,20201017,0.3340471849013029,0.5799636495391386,0.08598916555955849,0.47733103958194023,339473.0,0.26262942751272955,0.6754982029249197,0.06187236956235082,0.4901411892511804,826621.0,-0.1839776119402985,0.21153846153846154,0.27329104477611943,0.8269230769230769,1,1,1,0,1,0,0,0,0
389858,ZA4,Free State,ZA3,Nothern Cape,ZA418,Lejweleputswa,ZA309,Frances Baard,2020-10-17,2020-10-17,11,11,11,4979079.185539583,969495.3281516472,92498,20201017,20201017,0.27941650281351393,0.6617931601395349,0.058790337046951115,0.500105365269169,574193.0,0.2860169290028057,0.6497360787483951,0.06424699224879928,0.49189928194398214,420580.0,0.29495049504950493,0.8653846153846154,0.29907801418439717,0.8846153846153846,1,1,1,0,1,0,0,0,0
389859,ZA2,Eastern Cape,ZA1,Western Cape,ZA293,Nelson Mandela Bay,ZA105,Central Karoo,2020-10-17,2020-10-17,1,1,1,878843.2407179619,489902.68468251865,37910,20201017,20201017,0.2465186661259611,0.6842154879637478,0.0692658459102911,0.4877654529777138,1230491.0,0.29415328297801036,0.633639246216906,0.07220747080508365,0.4979247763656518,77582.0,0.5740514018691588,0.9423076923076923,-0.12604477611940298,0.3269230769230769,1,1,1,0,1,0,0,0,0
389860,ZA2,Eastern Cape,,,ZA293,Nelson Mandela Bay,,,2020-10-17,2020-10-17,2,2,2,65259.05693831251,15933.818936300546,11441,20201017,20201017,0.2465186661259611,0.6842154879637478,0.0692658459102911,0.4877654529777138,1230491.0,,,,,,0.5740514018691588,0.9423076923076923,,,1,1,1,0,1,0,0,0,0
389861,ZA8,Mpumalanga,ZA8,Mpumalanga,ZA831,Nkangala,ZA832,Ehlanzeni,2020-10-17,2020-10-18,4,4,4,1736187.3935971293,709808.0119001322,264309,20201017,20201018,0.27290691475673784,0.6711806877078121,0.055912397535449986,0.5109201270525474,1573837.0,0.32438893780700045,0.6235217992770762,0.05208926291592337,0.47979089412028486,1837538.0,0.07867808219178082,0.6730769230769231,0.1315940928270042,0.7307692307692307,1,1,1,0,1,0,0,0,0
389862,ZA5,KwaZulu-Natal,ZA5,KwaZulu-Natal,ZA543,Sisonke,ZA595,eThekwini,2020-10-17,2020-10-17,10,10,10,3075281.216103467,1563639.585981527,184231,20201017,20201017,0.37293146983899067,0.5707096800166399,0.05635885014436937,0.4671305273563743,447117.0,0.2446364969883556,0.6990922562931536,0.05627124671849075,0.494610924976595,3587907.0,-0.2112274881516588,0.17307692307692307,0.5666580406654343,0.9230769230769231,1,1,1,0,1,0,0,0,0
389863,ZA8,Mpumalanga,ZA7,Gauteng,ZA830,Gert Sibande,ZA748,West Rand,2020-10-17,2020-10-18,1,1,1,595932.9035184635,334518.2186232422,108978,20201017,20201018,0.30688245639051287,0.6412288994160756,0.05188864419341153,0.49968312815881616,1136106.0,0.23154887232085752,0.7207832829912092,0.047667844687933295,0.5288128906961219,856804.0,-0.11248741610738255,0.36538461538461536,0.23715802469135805,0.8076923076923077,1,1,1,0,1,0,0,0,0
389864,ZA4,Free State,ZA7,Gauteng,ZA494,Mangaung,ZA798,City of Johannesburg,2020-10-17,2020-10-18,1,1,1,838069.2199924723,394343.1508537878,77701,20201017,20201018,0.26262942751272955,0.6754982029249197,0.06187236956235082,0.4901411892511804,826621.0,0.2220629170143196,0.7299897648810346,0.047947318104645836,0.5097433964893054,5540727.0,0.27329104477611943,0.8269230769230769,0.8818060606060606,1.0,1,1,1,0,1,0,0,0,0
389865,ZA1,Western Cape,ZA1,Western Cape,ZA104,Eden,ZA103,Overberg,2020-10-17,2020-10-18,1,1,1,562530.4642327996,5404.89448160146,22707,20201017,20201018,0.24710205256745305,0.6628052101466374,0.09009273728590954,0.4993180863678119,673839.0,0.22836513904770692,0.6721314716747349,0.09950338927755827,0.511077351980676,303457.0,0.0004522691705790296,0.5384615384615384,0.051486772486772484,0.5961538461538461,1,1,1,0,1,0,0,0,0
389866,ZA7,Gauteng,ZA4,Free State,ZA742,Sedibeng,ZA420,Fezile Dabi,2020-10-17,2020-10-18,17,17,17,981326.2285520989,420723.5044862884,536081,20201017,20201018,0.24393339879416723,0.6953819961266214,0.06068460507921129,0.5059130831550246,994997.0,0.2705098118551487,0.6604572122193,0.06903297592555128,0.5050070807202104,494300.0,0.2808379746835443,0.8461538461538461,0.2276555023923445,0.7884615384615384,1,1,1,0,1,0,0,0,0
389867,ZA4,Free State,ZA3,Nothern Cape,ZA494,Mangaung,ZA309,Frances Baard,2020-10-17,2020-10-19,1,1,1,305193.1987332272,150812.54111562588,188526,20201017,20201019,0.26262942751272955,0.6754982029249197,0.06187236956235082,0.4901411892511804,826621.0,0.2860169290028057,0.6497360787483951,0.06424699224879928,0.49189928194398214,420580.0,0.27329104477611943,0.8269230769230769,0.29907801418439717,0.8846153846153846,1,1,1,0,1,0,0,0,0
389868,ZA4,Free State,ZA7,Gauteng,ZA494,Mangaung,ZA797,Ekurhuleni,2020-10-17,2020-10-17,3,3,3,2744911.739815197,1512548.9231613583,76309,20201017,20201017,0.26262942751272955,0.6754982029249197,0.06187236956235082,0.4901411892511804,826621.0,0.23296733680905687,0.7203157619169479,0.04671690127399521,0.5205474946472306,3739653.0,0.27329104477611943,0.8269230769230769,0.7435109289617486,0.9615384615384616,1,1,1,0,1,0,0,0,0
389869,ZA7,Gauteng,ZA3,Nothern Cape,ZA748,West Rand,ZA345,John Taolo Gaetsewe,2020-10-17,2020-10-17,1,1,1,511558.8306482916,439697.3442065467,26364,20201017,20201017,0.23154887232085752,0.7207832829912092,0.047667844687933295,0.5288128906961219,856804.0,0.31986957060536586,0.628082594956317,0.05204783443831712,0.4959027820806741,258224.0,0.23715802469135805,0.8076923076923077,-0.13480926430517712,0.3076923076923077,1,1,1,0,1,0,0,0,0
389870,ZA2,Eastern Cape,ZA7,Gauteng,ZA293,Nelson Mandela Bay,ZA798,City of Johannesburg,2020-10-17,2020-10-17,7,7,7,11388442.732229391,6580163.1081792815,182744,20201017,20201017,0.2465186661259611,0.6842154879637478,0.0692658459102911,0.4877654529777138,1230491.0,0.2220629170143196,0.7299897648810346,0.047947318104645836,0.5097433964893054,5540727.0,0.5740514018691588,0.9423076923076923,0.8818060606060606,1.0,1,1,1,0,1,0,0,0,0
389871,ZA5,KwaZulu-Natal,ZA7,Gauteng,ZA529,iLembe,ZA798,City of Johannesburg,2020-10-17,2020-10-17,8,8,8,7712100.959930259,4481940.4286327865,221400,20201017,20201017,0.32390440311621094,0.6202867780885334,0.05580881879525565,0.4827645772056803,636799.0,0.2220629170143196,0.7299897648810346,0.047947318104645836,0.5097433964893054,5540727.0,-0.14951617873651774,0.28846153846153844,0.8818060606060606,1.0,1,1,1,0,1,0,0,0,0
389872,ZA1,Western Cape,ZA1,Western Cape,ZA191,City of Cape Town,ZA103,Overberg,2020-10-17,2020-10-22,1,1,1,214019.8208377696,165741.5683725494,450457,20201017,20201022,0.23849582985172932,0.697186217784503,0.06431795236376775,0.4976008771049945,4436413.0,0.22836513904770692,0.6721314716747349,0.09950338927755827,0.511077351980676,303457.0,0.7687640750670242,0.9807692307692307,0.051486772486772484,0.5961538461538461,1,1,1,0,1,0,0,0,0
389873,ZA5,KwaZulu-Natal,ZA7,Gauteng,ZA595,eThekwini,ZA797,Ekurhuleni,2020-10-17,2020-10-24,1,1,1,1034024.2320170432,497724.0050811533,591073,20201017,20201024,0.2446364969883556,0.6990922562931536,0.05627124671849075,0.494610924976595,3587907.0,0.23296733680905687,0.7203157619169479,0.04671690127399521,0.5205474946472306,3739653.0,0.5666580406654343,0.9230769230769231,0.7435109289617486,0.9615384615384616,1,1,1,0,1,0,0,0,0
389874,ZA4,Free State,ZA4,Free State,ZA494,Mangaung,ZA419,Thabo Mofutsanyane,2020-10-17,2020-10-19,1,1,1,470907.9008518916,225258.0356554912,150229,20201017,20201019,0.26262942751272955,0.6754982029249197,0.06187236956235082,0.4901411892511804,826621.0,0.31143326559338835,0.6251823622683981,0.06338437213821363,0.47028720831466336,662829.0,0.27329104477611943,0.8269230769230769,0.10770218579234972,0.7115384615384616,1,1,1,0,1,0,0,0,0
389875,ZA4,Free State,ZA7,Gauteng,ZA419,Thabo Mofutsanyane,ZA799,City of Tshwane,2020-10-17,2020-10-21,1,1,1,339033.3112191056,308698.25977339246,364712,20201017,20201021,0.31143326559338835,0.6251823622683981,0.06338437213821363,0.47028720831466336,662829.0,0.22283079372412132,0.7204843127840075,0.056684893491871245,0.5057337597223363,3627986.0,0.10770218579234972,0.7115384615384616,0.48224212034383956,0.9038461538461539,1,1,1,0,1,0,0,0,0
389876,ZA5,KwaZulu-Natal,ZA5,KwaZulu-Natal,ZA526,Zululand,ZA525,Amajuba,2020-10-17,2020-10-18,1,1,1,152989.6641495084,76494.8320747542,27814,20201017,20201018,0.392497537624586,0.5542130860581069,0.053289376317307055,0.4651401640222711,783796.0,0.3311353387795859,0.6144200377537888,0.05444462346662529,0.48045773982507545,502731.0,-0.2762355212355212,0.09615384615384616,-0.16864155251141552,0.25,1,1,1,0,1,0,0,0,0
389877,ZA4,Free State,ZA8,Mpumalanga,ZA419,Thabo Mofutsanyane,ZA830,Gert Sibande,2020-10-17,2020-10-17,3,3,3,1737618.1391572517,388146.2913308208,15374,20201017,20201017,0.31143326559338835,0.6251823622683981,0.06338437213821363,0.47028720831466336,662829.0,0.30688245639051287,0.6412288994160756,0.05188864419341153,0.49968312815881616,1136106.0,0.10770218579234972,0.7115384615384616,-0.11248741610738255,0.36538461538461536,1,1,1,0,1,0,0,0,0
389878,ZA4,Free State,ZA1,Western Cape,ZA494,Mangaung,ZA102,Cape Winelands,2020-10-17,2020-10-18,1,1,1,1860389.212536039,872670.9587197348,29035,20201017,20201018,0.26262942751272955,0.6754982029249197,0.06187236956235082,0.4901411892511804,826621.0,0.24989252608235304,0.6902123420738123,0.059895131843834624,0.5011121214086944,909523.0,0.27329104477611943,0.8269230769230769,-0.012388831437435367,0.5192307692307693,1,1,1,0,1,0,0,0,0
389879,ZA2,Eastern Cape,ZA2,Eastern Cape,ZA213,Chris Hani,ZA212,Amathole,2020-10-17,2020-10-18,2,2,2,174656.3046050893,162650.11003636013,79853,20201017,20201018,0.334940582305372,0.572656560540376,0.09240285715425203,0.478383232498069,752217.0,0.32816698449842097,0.5696178168124134,0.1022151986891656,0.47434426623917664,789726.0,-0.29251697892271666,0.057692307692307696,-0.3192883211678832,0.019230769230769232,1,1,1,0,1,0,0,0,0
389880,ZA4,Free State,ZA7,Gauteng,ZA418,Lejweleputswa,ZA798,City of Johannesburg,2020-10-17,2020-10-23,1,1,1,258430.48812991983,254888.35252915544,450274,20201017,20201023,0.27941650281351393,0.6617931601395349,0.058790337046951115,0.500105365269169,574193.0,0.2220629170143196,0.7299897648810346,0.047947318104645836,0.5097433964893054,5540727.0,0.29495049504950493,0.8653846153846154,0.8818060606060606,1.0,1,1,1,0,1,0,0,0,0
389881,ZA9,Limpopo,ZA6,North West,ZA936,Waterberg,ZA637,Bojanala,2020-10-17,2020-10-18,7,7,7,1490516.8167640625,485206.8181993708,369322,20201017,20201018,0.2870915348782833,0.6477210572390478,0.06518740788266879,0.5138960603357211,718513.0,0.25082919250139085,0.6903465537718604,0.05882425372674875,0.5380589003726469,1786678.0,0.00236898395721925,0.5576923076923077,0.07430676328502415,0.6538461538461539,1,1,1,0,1,0,0,0,0
389882,ZA5,KwaZulu-Natal,ZA8,Mpumalanga,ZA526,Zululand,ZA831,Nkangala,2020-10-17,2020-10-17,3,3,3,2566742.811424166,887421.0115996117,50852,20201017,20201017,0.392497537624586,0.5542130860581069,0.053289376317307055,0.4651401640222711,783796.0,0.27290691475673784,0.6711806877078121,0.055912397535449986,0.5109201270525474,1573837.0,-0.2762355212355212,0.09615384615384616,0.07867808219178082,0.6730769230769231,1,1,1,0,1,0,0,0,0
389883,ZA4,Free State,ZA7,Gauteng,ZA494,Mangaung,ZA799,City of Tshwane,2020-10-17,2020-10-17,6,6,6,6741261.816750346,2723343.0190878003,128311,20201017,20201017,0.26262942751272955,0.6754982029249197,0.06187236956235082,0.4901411892511804,826621.0,0.22283079372412132,0.7204843127840075,0.056684893491871245,0.5057337597223363,3627986.0,0.27329104477611943,0.8269230769230769,0.48224212034383956,0.9038461538461539,1,1,1,0,1,0,0,0,0
389884,ZA4,Free State,ZA8,Mpumalanga,ZA420,Fezile Dabi,ZA831,Nkangala,2020-10-17,2020-10-23,1,1,1,725756.4316482114,260863.2382040053,483021,20201017,20201023,0.2705098118551487,0.6604572122193,0.06903297592555128,0.5050070807202104,494300.0,0.27290691475673784,0.6711806877078121,0.055912397535449986,0.5109201270525474,1573837.0,0.2276555023923445,0.7884615384615384,0.07867808219178082,0.6730769230769231,1,1,1,0,1,0,0,0,0
389885,ZA4,Free State,ZA7,Gauteng,ZA419,Thabo Mofutsanyane,ZA798,City of Johannesburg,2020-10-17,2020-10-27,1,1,1,475083.8122689343,273001.8591653972,919764,20201017,20201027,0.31143326559338835,0.6251823622683981,0.06338437213821363,0.47028720831466336,662829.0,0.2220629170143196,0.7299897648810346,0.047947318104645836,0.5097433964893054,5540727.0,0.10770218579234972,0.7115384615384616,0.8818060606060606,1.0,1,1,1,0,1,0,0,0,0
389886,ZA7,Gauteng,ZA8,Mpumalanga,ZA748,West Rand,ZA831,Nkangala,2020-10-17,2020-10-17,6,6,6,3408444.470489021,1206938.2570746995,100267,20201017,20201017,0.23154887232085752,0.7207832829912092,0.047667844687933295,0.5288128906961219,856804.0,0.27290691475673784,0.6711806877078121,0.055912397535449986,0.5109201270525474,1573837.0,0.23715802469135805,0.8076923076923077,0.07867808219178082,0.6730769230769231,1,1,1,0,1,0,0,0,0
389887,ZA9,Limpopo,ZA6,North West,ZA936,Waterberg,ZA637,Bojanala,2020-10-17,2020-10-30,2,1,1,474341.4815138127,272580.4738112668,2309839,20201017,20201030,0.2870915348782833,0.6477210572390478,0.06518740788266879,0.5138960603357211,718513.0,0.25082919250139085,0.6903465537718604,0.05882425372674875,0.5380589003726469,1786678.0,0.00236898395721925,0.5576923076923077,0.07430676328502415,0.6538461538461539,1,1,1,0,1,0,0,0,0
389888,ZA4,Free State,ZA4,Free State,ZA416,Xhariep,ZA494,Mangaung,2020-10-17,2020-10-18,3,3,3,433127.9958140908,181525.609427166,65158,20201017,20201018,0.29515218562959183,0.6325513667867511,0.07229644758365718,0.5005153225730198,105759.0,0.26262942751272955,0.6754982029249197,0.06187236956235082,0.4901411892511804,826621.0,0.18671264367816093,0.7692307692307693,0.27329104477611943,0.8269230769230769,1,1,1,0,1,0,0,0,0
389889,ZA2,Eastern Cape,ZA5,KwaZulu-Natal,ZA244,Alfred Nzo,ZA543,Sisonke,2020-10-17,2020-10-17,16,16,13,1644344.412925888,747389.501835875,88807,20201017,20201017,0.40782127157510134,0.5221222097470932,0.07005651867780548,0.4576553946475353,788235.0,0.37293146983899067,0.5707096800166399,0.05635885014436937,0.4671305273563743,447117.0,-0.27396673320026615,0.11538461538461539,-0.2112274881516588,0.17307692307692307,1,1,1,0,1,0,0,0,0
389890,ZA7,Gauteng,ZA7,Gauteng,ZA798,City of Johannesburg,ZA798,City of Johannesburg,2020-10-17,2020-10-19,1,1,1,802960.0456373763,12761.566821399736,150556,20201017,20201019,0.2220629170143196,0.7299897648810346,0.047947318104645836,0.5097433964893054,5540727.0,0.2220629170143196,0.7299897648810346,0.047947318104645836,0.5097433964893054,5540727.0,0.8818060606060606,1.0,0.8818060606060606,1.0,1,1,1,0,1,0,0,0,0
389891,ZA9,Limpopo,ZA9,Limpopo,ZA933,Mopani,ZA934,Vhembe,2020-10-17,2020-10-18,3,3,3,429972.0653151248,211793.1354999003,61541,20201017,20201018,0.3329418650827259,0.6026296126910996,0.06442852222617454,0.46142626187343905,1062666.0,0.3433867460978093,0.5887604530714541,0.06785280083073665,0.4597374214109392,1325089.0,-0.037928345626975765,0.4807692307692308,-0.0767829596412556,0.4230769230769231,1,1,1,0,1,0,0,0,0
389892,ZA7,Gauteng,ZA4,Free State,ZA748,West Rand,ZA419,Thabo Mofutsanyane,2020-10-17,2020-10-17,2,2,2,2482699.049928111,523660.5193044547,30283,20201017,20201017,0.23154887232085752,0.7207832829912092,0.047667844687933295,0.5288128906961219,856804.0,0.31143326559338835,0.6251823622683981,0.06338437213821363,0.47028720831466336,662829.0,0.23715802469135805,0.8076923076923077,0.10770218579234972,0.7115384615384616,1,1,1,0,1,0,0,0,0
389893,ZA7,Gauteng,ZA2,Eastern Cape,ZA798,City of Johannesburg,ZA215,O.R.Tambo,2020-10-17,2020-10-17,1,1,1,606258.1544180476,606258.1544180476,8149,20201017,20201017,0.2220629170143196,0.7299897648810346,0.047947318104645836,0.5097433964893054,5540727.0,0.38804558548824664,0.5482866433400703,0.06366777117168307,0.4623163104135049,1358678.0,0.8818060606060606,1.0,-0.23807536101083035,0.1346153846153846,1,1,1,0,1,0,0,0,0
389894,ZA8,Mpumalanga,ZA7,Gauteng,ZA832,Ehlanzeni,ZA799,City of Tshwane,2020-10-17,2020-10-30,1,1,1,600225.3635533326,275023.9111236528,1088574,20201017,20201030,0.32438893780700045,0.6235217992770762,0.05208926291592337,0.47979089412028486,1837538.0,0.22283079372412132,0.7204843127840075,0.056684893491871245,0.5057337597223363,3627986.0,0.1315940928270042,0.7307692307692307,0.48224212034383956,0.9038461538461539,1,1,1,0,1,0,0,0,0
389895,ZA5,KwaZulu-Natal,ZA5,KwaZulu-Natal,ZA522,Umgungundlovu,ZA521,Ugu,2020-10-17,2020-10-17,4,4,4,1173788.9580387408,484719.3791040358,52373,20201017,20201017,0.2748377359932372,0.663873035280183,0.06128922872657978,0.48236181888519014,1046905.0,0.32122674606698143,0.6016982741355622,0.07707497979745637,0.47391596021954596,714019.0,0.0061256544502617805,0.5769230769230769,-0.09480895915678524,0.40384615384615385,1,1,1,0,1,0,0,0,0
389896,ZA7,Gauteng,ZA9,Limpopo,ZA797,Ekurhuleni,ZA947,Sekhukhune,2020-10-17,2020-10-24,1,1,1,384725.7582968613,270305.9882630913,556822,20201017,20201024,0.23296733680905687,0.7203157619169479,0.04671690127399521,0.5205474946472306,3739653.0,0.3536917516859454,0.5707075150199985,0.07560073329405607,0.46486328935523974,1125333.0,0.7435109289617486,0.9615384615384616,-0.06015677966101695,0.4423076923076923,1,1,1,0,1,0,0,0,0
389897,ZA3,Nothern Cape,ZA8,Mpumalanga,ZA345,John Taolo Gaetsewe,ZA831,Nkangala,2020-10-17,2020-10-31,1,1,1,634013.9919179373,634013.9919179373,1258452,20201017,20201031,0.31986957060536586,0.628082594956317,0.05204783443831712,0.4959027820806741,258224.0,0.27290691475673784,0.6711806877078121,0.055912397535449986,0.5109201270525474,1573837.0,-0.13480926430517712,0.3076923076923077,0.07867808219178082,0.6730769230769231,1,1,1,0,1,0,0,0,0
389898,ZA1,Western Cape,ZA7,Gauteng,ZA101,West Coast,ZA797,Ekurhuleni,2020-10-17,2020-10-18,1,1,1,3001270.204882217,1258770.1586003995,78778,20201017,20201018,0.24466466325617858,0.6852166396976793,0.0701186970461421,0.5060695297345649,497485.0,0.23296733680905687,0.7203157619169479,0.04671690127399521,0.5205474946472306,3739653.0,-0.12079976303317536,0.34615384615384615,0.7435109289617486,0.9615384615384616,1,1,1,0,1,0,0,0,0
389899,ZA5,KwaZulu-Natal,,,ZA521,Ugu,,,2020-10-17,2020-10-17,9,9,8,548107.9281934295,15191.665261804112,27108,20201017,20201017,0.32122674606698143,0.6016982741355622,0.07707497979745637,0.47391596021954596,714019.0,,,,,,-0.09480895915678524,0.40384615384615385,,,1,1,1,0,1,0,0,0,0
389900,ZA5,KwaZulu-Natal,ZA5,KwaZulu-Natal,ZA522,Umgungundlovu,ZA543,Sisonke,2020-10-17,2020-10-17,9,9,9,2591362.7198906555,1009582.6583275116,81227,20201017,20201017,0.2748377359932372,0.663873035280183,0.06128922872657978,0.48236181888519014,1046905.0,0.37293146983899067,0.5707096800166399,0.05635885014436937,0.4671305273563743,447117.0,0.0061256544502617805,0.5769230769230769,-0.2112274881516588,0.17307692307692307,1,1,1,0,1,0,0,0,0
389901,ZA4,Free State,ZA6,North West,ZA494,Mangaung,ZA638,Ngaka Modiri Molema,2020-10-17,2020-10-17,3,3,3,2390906.800215705,1041592.9939986344,69731,20201017,20201017,0.26262942751272955,0.6754982029249197,0.06187236956235082,0.4901411892511804,826621.0,0.3236353449196357,0.6078801705223251,0.06848448455803925,0.4964769205863341,870971.0,0.27329104477611943,0.8269230769230769,-0.18344824707846413,0.23076923076923078,1,1,1,0,1,0,0,0,0
389902,ZA8,Mpumalanga,ZA7,Gauteng,ZA831,Nkangala,ZA748,West Rand,2020-10-17,2020-10-17,5,5,5,2233912.994558266,872698.6228964594,112090,20201017,20201017,0.27290691475673784,0.6711806877078121,0.055912397535449986,0.5109201270525474,1573837.0,0.23154887232085752,0.7207832829912092,0.047667844687933295,0.5288128906961219,856804.0,0.07867808219178082,0.6730769230769231,0.23715802469135805,0.8076923076923077,1,1,1,0,1,0,0,0,0
389903,ZA8,Mpumalanga,ZA7,Gauteng,ZA831,Nkangala,ZA799,City of Tshwane,2020-10-17,2020-10-19,1,1,1,136947.99396856042,136822.97646630197,188495,20201017,20201019,0.27290691475673784,0.6711806877078121,0.055912397535449986,0.5109201270525474,1573837.0,0.22283079372412132,0.7204843127840075,0.056684893491871245,0.5057337597223363,3627986.0,0.07867808219178082,0.6730769230769231,0.48224212034383956,0.9038461538461539,1,1,1,0,1,0,0,0,0
389904,ZA1,Western Cape,ZA1,Western Cape,ZA191,City of Cape Town,ZA191,City of Cape Town,2020-10-17,2020-10-19,1,1,1,2007207.027350418,2007207.027350418,166002,20201017,20201019,0.23849582985172932,0.697186217784503,0.06431795236376775,0.4976008771049945,4436413.0,0.23849582985172932,0.697186217784503,0.06431795236376775,0.4976008771049945,4436413.0,0.7687640750670242,0.9807692307692307,0.7687640750670242,0.9807692307692307,1,1,1,0,1,0,0,0,0
389905,ZA2,Eastern Cape,ZA2,Eastern Cape,ZA212,Amathole,ZA213,Chris Hani,2020-10-17,2020-10-25,1,1,1,149177.58040738184,134265.63120430894,680921,20201017,20201025,0.32816698449842097,0.5696178168124134,0.1022151986891656,0.47434426623917664,789726.0,0.334940582305372,0.572656560540376,0.09240285715425203,0.478383232498069,752217.0,-0.3192883211678832,0.019230769230769232,-0.29251697892271666,0.057692307692307696,1,1,1,0,1,0,0,0,0
389906,ZA7,Gauteng,ZA6,North West,ZA742,Sedibeng,ZA637,Bojanala,2020-10-17,2020-10-17,8,8,8,2261142.882285755,1042611.273422825,103823,20201017,20201017,0.24393339879416723,0.6953819961266214,0.06068460507921129,0.5059130831550246,994997.0,0.25082919250139085,0.6903465537718604,0.05882425372674875,0.5380589003726469,1786678.0,0.2808379746835443,0.8461538461538461,0.07430676328502415,0.6538461538461539,1,1,1,0,1,0,0,0,0
389907,ZA5,KwaZulu-Natal,ZA5,KwaZulu-Natal,ZA521,Ugu,ZA595,eThekwini,2020-10-17,2020-10-31,1,1,1,261614.18112618884,120870.91518367526,1166057,20201017,20201031,0.32122674606698143,0.6016982741355622,0.07707497979745637,0.47391596021954596,714019.0,0.2446364969883556,0.6990922562931536,0.05627124671849075,0.494610924976595,3587907.0,-0.09480895915678524,0.40384615384615385,0.5666580406654343,0.9230769230769231,1,1,1,0,1,0,0,0,0
389908,ZA7,Gauteng,ZA5,KwaZulu-Natal,ZA798,City of Johannesburg,ZA528,Uthungulu,2020-10-17,2020-10-18,1,1,1,806042.4727721537,649046.2086886481,57418,20201017,20201018,0.2220629170143196,0.7299897648810346,0.047947318104645836,0.5097433964893054,5540727.0,0.3398562749304085,0.6096443299200878,0.05049939514950375,0.4759701217345943,889476.0,0.8818060606060606,1.0,-0.2202014106583072,0.15384615384615385,1,1,1,0,1,0,0,0,0
389909,ZA9,Limpopo,ZA9,Limpopo,ZA947,Sekhukhune,ZA935,Capricorn,2020-10-17,2020-10-18,3,3,3,480662.67797149584,229034.4732236961,133201,20201017,20201018,0.3536917516859454,0.5707075150199985,0.07560073329405607,0.46486328935523974,1125333.0,0.3265897738288558,0.6007690312860821,0.07264119488506209,0.472231826966417,1295656.0,-0.06015677966101695,0.4423076923076923,0.07397387387387387,0.6346153846153846,1,1,1,0,1,0,0,0,0
389910,ZA7,Gauteng,ZA9,Limpopo,ZA748,West Rand,ZA947,Sekhukhune,2020-10-17,2020-10-17,1,1,1,459554.0454397477,198684.46984803083,14625,20201017,20201017,0.23154887232085752,0.7207832829912092,0.047667844687933295,0.5288128906961219,856804.0,0.3536917516859454,0.5707075150199985,0.07560073329405607,0.46486328935523974,1125333.0,0.23715802469135805,0.8076923076923077,-0.06015677966101695,0.4423076923076923,1,1,1,0,1,0,0,0,0
389911,ZA5,KwaZulu-Natal,ZA5,KwaZulu-Natal,ZA522,Umgungundlovu,ZA543,Sisonke,2020-10-17,2020-10-18,3,3,3,415035.7851227724,165882.21224297013,91284,20201017,20201018,0.2748377359932372,0.663873035280183,0.06128922872657978,0.48236181888519014,1046905.0,0.37293146983899067,0.5707096800166399,0.05635885014436937,0.4671305273563743,447117.0,0.0061256544502617805,0.5769230769230769,-0.2112274881516588,0.17307692307692307,1,1,1,0,1,0,0,0,0
389912,ZA6,North West,ZA7,Gauteng,ZA638,Ngaka Modiri Molema,ZA797,Ekurhuleni,2020-10-17,2020-10-17,4,4,4,1712253.906732835,932750.9291974902,82501,20201017,20201017,0.3236353449196357,0.6078801705223251,0.06848448455803925,0.4964769205863341,870971.0,0.23296733680905687,0.7203157619169479,0.04671690127399521,0.5205474946472306,3739653.0,-0.18344824707846413,0.23076923076923078,0.7435109289617486,0.9615384615384616,1,1,1,0,1,0,0,0,0
389913,ZA6,North West,ZA9,Limpopo,ZA638,Ngaka Modiri Molema,ZA936,Waterberg,2020-10-17,2020-10-17,3,2,2,522151.5941976028,67710.82400120312,22388,20201017,20201017,0.3236353449196357,0.6078801705223251,0.06848448455803925,0.4964769205863341,870971.0,0.2870915348782833,0.6477210572390478,0.06518740788266879,0.5138960603357211,718513.0,-0.18344824707846413,0.23076923076923078,0.00236898395721925,0.5576923076923077,1,1,1,0,1,0,0,0,0
389914,ZA6,North West,ZA2,Eastern Cape,ZA637,Bojanala,ZA210,Cacadu,2020-10-17,2020-10-31,1,1,1,1792078.4596818765,852201.6212253927,1211644,20201017,20201031,0.25082919250139085,0.6903465537718604,0.05882425372674875,0.5380589003726469,1786678.0,0.2618455236218228,0.6571170870354837,0.08103738934269357,0.4975242081945451,491156.0,0.07430676328502415,0.6538461538461539,-0.01848062015503876,0.5,1,1,1,0,1,0,0,0,0
389915,ZA7,Gauteng,ZA9,Limpopo,ZA799,City of Tshwane,ZA934,Vhembe,2020-10-17,2020-10-31,1,1,1,373131.9669943114,373131.9669943114,1220272,20201017,20201031,0.22283079372412132,0.7204843127840075,0.056684893491871245,0.5057337597223363,3627986.0,0.3433867460978093,0.5887604530714541,0.06785280083073665,0.4597374214109392,1325089.0,0.48224212034383956,0.9038461538461539,-0.0767829596412556,0.4230769230769231,1,1,1,0,1,0,0,0,0
389916,ZA8,Mpumalanga,ZA5,KwaZulu-Natal,ZA831,Nkangala,ZA595,eThekwini,2020-10-17,2020-10-17,2,2,2,2197760.361400748,1112250.4686572,64358,20201017,20201017,0.27290691475673784,0.6711806877078121,0.055912397535449986,0.5109201270525474,1573837.0,0.2446364969883556,0.6990922562931536,0.05627124671849075,0.494610924976595,3587907.0,0.07867808219178082,0.6730769230769231,0.5666580406654343,0.9230769230769231,1,1,1,0,1,0,0,0,0
389917,ZA7,Gauteng,ZA7,Gauteng,ZA742,Sedibeng,ZA748,West Rand,2020-10-17,2020-10-24,1,1,1,192499.67591188903,94026.4855090296,554269,20201017,20201024,0.24393339879416723,0.6953819961266214,0.06068460507921129,0.5059130831550246,994997.0,0.23154887232085752,0.7207832829912092,0.047667844687933295,0.5288128906961219,856804.0,0.2808379746835443,0.8461538461538461,0.23715802469135805,0.8076923076923077,1,1,1,0,1,0,0,0,0
389918,ZA3,Nothern Cape,ZA3,Nothern Cape,ZA308,Z F Mgcawu,ZA307,Pixley ka Seme,2020-10-17,2020-10-17,2,2,2,1420699.017500225,801911.9620712049,28980,20201017,20201017,0.27601757542529287,0.6641943181028425,0.059788106471864645,0.5142626583989065,258998.0,0.3060749448635213,0.6232332132979509,0.0706918418385278,0.5011842246002923,196331.0,-0.04016603773584906,0.46153846153846156,0.1854655172413793,0.75,1,1,1,0,1,0,0,0,0
389919,ZA5,KwaZulu-Natal,ZA5,KwaZulu-Natal,ZA524,Umzinyathi,ZA595,eThekwini,2020-10-17,2020-10-17,4,4,4,1351109.4955012726,631136.277763936,44379,20201017,20201017,0.3952311253914291,0.5454951881678106,0.05927368644076033,0.451447242842509,514461.0,0.2446364969883556,0.6990922562931536,0.05627124671849075,0.494610924976595,3587907.0,-0.28225945945945946,0.07692307692307693,0.5666580406654343,0.9230769230769231,1,1,1,0,1,0,0,0,0
389920,ZA4,Free State,ZA4,Free State,ZA494,Mangaung,ZA419,Thabo Mofutsanyane,2020-10-17,2020-10-18,1,1,1,1167337.8617353996,319945.0203113949,32087,20201017,20201018,0.26262942751272955,0.6754982029249197,0.06187236956235082,0.4901411892511804,826621.0,0.31143326559338835,0.6251823622683981,0.06338437213821363,0.47028720831466336,662829.0,0.27329104477611943,0.8269230769230769,0.10770218579234972,0.7115384615384616,1,1,1,0,1,0,0,0,0
389921,ZA9,Limpopo,ZA7,Gauteng,ZA933,Mopani,ZA797,Ekurhuleni,2020-10-17,2020-10-18,3,3,3,9808000.54301986,1039441.009768703,202375,20201017,20201018,0.3329418650827259,0.6026296126910996,0.06442852222617454,0.46142626187343905,1062666.0,0.23296733680905687,0.7203157619169479,0.04671690127399521,0.5205474946472306,3739653.0,-0.037928345626975765,0.4807692307692308,0.7435109289617486,0.9615384615384616,1,1,1,0,1,0,0,0,0
389922,ZA2,Eastern Cape,ZA2,Eastern Cape,ZA210,Cacadu,ZA292,Buffalo City,2020-10-17,2020-10-22,1,1,1,195223.23930404783,96989.53652529472,364848,20201017,20201022,0.2618455236218228,0.6571170870354837,0.08103738934269357,0.4975242081945451,491156.0,0.254980022080858,0.6758306608485358,0.06918931707060617,0.48177934914042375,760840.0,-0.01848062015503876,0.5,0.09585175879396986,0.6923076923076923,1,1,1,0,1,0,0,0,0
389923,ZA1,Western Cape,ZA1,Western Cape,ZA103,Overberg,ZA104,Eden,2020-10-17,2020-10-20,1,1,1,2060844.1922093704,129679.74036408815,257095,20201017,20201020,0.22836513904770692,0.6721314716747349,0.09950338927755827,0.511077351980676,303457.0,0.24710205256745305,0.6628052101466374,0.09009273728590954,0.4993180863678119,673839.0,0.051486772486772484,0.5961538461538461,0.0004522691705790296,0.5384615384615384,1,1,1,0,1,0,0,0,0
389924,ZA7,Gauteng,ZA4,Free State,ZA798,City of Johannesburg,ZA419,Thabo Mofutsanyane,2020-10-17,2020-10-31,1,1,1,271736.37401216925,271548.9786717862,1213690,20201017,20201031,0.2220629170143196,0.7299897648810346,0.047947318104645836,0.5097433964893054,5540727.0,0.31143326559338835,0.6251823622683981,0.06338437213821363,0.47028720831466336,662829.0,0.8818060606060606,1.0,0.10770218579234972,0.7115384615384616,1,1,1,0,1,0,0,0,0
389925,ZA6,North West,ZA6,North West,ZA638,Ngaka Modiri Molema,ZA640,Dr Kenneth Kaunda,2020-10-17,2020-10-18,6,6,6,1102351.0505118882,532204.1175282078,213329,20201017,20201018,0.3236353449196357,0.6078801705223251,0.06848448455803925,0.4964769205863341,870971.0,0.27505895171327793,0.6602340041700301,0.06470704411669191,0.5065976875287468,754431.0,-0.18344824707846413,0.23076923076923078,-0.10069384057971015,0.38461538461538464,1,1,1,0,1,0,0,0,0
389928,ZA5,KwaZulu-Natal,ZA5,KwaZulu-Natal,ZA528,Uthungulu,ZA522,Umgungundlovu,2020-10-17,2020-10-17,5,5,5,2125551.904373436,999982.8847913116,119435,20201017,20201017,0.3398562749304085,0.6096443299200878,0.05049939514950375,0.4759701217345943,889476.0,0.2748377359932372,0.663873035280183,0.06128922872657978,0.48236181888519014,1046905.0,-0.2202014106583072,0.15384615384615385,0.0061256544502617805,0.5769230769230769,1,1,1,0,1,0,0,0,0
389929,ZA4,Free State,ZA7,Gauteng,ZA420,Fezile Dabi,ZA797,Ekurhuleni,2020-10-17,2020-10-23,2,2,2,442246.212155688,284533.26014130027,1008393,20201017,20201023,0.2705098118551487,0.6604572122193,0.06903297592555128,0.5050070807202104,494300.0,0.23296733680905687,0.7203157619169479,0.04671690127399521,0.5205474946472306,3739653.0,0.2276555023923445,0.7884615384615384,0.7435109289617486,0.9615384615384616,1,1,1,0,1,0,0,0,0
389930,ZA5,KwaZulu-Natal,ZA7,Gauteng,ZA521,Ugu,ZA798,City of Johannesburg,2020-10-17,2020-10-18,1,1,1,1407549.3184161787,574448.0587486107,104820,20201017,20201018,0.32122674606698143,0.6016982741355622,0.07707497979745637,0.47391596021954596,714019.0,0.2220629170143196,0.7299897648810346,0.047947318104645836,0.5097433964893054,5540727.0,-0.09480895915678524,0.40384615384615385,0.8818060606060606,1.0,1,1,1,0,1,0,0,0,0
389931,ZA2,Eastern Cape,ZA4,Free State,ZA214,Joe Gqabi,ZA416,Xhariep,2020-10-17,2020-10-18,3,3,3,141304.50389429717,57068.75733884222,44686,20201017,20201018,0.3340471849013029,0.5799636495391386,0.08598916555955849,0.47733103958194023,339473.0,0.29515218562959183,0.6325513667867511,0.07229644758365718,0.5005153225730198,105759.0,-0.1839776119402985,0.21153846153846154,0.18671264367816093,0.7692307692307693,1,1,1,0,1,0,0,0,0
389932,ZA1,Western Cape,ZA2,Eastern Cape,ZA102,Cape Winelands,ZA213,Chris Hani,2020-10-17,2020-10-17,2,2,2,4018540.823412857,1429838.5863620802,55591,20201017,20201017,0.24989252608235304,0.6902123420738123,0.059895131843834624,0.5011121214086944,909523.0,0.334940582305372,0.572656560540376,0.09240285715425203,0.478383232498069,752217.0,-0.012388831437435367,0.5192307692307693,-0.29251697892271666,0.057692307692307696,1,1,1,0,1,0,0,0,0
389933,ZA5,KwaZulu-Natal,ZA5,KwaZulu-Natal,ZA527,Umkhanyakude,ZA528,Uthungulu,2020-10-17,2020-10-18,4,4,4,496948.9144711241,224428.04580820815,91796,20201017,20201018,0.40017378652548197,0.5489306999026919,0.05089551357182606,0.4622270789873748,643318.0,0.3398562749304085,0.6096443299200878,0.05049939514950375,0.4759701217345943,889476.0,-0.31784377542717657,0.038461538461538464,-0.2202014106583072,0.15384615384615385,1,1,1,0,1,0,0,0,0
389934,ZA7,Gauteng,ZA8,Mpumalanga,ZA742,Sedibeng,ZA832,Ehlanzeni,2020-10-17,2020-10-17,3,3,3,2678941.737616579,1298034.2927453015,80764,20201017,20201017,0.24393339879416723,0.6953819961266214,0.06068460507921129,0.5059130831550246,994997.0,0.32438893780700045,0.6235217992770762,0.05208926291592337,0.47979089412028486,1837538.0,0.2808379746835443,0.8461538461538461,0.1315940928270042,0.7307692307692307,1,1,1,0,1,0,0,0,0
389935,ZA3,Nothern Cape,ZA2,Eastern Cape,ZA307,Pixley ka Seme,ZA214,Joe Gqabi,2020-10-17,2020-10-17,1,1,1,405130.4038252712,195573.95094921897,18993,20201017,20201017,0.3060749448635213,0.6232332132979509,0.0706918418385278,0.5011842246002923,196331.0,0.3340471849013029,0.5799636495391386,0.08598916555955849,0.47733103958194023,339473.0,0.1854655172413793,0.75,-0.1839776119402985,0.21153846153846154,1,1,1,0,1,0,0,0,0
389936,ZA4,Free State,ZA1,Western Cape,ZA420,Fezile Dabi,ZA104,Eden,2020-10-17,2020-10-17,5,5,5,11323812.073380888,6734270.161915357,183951,20201017,20201017,0.2705098118551487,0.6604572122193,0.06903297592555128,0.5050070807202104,494300.0,0.24710205256745305,0.6628052101466374,0.09009273728590954,0.4993180863678119,673839.0,0.2276555023923445,0.7884615384615384,0.0004522691705790296,0.5384615384615384,1,1,1,0,1,0,0,0,0
389937,ZA3,Nothern Cape,ZA3,Nothern Cape,ZA306,Namakwa,ZA308,Z F Mgcawu,2020-10-17,2020-10-17,1,1,1,2515488.48026035,496323.8322500514,45402,20201017,20201017,0.2479438366342976,0.6592106724059887,0.09284549095971371,0.5132337492633683,117087.0,0.27601757542529287,0.6641943181028425,0.059788106471864645,0.5142626583989065,258998.0,0.06505633802816901,0.6153846153846154,-0.04016603773584906,0.46153846153846156,1,1,1,0,1,0,0,0,0
389938,ZA4,Free State,ZA1,Western Cape,ZA418,Lejweleputswa,ZA104,Eden,2020-10-17,2020-10-17,2,2,2,3757867.951158597,1763645.5193409603,92973,20201017,20201017,0.27941650281351393,0.6617931601395349,0.058790337046951115,0.500105365269169,574193.0,0.24710205256745305,0.6628052101466374,0.09009273728590954,0.4993180863678119,673839.0,0.29495049504950493,0.8653846153846154,0.0004522691705790296,0.5384615384615384,1,1,1,0,1,0,0,0,0
389939,ZA7,Gauteng,ZA9,Limpopo,ZA799,City of Tshwane,ZA933,Mopani,2020-10-17,2020-10-24,1,1,1,537464.9995780002,286035.87126753543,535466,20201017,20201024,0.22283079372412132,0.7204843127840075,0.056684893491871245,0.5057337597223363,3627986.0,0.3329418650827259,0.6026296126910996,0.06442852222617454,0.46142626187343905,1062666.0,0.48224212034383956,0.9038461538461539,-0.037928345626975765,0.4807692307692308,1,1,1,0,1,0,0,0,0
389940,ZA1,Western Cape,ZA2,Eastern Cape,ZA104,Eden,ZA293,Nelson Mandela Bay,2020-10-17,2020-10-17,2,2,2,1063547.25883121,558885.9163411385,37771,20201017,20201017,0.24710205256745305,0.6628052101466374,0.09009273728590954,0.4993180863678119,673839.0,0.2465186661259611,0.6842154879637478,0.0692658459102911,0.4877654529777138,1230491.0,0.0004522691705790296,0.5384615384615384,0.5740514018691588,0.9423076923076923,1,1,1,0,1,0,0,0,0
389941,ZA9,Limpopo,ZA9,Limpopo,ZA936,Waterberg,ZA934,Vhembe,2020-10-17,2020-10-18,1,1,1,276518.9337758454,276516.6272060079,54519,20201017,20201018,0.2870915348782833,0.6477210572390478,0.06518740788266879,0.5138960603357211,718513.0,0.3433867460978093,0.5887604530714541,0.06785280083073665,0.4597374214109392,1325089.0,0.00236898395721925,0.5576923076923077,-0.0767829596412556,0.4230769230769231,1,1,1,0,1,0,0,0,0
389942,ZA8,Mpumalanga,ZA8,Mpumalanga,ZA832,Ehlanzeni,ZA832,Ehlanzeni,2020-10-17,2020-10-31,1,1,1,1005.009759426761,362.9671163894534,1212058,20201017,20201031,0.32438893780700045,0.6235217992770762,0.05208926291592337,0.47979089412028486,1837538.0,0.32438893780700045,0.6235217992770762,0.05208926291592337,0.47979089412028486,1837538.0,0.1315940928270042,0.7307692307692307,0.1315940928270042,0.7307692307692307,1,1,1,0,1,0,0,0,0
389943,ZA7,Gauteng,ZA6,North West,ZA797,Ekurhuleni,ZA637,Bojanala,2020-10-17,2020-10-18,3,3,3,475564.6136552404,193307.88223760933,49881,20201017,20201018,0.23296733680905687,0.7203157619169479,0.04671690127399521,0.5205474946472306,3739653.0,0.25082919250139085,0.6903465537718604,0.05882425372674875,0.5380589003726469,1786678.0,0.7435109289617486,0.9615384615384616,0.07430676328502415,0.6538461538461539,1,1,1,0,1,0,0,0,0
389944,ZA5,KwaZulu-Natal,ZA5,KwaZulu-Natal,ZA529,iLembe,ZA527,Umkhanyakude,2020-10-17,2020-10-17,2,2,2,1064048.9269757215,465303.9433690347,46749,20201017,20201017,0.32390440311621094,0.6202867780885334,0.05580881879525565,0.4827645772056803,636799.0,0.40017378652548197,0.5489306999026919,0.05089551357182606,0.4622270789873748,643318.0,-0.14951617873651774,0.28846153846153844,-0.31784377542717657,0.038461538461538464,1,1,1,0,1,0,0,0,0
389945,ZA5,KwaZulu-Natal,ZA5,KwaZulu-Natal,ZA527,Umkhanyakude,ZA595,eThekwini,2020-10-17,2020-10-21,1,1,1,526054.5945744074,253317.43061811556,337438,20201017,20201021,0.40017378652548197,0.5489306999026919,0.05089551357182606,0.4622270789873748,643318.0,0.2446364969883556,0.6990922562931536,0.05627124671849075,0.494610924976595,3587907.0,-0.31784377542717657,0.038461538461538464,0.5666580406654343,0.9230769230769231,1,1,1,0,1,0,0,0,0
389946,ZA7,Gauteng,ZA4,Free State,ZA799,City of Tshwane,ZA419,Thabo Mofutsanyane,2020-10-17,2020-10-17,13,13,13,8298069.56923378,4045462.6257035,259195,20201017,20201017,0.22283079372412132,0.7204843127840075,0.056684893491871245,0.5057337597223363,3627986.0,0.31143326559338835,0.6251823622683981,0.06338437213821363,0.47028720831466336,662829.0,0.48224212034383956,0.9038461538461539,0.10770218579234972,0.7115384615384616,1,1,1,0,1,0,0,0,0
389947,ZA3,Nothern Cape,ZA8,Mpumalanga,ZA309,Frances Baard,ZA832,Ehlanzeni,2020-10-17,2020-10-17,1,1,1,3491110.503341948,807968.425611298,29832,20201017,20201017,0.2860169290028057,0.6497360787483951,0.06424699224879928,0.49189928194398214,420580.0,0.32438893780700045,0.6235217992770762,0.05208926291592337,0.47979089412028486,1837538.0,0.29907801418439717,0.8846153846153846,0.1315940928270042,0.7307692307692307,1,1,1,0,1,0,0,0,0
389948,ZA7,Gauteng,ZA8,Mpumalanga,ZA798,City of Johannesburg,ZA831,Nkangala,2020-10-17,2020-10-24,1,1,1,388536.3296339257,160312.9500921573,617422,20201017,20201024,0.2220629170143196,0.7299897648810346,0.047947318104645836,0.5097433964893054,5540727.0,0.27290691475673784,0.6711806877078121,0.055912397535449986,0.5109201270525474,1573837.0,0.8818060606060606,1.0,0.07867808219178082,0.6730769230769231,1,1,1,0,1,0,0,0,0
389949,ZA5,KwaZulu-Natal,ZA5,KwaZulu-Natal,ZA522,Umgungundlovu,ZA523,Uthukela,2020-10-17,2020-10-18,5,5,5,784470.2542838881,391920.8305414363,238824,20201017,20201018,0.2748377359932372,0.663873035280183,0.06128922872657978,0.48236181888519014,1046905.0,0.36014331224838336,0.5864396074090654,0.05341708034255123,0.46782833191779016,652282.0,0.0061256544502617805,0.5769230769230769,-0.19841226215644822,0.19230769230769232,1,1,1,0,1,0,0,0,0
389950,ZA5,KwaZulu-Natal,ZA8,Mpumalanga,ZA526,Zululand,ZA832,Ehlanzeni,2020-10-17,2020-10-19,1,1,1,3855635.855983201,292955.9235092496,183491,20201017,20201019,0.392497537624586,0.5542130860581069,0.053289376317307055,0.4651401640222711,783796.0,0.32438893780700045,0.6235217992770762,0.05208926291592337,0.47979089412028486,1837538.0,-0.2762355212355212,0.09615384615384616,0.1315940928270042,0.7307692307692307,1,1,1,0,1,0,0,0,0
389951,ZA8,Mpumalanga,ZA9,Limpopo,ZA831,Nkangala,ZA947,Sekhukhune,2020-10-17,2020-10-27,1,1,1,288997.31581574643,132513.15703250613,828538,20201017,20201027,0.27290691475673784,0.6711806877078121,0.055912397535449986,0.5109201270525474,1573837.0,0.3536917516859454,0.5707075150199985,0.07560073329405607,0.46486328935523974,1125333.0,0.07867808219178082,0.6730769230769231,-0.06015677966101695,0.4423076923076923,1,1,1,0,1,0,0,0,0
389952,ZA7,Gauteng,ZA5,KwaZulu-Natal,ZA798,City of Johannesburg,ZA523,Uthukela,2020-10-17,2020-10-17,5,5,5,3862610.302215732,1880810.1342616652,148946,20201017,20201017,0.2220629170143196,0.7299897648810346,0.047947318104645836,0.5097433964893054,5540727.0,0.36014331224838336,0.5864396074090654,0.05341708034255123,0.46782833191779016,652282.0,0.8818060606060606,1.0,-0.19841226215644822,0.19230769230769232,1,1,1,0,1,0,0,0,0
389953,ZA7,Gauteng,ZA8,Mpumalanga,ZA799,City of Tshwane,ZA831,Nkangala,2020-10-17,2020-10-23,1,1,1,708253.6465692238,172663.52076081766,493892,20201017,20201023,0.22283079372412132,0.7204843127840075,0.056684893491871245,0.5057337597223363,3627986.0,0.27290691475673784,0.6711806877078121,0.055912397535449986,0.5109201270525474,1573837.0,0.48224212034383956,0.9038461538461539,0.07867808219178082,0.6730769230769231,1,1,1,0,1,0,0,0,0
389954,ZA5,KwaZulu-Natal,ZA5,KwaZulu-Natal,ZA525,Amajuba,ZA526,Zululand,2020-10-17,2020-10-18,2,2,2,191315.81577392484,93011.10073057612,36910,20201017,20201018,0.3311353387795859,0.6144200377537888,0.05444462346662529,0.48045773982507545,502731.0,0.392497537624586,0.5542130860581069,0.053289376317307055,0.4651401640222711,783796.0,-0.16864155251141552,0.25,-0.2762355212355212,0.09615384615384616,1,1,1,0,1,0,0,0,0
389955,ZA5,KwaZulu-Natal,ZA7,Gauteng,ZA527,Umkhanyakude,ZA742,Sedibeng,2020-10-17,2020-10-17,1,1,1,1184971.655496575,496376.5916559175,24609,20201017,20201017,0.40017378652548197,0.5489306999026919,0.05089551357182606,0.4622270789873748,643318.0,0.24393339879416723,0.6953819961266214,0.06068460507921129,0.5059130831550246,994997.0,-0.31784377542717657,0.038461538461538464,0.2808379746835443,0.8461538461538461,1,1,1,0,1,0,0,0,0
389956,ZA9,Limpopo,ZA7,Gauteng,ZA933,Mopani,ZA798,City of Johannesburg,2020-10-17,2020-10-18,3,3,3,2376659.1998298382,1187330.9274068223,222637,20201017,20201018,0.3329418650827259,0.6026296126910996,0.06442852222617454,0.46142626187343905,1062666.0,0.2220629170143196,0.7299897648810346,0.047947318104645836,0.5097433964893054,5540727.0,-0.037928345626975765,0.4807692307692308,0.8818060606060606,1.0,1,1,1,0,1,0,0,0,0
389957,ZA6,North West,ZA7,Gauteng,ZA638,Ngaka Modiri Molema,ZA798,City of Johannesburg,2020-10-17,2020-10-30,1,1,1,346379.0042177281,157626.10312946292,1079661,20201017,20201030,0.3236353449196357,0.6078801705223251,0.06848448455803925,0.4964769205863341,870971.0,0.2220629170143196,0.7299897648810346,0.047947318104645836,0.5097433964893054,5540727.0,-0.18344824707846413,0.23076923076923078,0.8818060606060606,1.0,1,1,1,0,1,0,0,0,0
389958,ZA7,Gauteng,ZA9,Limpopo,ZA798,City of Johannesburg,ZA935,Capricorn,2020-10-17,2020-10-17,6,6,6,3754761.8626420666,1814473.8357311636,144540,20201017,20201017,0.2220629170143196,0.7299897648810346,0.047947318104645836,0.5097433964893054,5540727.0,0.3265897738288558,0.6007690312860821,0.07264119488506209,0.472231826966417,1295656.0,0.8818060606060606,1.0,0.07397387387387387,0.6346153846153846,1,1,1,0,1,0,0,0,0
389959,ZA3,Nothern Cape,ZA6,North West,ZA309,Frances Baard,ZA639,Dr Ruth Segomotsi Mompati,2020-10-17,2020-10-18,2,2,2,181669.06397499435,69584.56027740675,79439,20201017,20201018,0.2860169290028057,0.6497360787483951,0.06424699224879928,0.49189928194398214,420580.0,0.3412335579082451,0.5850872971649528,0.07367914492680208,0.4911837461796937,473784.0,0.29907801418439717,0.8846153846153846,-0.16626678765880218,0.2692307692307692,1,1,1,0,1,0,0,0,0
389960,ZA7,Gauteng,ZA3,Nothern Cape,ZA798,City of Johannesburg,ZA345,John Taolo Gaetsewe,2020-10-17,2020-10-18,1,1,1,774682.8736174532,476930.6708531109,109716,20201017,20201018,0.2220629170143196,0.7299897648810346,0.047947318104645836,0.5097433964893054,5540727.0,0.31986957060536586,0.628082594956317,0.05204783443831712,0.4959027820806741,258224.0,0.8818060606060606,1.0,-0.13480926430517712,0.3076923076923077,1,1,1,0,1,0,0,0,0
389961,ZA9,Limpopo,ZA8,Mpumalanga,ZA935,Capricorn,ZA832,Ehlanzeni,2020-10-17,2020-10-18,1,1,1,597939.1112362123,296791.81047454133,112549,20201017,20201018,0.3265897738288558,0.6007690312860821,0.07264119488506209,0.472231826966417,1295656.0,0.32438893780700045,0.6235217992770762,0.05208926291592337,0.47979089412028486,1837538.0,0.07397387387387387,0.6346153846153846,0.1315940928270042,0.7307692307692307,1,1,1,0,1,0,0,0,0
389962,ZA5,KwaZulu-Natal,ZA7,Gauteng,ZA522,Umgungundlovu,ZA798,City of Johannesburg,2020-10-17,2020-10-17,4,4,4,3856150.806142631,1796003.5476452876,97235,20201017,20201017,0.2748377359932372,0.663873035280183,0.06128922872657978,0.48236181888519014,1046905.0,0.2220629170143196,0.7299897648810346,0.047947318104645836,0.5097433964893054,5540727.0,0.0061256544502617805,0.5769230769230769,0.8818060606060606,1.0,1,1,1,0,1,0,0,0,0
389963,ZA5,KwaZulu-Natal,ZA8,Mpumalanga,ZA595,eThekwini,ZA831,Nkangala,2020-10-17,2020-10-17,1,1,1,1261872.3398406554,618565.9556597482,26528,20201017,20201017,0.2446364969883556,0.6990922562931536,0.05627124671849075,0.494610924976595,3587907.0,0.27290691475673784,0.6711806877078121,0.055912397535449986,0.5109201270525474,1573837.0,0.5666580406654343,0.9230769230769231,0.07867808219178082,0.6730769230769231,1,1,1,0,1,0,0,0,0
389964,ZA1,Western Cape,ZA2,Eastern Cape,ZA104,Eden,ZA212,Amathole,2020-10-17,2020-10-17,1,1,1,562963.8275015691,562963.8275015691,9316,20201017,20201017,0.24710205256745305,0.6628052101466374,0.09009273728590954,0.4993180863678119,673839.0,0.32816698449842097,0.5696178168124134,0.1022151986891656,0.47434426623917664,789726.0,0.0004522691705790296,0.5384615384615384,-0.3192883211678832,0.019230769230769232,1,1,1,0,1,0,0,0,0
389965,ZA5,KwaZulu-Natal,ZA5,KwaZulu-Natal,ZA522,Umgungundlovu,ZA529,iLembe,2020-10-17,2020-10-23,1,1,1,164462.71324408907,107584.82044881866,535383,20201017,20201023,0.2748377359932372,0.663873035280183,0.06128922872657978,0.48236181888519014,1046905.0,0.32390440311621094,0.6202867780885334,0.05580881879525565,0.4827645772056803,636799.0,0.0061256544502617805,0.5769230769230769,-0.14951617873651774,0.28846153846153844,1,1,1,0,1,0,0,0,0
389966,ZA1,Western Cape,ZA1,Western Cape,ZA104,Eden,ZA103,Overberg,2020-10-17,2020-10-20,1,1,1,422048.9603065759,191740.7384465357,279254,20201017,20201020,0.24710205256745305,0.6628052101466374,0.09009273728590954,0.4993180863678119,673839.0,0.22836513904770692,0.6721314716747349,0.09950338927755827,0.511077351980676,303457.0,0.0004522691705790296,0.5384615384615384,0.051486772486772484,0.5961538461538461,1,1,1,0,1,0,0,0,0
389967,ZA2,Eastern Cape,ZA4,Free State,ZA213,Chris Hani,ZA418,Lejweleputswa,2020-10-17,2020-10-18,1,1,1,757795.9680123331,406837.47811841615,61821,20201017,20201018,0.334940582305372,0.572656560540376,0.09240285715425203,0.478383232498069,752217.0,0.27941650281351393,0.6617931601395349,0.058790337046951115,0.500105365269169,574193.0,-0.29251697892271666,0.057692307692307696,0.29495049504950493,0.8653846153846154,1,1,1,0,1,0,0,0,0
389968,ZA7,Gauteng,ZA9,Limpopo,ZA799,City of Tshwane,ZA936,Waterberg,2020-10-17,2020-10-23,2,2,2,580988.1332954811,371245.4817967306,982765,20201017,20201023,0.22283079372412132,0.7204843127840075,0.056684893491871245,0.5057337597223363,3627986.0,0.2870915348782833,0.6477210572390478,0.06518740788266879,0.5138960603357211,718513.0,0.48224212034383956,0.9038461538461539,0.00236898395721925,0.5576923076923077,1,1,1,0,1,0,0,0,0
389969,ZA4,Free State,ZA1,Western Cape,ZA494,Mangaung,ZA191,City of Cape Town,2020-10-17,2020-10-19,1,1,1,1726753.782985881,922198.8264493808,222715,20201017,20201019,0.26262942751272955,0.6754982029249197,0.06187236956235082,0.4901411892511804,826621.0,0.23849582985172932,0.697186217784503,0.06431795236376775,0.4976008771049945,4436413.0,0.27329104477611943,0.8269230769230769,0.7687640750670242,0.9807692307692307,1,1,1,0,1,0,0,0,0
389970,ZA4,Free State,ZA4,Free State,ZA418,Lejweleputswa,ZA420,Fezile Dabi,2020-10-17,2020-10-19,1,1,1,86651.11881702254,86609.87635016663,200676,20201017,20201019,0.27941650281351393,0.6617931601395349,0.058790337046951115,0.500105365269169,574193.0,0.2705098118551487,0.6604572122193,0.06903297592555128,0.5050070807202104,494300.0,0.29495049504950493,0.8653846153846154,0.2276555023923445,0.7884615384615384,1,1,1,0,1,0,0,0,0
389971,ZA1,Western Cape,ZA4,Free State,ZA104,Eden,ZA494,Mangaung,2020-10-17,2020-10-17,1,1,1,3574837.355545448,656113.4549057857,33397,20201017,20201017,0.24710205256745305,0.6628052101466374,0.09009273728590954,0.4993180863678119,673839.0,0.26262942751272955,0.6754982029249197,0.06187236956235082,0.4901411892511804,826621.0,0.0004522691705790296,0.5384615384615384,0.27329104477611943,0.8269230769230769,1,1,1,0,1,0,0,0,0
389972,ZA6,North West,ZA4,Free State,ZA640,Dr Kenneth Kaunda,ZA494,Mangaung,2020-10-17,2020-10-17,2,2,2,1202330.0987490455,619455.6905105128,44062,20201017,20201017,0.27505895171327793,0.6602340041700301,0.06470704411669191,0.5065976875287468,754431.0,0.26262942751272955,0.6754982029249197,0.06187236956235082,0.4901411892511804,826621.0,-0.10069384057971015,0.38461538461538464,0.27329104477611943,0.8269230769230769,1,1,1,0,1,0,0,0,0
389973,ZA9,Limpopo,ZA6,North West,ZA936,Waterberg,ZA637,Bojanala,2020-10-17,2020-10-23,1,1,1,123578.85232173905,123524.4899501708,519286,20201017,20201023,0.2870915348782833,0.6477210572390478,0.06518740788266879,0.5138960603357211,718513.0,0.25082919250139085,0.6903465537718604,0.05882425372674875,0.5380589003726469,1786678.0,0.00236898395721925,0.5576923076923077,0.07430676328502415,0.6538461538461539,1,1,1,0,1,0,0,0,0
389974,ZA7,Gauteng,ZA6,North West,ZA798,City of Johannesburg,ZA637,Bojanala,2020-10-17,2020-10-18,6,6,6,848856.3790063409,345941.3696342136,201578,20201017,20201018,0.2220629170143196,0.7299897648810346,0.047947318104645836,0.5097433964893054,5540727.0,0.25082919250139085,0.6903465537718604,0.05882425372674875,0.5380589003726469,1786678.0,0.8818060606060606,1.0,0.07430676328502415,0.6538461538461539,1,1,1,0,1,0,0,0,0
389975,ZA7,Gauteng,ZA7,Gauteng,ZA798,City of Johannesburg,ZA798,City of Johannesburg,2020-10-17,2020-10-22,2,2,2,456541.6879006816,14923.35457481423,856176,20201017,20201022,0.2220629170143196,0.7299897648810346,0.047947318104645836,0.5097433964893054,5540727.0,0.2220629170143196,0.7299897648810346,0.047947318104645836,0.5097433964893054,5540727.0,0.8818060606060606,1.0,0.8818060606060606,1.0,1,1,1,0,1,0,0,0,0
389976,ZA5,KwaZulu-Natal,ZA7,Gauteng,ZA529,iLembe,ZA799,City of Tshwane,2020-10-17,2020-10-21,1,1,1,1023262.5322688147,481570.7588541946,317184,20201017,20201021,0.32390440311621094,0.6202867780885334,0.05580881879525565,0.4827645772056803,636799.0,0.22283079372412132,0.7204843127840075,0.056684893491871245,0.5057337597223363,3627986.0,-0.14951617873651774,0.28846153846153844,0.48224212034383956,0.9038461538461539,1,1,1,0,1,0,0,0,0
389977,ZA2,Eastern Cape,ZA7,Gauteng,ZA293,Nelson Mandela Bay,ZA797,Ekurhuleni,2020-10-17,2020-10-17,3,3,3,4186004.365796581,2714387.112193746,55182,20201017,20201017,0.2465186661259611,0.6842154879637478,0.0692658459102911,0.4877654529777138,1230491.0,0.23296733680905687,0.7203157619169479,0.04671690127399521,0.5205474946472306,3739653.0,0.5740514018691588,0.9423076923076923,0.7435109289617486,0.9615384615384616,1,1,1,0,1,0,0,0,0
389978,ZA5,KwaZulu-Natal,ZA7,Gauteng,ZA527,Umkhanyakude,ZA797,Ekurhuleni,2020-10-17,2020-10-17,2,2,2,1598155.7858129232,1060665.2000627588,52884,20201017,20201017,0.40017378652548197,0.5489306999026919,0.05089551357182606,0.4622270789873748,643318.0,0.23296733680905687,0.7203157619169479,0.04671690127399521,0.5205474946472306,3739653.0,-0.31784377542717657,0.038461538461538464,0.7435109289617486,0.9615384615384616,1,1,1,0,1,0,0,0,0
389979,ZA7,Gauteng,ZA5,KwaZulu-Natal,ZA797,Ekurhuleni,ZA522,Umgungundlovu,2020-10-17,2020-10-17,2,2,2,1786221.0627957624,917793.9564469208,58758,20201017,20201017,0.23296733680905687,0.7203157619169479,0.04671690127399521,0.5205474946472306,3739653.0,0.2748377359932372,0.663873035280183,0.06128922872657978,0.48236181888519014,1046905.0,0.7435109289617486,0.9615384615384616,0.0061256544502617805,0.5769230769230769,1,1,1,0,1,0,0,0,0
389980,ZA6,North West,ZA6,North West,ZA637,Bojanala,ZA640,Dr Kenneth Kaunda,2020-10-17,2020-10-25,1,1,1,365666.57001414354,131857.63906467974,706741,20201017,20201025,0.25082919250139085,0.6903465537718604,0.05882425372674875,0.5380589003726469,1786678.0,0.27505895171327793,0.6602340041700301,0.06470704411669191,0.5065976875287468,754431.0,0.07430676328502415,0.6538461538461539,-0.10069384057971015,0.38461538461538464,1,1,1,0,1,0,0,0,0
389981,ZA2,Eastern Cape,ZA7,Gauteng,ZA215,O.R.Tambo,ZA799,City of Tshwane,2020-10-17,2020-10-17,1,1,1,2333510.2233935734,837156.6312609545,48779,20201017,20201017,0.38804558548824664,0.5482866433400703,0.06366777117168307,0.4623163104135049,1358678.0,0.22283079372412132,0.7204843127840075,0.056684893491871245,0.5057337597223363,3627986.0,-0.23807536101083035,0.1346153846153846,0.48224212034383956,0.9038461538461539,1,1,1,0,1,0,0,0,0
389982,ZA5,KwaZulu-Natal,ZA5,KwaZulu-Natal,ZA525,Amajuba,ZA529,iLembe,2020-10-17,2020-10-18,1,1,1,620119.4022498983,233015.6196082211,62915,20201017,20201018,0.3311353387795859,0.6144200377537888,0.05444462346662529,0.48045773982507545,502731.0,0.32390440311621094,0.6202867780885334,0.05580881879525565,0.4827645772056803,636799.0,-0.16864155251141552,0.25,-0.14951617873651774,0.28846153846153844,1,1,1,0,1,0,0,0,0
389983,ZA5,KwaZulu-Natal,ZA6,North West,ZA523,Uthukela,ZA638,Ngaka Modiri Molema,2020-10-17,2020-10-17,1,1,1,666361.394976188,456582.278865065,19797,20201017,20201017,0.36014331224838336,0.5864396074090654,0.05341708034255123,0.46782833191779016,652282.0,0.3236353449196357,0.6078801705223251,0.06848448455803925,0.4964769205863341,870971.0,-0.19841226215644822,0.19230769230769232,-0.18344824707846413,0.23076923076923078,1,1,1,0,1,0,0,0,0
389984,ZA5,KwaZulu-Natal,ZA5,KwaZulu-Natal,ZA523,Uthukela,ZA528,Uthungulu,2020-10-17,2020-10-17,1,1,1,1530070.346738464,442596.24303139024,29986,20201017,20201017,0.36014331224838336,0.5864396074090654,0.05341708034255123,0.46782833191779016,652282.0,0.3398562749304085,0.6096443299200878,0.05049939514950375,0.4759701217345943,889476.0,-0.19841226215644822,0.19230769230769232,-0.2202014106583072,0.15384615384615385,1,1,1,0,1,0,0,0,0
389985,ZA7,Gauteng,ZA5,KwaZulu-Natal,ZA798,City of Johannesburg,ZA525,Amajuba,2020-10-17,2020-10-17,1,1,1,619687.6564505912,302935.1647414905,12572,20201017,20201017,0.2220629170143196,0.7299897648810346,0.047947318104645836,0.5097433964893054,5540727.0,0.3311353387795859,0.6144200377537888,0.05444462346662529,0.48045773982507545,502731.0,0.8818060606060606,1.0,-0.16864155251141552,0.25,1,1,1,0,1,0,0,0,0
389986,ZA6,North West,ZA3,Nothern Cape,ZA638,Ngaka Modiri Molema,ZA309,Frances Baard,2020-10-17,2020-10-17,2,2,2,765730.5997835408,515587.5700887003,98334,20201017,20201017,0.3236353449196357,0.6078801705223251,0.06848448455803925,0.4964769205863341,870971.0,0.2860169290028057,0.6497360787483951,0.06424699224879928,0.49189928194398214,420580.0,-0.18344824707846413,0.23076923076923078,0.29907801418439717,0.8846153846153846,1,1,1,0,1,0,0,0,0
389987,ZA5,KwaZulu-Natal,ZA8,Mpumalanga,ZA527,Umkhanyakude,ZA830,Gert Sibande,2020-10-17,2020-10-17,1,1,1,1150932.246157303,324513.95457122294,12977,20201017,20201017,0.40017378652548197,0.5489306999026919,0.05089551357182606,0.4622270789873748,643318.0,0.30688245639051287,0.6412288994160756,0.05188864419341153,0.49968312815881616,1136106.0,-0.31784377542717657,0.038461538461538464,-0.11248741610738255,0.36538461538461536,1,1,1,0,1,0,0,0,0
389988,ZA6,North West,ZA6,North West,ZA637,Bojanala,ZA640,Dr Kenneth Kaunda,2020-10-17,2020-10-27,1,1,1,263447.90007736924,122200.24452834796,797686,20201017,20201027,0.25082919250139085,0.6903465537718604,0.05882425372674875,0.5380589003726469,1786678.0,0.27505895171327793,0.6602340041700301,0.06470704411669191,0.5065976875287468,754431.0,0.07430676328502415,0.6538461538461539,-0.10069384057971015,0.38461538461538464,1,1,1,0,1,0,0,0,0
389989,ZA7,Gauteng,ZA2,Eastern Cape,ZA798,City of Johannesburg,ZA292,Buffalo City,2020-10-17,2020-10-17,2,2,2,3066072.3653113404,1575624.324627668,75434,20201017,20201017,0.2220629170143196,0.7299897648810346,0.047947318104645836,0.5097433964893054,5540727.0,0.254980022080858,0.6758306608485358,0.06918931707060617,0.48177934914042375,760840.0,0.8818060606060606,1.0,0.09585175879396986,0.6923076923076923,1,1,1,0,1,0,0,0,0
389991,ZA5,KwaZulu-Natal,ZA5,KwaZulu-Natal,ZA526,Zululand,ZA523,Uthukela,2020-10-17,2020-10-17,1,1,1,265243.72914696235,132410.54307660833,21313,20201017,20201017,0.392497537624586,0.5542130860581069,0.053289376317307055,0.4651401640222711,783796.0,0.36014331224838336,0.5864396074090654,0.05341708034255123,0.46782833191779016,652282.0,-0.2762355212355212,0.09615384615384616,-0.19841226215644822,0.19230769230769232,1,1,1,0,1,0,0,0,0
389992,ZA1,Western Cape,ZA9,Limpopo,ZA191,City of Cape Town,ZA947,Sekhukhune,2020-10-17,2020-10-17,1,1,1,2997537.5943319323,1430511.6912721617,33905,20201017,20201017,0.23849582985172932,0.697186217784503,0.06431795236376775,0.4976008771049945,4436413.0,0.3536917516859454,0.5707075150199985,0.07560073329405607,0.46486328935523974,1125333.0,0.7687640750670242,0.9807692307692307,-0.06015677966101695,0.4423076923076923,1,1,1,0,1,0,0,0,0
389993,ZA1,Western Cape,ZA1,Western Cape,ZA191,City of Cape Town,ZA191,City of Cape Town,2020-10-17,2020-10-21,1,1,1,238668.16400679288,787.5975257692562,314325,20201017,20201021,0.23849582985172932,0.697186217784503,0.06431795236376775,0.4976008771049945,4436413.0,0.23849582985172932,0.697186217784503,0.06431795236376775,0.4976008771049945,4436413.0,0.7687640750670242,0.9807692307692307,0.7687640750670242,0.9807692307692307,1,1,1,0,1,0,0,0,0
389994,ZA9,Limpopo,ZA8,Mpumalanga,ZA935,Capricorn,ZA831,Nkangala,2020-10-17,2020-10-19,1,1,1,229891.0754580774,100371.5072370132,238086,20201017,20201019,0.3265897738288558,0.6007690312860821,0.07264119488506209,0.472231826966417,1295656.0,0.27290691475673784,0.6711806877078121,0.055912397535449986,0.5109201270525474,1573837.0,0.07397387387387387,0.6346153846153846,0.07867808219178082,0.6730769230769231,1,1,1,0,1,0,0,0,0
389995,ZA9,Limpopo,ZA7,Gauteng,ZA934,Vhembe,ZA799,City of Tshwane,2020-10-17,2020-10-21,1,1,1,1474615.038831282,388718.8074199046,379754,20201017,20201021,0.3433867460978093,0.5887604530714541,0.06785280083073665,0.4597374214109392,1325089.0,0.22283079372412132,0.7204843127840075,0.056684893491871245,0.5057337597223363,3627986.0,-0.0767829596412556,0.4230769230769231,0.48224212034383956,0.9038461538461539,1,1,1,0,1,0,0,0,0
389996,ZA1,Western Cape,ZA1,Western Cape,ZA101,West Coast,ZA191,City of Cape Town,2020-10-17,2020-10-26,1,1,1,249073.2619587079,124018.68404286032,781654,20201017,20201026,0.24466466325617858,0.6852166396976793,0.0701186970461421,0.5060695297345649,497485.0,0.23849582985172932,0.697186217784503,0.06431795236376775,0.4976008771049945,4436413.0,-0.12079976303317536,0.34615384615384615,0.7687640750670242,0.9807692307692307,1,1,1,0,1,0,0,0,0
389997,ZA4,Free State,ZA1,Western Cape,ZA419,Thabo Mofutsanyane,ZA104,Eden,2020-10-17,2020-10-17,1,1,1,2802698.0284956703,1100717.3581020248,58502,20201017,20201017,0.31143326559338835,0.6251823622683981,0.06338437213821363,0.47028720831466336,662829.0,0.24710205256745305,0.6628052101466374,0.09009273728590954,0.4993180863678119,673839.0,0.10770218579234972,0.7115384615384616,0.0004522691705790296,0.5384615384615384,1,1,1,0,1,0,0,0,0
389998,ZA8,Mpumalanga,ZA7,Gauteng,ZA830,Gert Sibande,ZA742,Sedibeng,2020-10-17,2020-10-18,4,4,4,367010.2917693334,183182.65583484303,77970,20201017,20201018,0.30688245639051287,0.6412288994160756,0.05188864419341153,0.49968312815881616,1136106.0,0.24393339879416723,0.6953819961266214,0.06068460507921129,0.5059130831550246,994997.0,-0.11248741610738255,0.36538461538461536,0.2808379746835443,0.8461538461538461,1,1,1,0,1,0,0,0,0
389999,ZA2,Eastern Cape,ZA2,Eastern Cape,ZA215,O.R.Tambo,ZA215,O.R.Tambo,2020-10-17,2020-10-21,1,1,1,102946.82548483432,55771.553875350575,286486,20201017,20201021,0.38804558548824664,0.5482866433400703,0.06366777117168307,0.4623163104135049,1358678.0,0.38804558548824664,0.5482866433400703,0.06366777117168307,0.4623163104135049,1358678.0,-0.23807536101083035,0.1346153846153846,-0.23807536101083035,0.1346153846153846,1,1,1,0,1,0,0,0,0
390000,ZA7,Gauteng,ZA5,KwaZulu-Natal,ZA742,Sedibeng,ZA524,Umzinyathi,2020-10-17,2020-10-17,1,1,1,273914.8103746251,271041.6382409371,44550,20201017,20201017,0.24393339879416723,0.6953819961266214,0.06068460507921129,0.5059130831550246,994997.0,0.3952311253914291,0.5454951881678106,0.05927368644076033,0.451447242842509,514461.0,0.2808379746835443,0.8461538461538461,-0.28225945945945946,0.07692307692307693,1,1,1,0,1,0,0,0,0
390001,ZA7,Gauteng,ZA2,Eastern Cape,ZA797,Ekurhuleni,ZA292,Buffalo City,2020-10-17,2020-10-17,3,3,3,4838946.269075576,2291536.924414123,63589,20201017,20201017,0.23296733680905687,0.7203157619169479,0.04671690127399521,0.5205474946472306,3739653.0,0.254980022080858,0.6758306608485358,0.06918931707060617,0.48177934914042375,760840.0,0.7435109289617486,0.9615384615384616,0.09585175879396986,0.6923076923076923,1,1,1,0,1,0,0,0,0
390002,ZA6,North West,ZA6,North West,ZA637,Bojanala,ZA640,Dr Kenneth Kaunda,2020-10-17,2020-10-31,1,1,1,160446.17911923106,144007.33069639126,1170417,20201017,20201031,0.25082919250139085,0.6903465537718604,0.05882425372674875,0.5380589003726469,1786678.0,0.27505895171327793,0.6602340041700301,0.06470704411669191,0.5065976875287468,754431.0,0.07430676328502415,0.6538461538461539,-0.10069384057971015,0.38461538461538464,1,1,1,0,1,0,0,0,0
390003,ZA4,Free State,ZA8,Mpumalanga,ZA419,Thabo Mofutsanyane,ZA830,Gert Sibande,2020-10-17,2020-10-18,2,2,2,280430.8904219242,117285.69175714468,80204,20201017,20201018,0.31143326559338835,0.6251823622683981,0.06338437213821363,0.47028720831466336,662829.0,0.30688245639051287,0.6412288994160756,0.05188864419341153,0.49968312815881616,1136106.0,0.10770218579234972,0.7115384615384616,-0.11248741610738255,0.36538461538461536,1,1,1,0,1,0,0,0,0
390004,ZA5,KwaZulu-Natal,ZA9,Limpopo,ZA527,Umkhanyakude,ZA933,Mopani,2020-10-17,2020-10-17,1,1,1,663266.714455227,608456.9796382874,30707,20201017,20201017,0.40017378652548197,0.5489306999026919,0.05089551357182606,0.4622270789873748,643318.0,0.3329418650827259,0.6026296126910996,0.06442852222617454,0.46142626187343905,1062666.0,-0.31784377542717657,0.038461538461538464,-0.037928345626975765,0.4807692307692308,1,1,1,0,1,0,0,0,0
390005,ZA1,Western Cape,ZA7,Gauteng,ZA104,Eden,ZA748,West Rand,2020-10-17,2020-10-17,1,1,1,1426662.093199034,1116789.9649732965,13458,20201017,20201017,0.24710205256745305,0.6628052101466374,0.09009273728590954,0.4993180863678119,673839.0,0.23154887232085752,0.7207832829912092,0.047667844687933295,0.5288128906961219,856804.0,0.0004522691705790296,0.5384615384615384,0.23715802469135805,0.8076923076923077,1,1,1,0,1,0,0,0,0
390006,ZA1,Western Cape,ZA1,Western Cape,ZA101,West Coast,ZA102,Cape Winelands,2020-10-17,2020-10-18,4,4,4,512336.04495073686,215096.9530027766,106792,20201017,20201018,0.24466466325617858,0.6852166396976793,0.0701186970461421,0.5060695297345649,497485.0,0.24989252608235304,0.6902123420738123,0.059895131843834624,0.5011121214086944,909523.0,-0.12079976303317536,0.34615384615384615,-0.012388831437435367,0.5192307692307693,1,1,1,0,1,0,0,0,0
390007,ZA9,Limpopo,ZA9,Limpopo,ZA933,Mopani,ZA933,Mopani,2020-10-17,2020-10-22,2,2,2,14496.893129393453,9536.26424289234,847941,20201017,20201022,0.3329418650827259,0.6026296126910996,0.06442852222617454,0.46142626187343905,1062666.0,0.3329418650827259,0.6026296126910996,0.06442852222617454,0.46142626187343905,1062666.0,-0.037928345626975765,0.4807692307692308,-0.037928345626975765,0.4807692307692308,1,1,1,0,1,0,0,0,0
390008,ZA1,Western Cape,ZA1,Western Cape,ZA101,West Coast,ZA191,City of Cape Town,2020-10-17,2020-10-31,1,1,1,159318.53376689673,52047.3290129408,1166145,20201017,20201031,0.24466466325617858,0.6852166396976793,0.0701186970461421,0.5060695297345649,497485.0,0.23849582985172932,0.697186217784503,0.06431795236376775,0.4976008771049945,4436413.0,-0.12079976303317536,0.34615384615384615,0.7687640750670242,0.9807692307692307,1,1,1,0,1,0,0,0,0
390009,ZA5,KwaZulu-Natal,ZA5,KwaZulu-Natal,ZA524,Umzinyathi,ZA523,Uthukela,2020-10-17,2020-10-18,1,1,1,126859.52023848968,52258.61165483691,14475,20201017,20201018,0.3952311253914291,0.5454951881678106,0.05927368644076033,0.451447242842509,514461.0,0.36014331224838336,0.5864396074090654,0.05341708034255123,0.46782833191779016,652282.0,-0.28225945945945946,0.07692307692307693,-0.19841226215644822,0.19230769230769232,1,1,1,0,1,0,0,0,0
390010,ZA2,Eastern Cape,ZA4,Free State,ZA292,Buffalo City,ZA494,Mangaung,2020-10-17,2020-10-17,1,1,1,2018757.1437556,539763.0101499142,27158,20201017,20201017,0.254980022080858,0.6758306608485358,0.06918931707060617,0.48177934914042375,760840.0,0.26262942751272955,0.6754982029249197,0.06187236956235082,0.4901411892511804,826621.0,0.09585175879396986,0.6923076923076923,0.27329104477611943,0.8269230769230769,1,1,1,0,1,0,0,0,0
390011,ZA5,KwaZulu-Natal,ZA7,Gauteng,ZA523,Uthukela,ZA798,City of Johannesburg,2020-10-17,2020-10-19,1,1,1,657981.2004330799,317475.0398964465,116307,20201017,20201019,0.36014331224838336,0.5864396074090654,0.05341708034255123,0.46782833191779016,652282.0,0.2220629170143196,0.7299897648810346,0.047947318104645836,0.5097433964893054,5540727.0,-0.19841226215644822,0.19230769230769232,0.8818060606060606,1.0,1,1,1,0,1,0,0,0,0
390012,ZA7,Gauteng,ZA6,North West,ZA799,City of Tshwane,ZA639,Dr Ruth Segomotsi Mompati,2020-10-17,2020-10-17,1,1,1,2543862.230405992,410160.49920825375,16875,20201017,20201017,0.22283079372412132,0.7204843127840075,0.056684893491871245,0.5057337597223363,3627986.0,0.3412335579082451,0.5850872971649528,0.07367914492680208,0.4911837461796937,473784.0,0.48224212034383956,0.9038461538461539,-0.16626678765880218,0.2692307692307692,1,1,1,0,1,0,0,0,0
390013,ZA4,Free State,ZA3,Nothern Cape,ZA420,Fezile Dabi,ZA309,Frances Baard,2020-10-17,2020-10-17,1,1,1,449574.7807714476,405705.02387251554,42361,20201017,20201017,0.2705098118551487,0.6604572122193,0.06903297592555128,0.5050070807202104,494300.0,0.2860169290028057,0.6497360787483951,0.06424699224879928,0.49189928194398214,420580.0,0.2276555023923445,0.7884615384615384,0.29907801418439717,0.8846153846153846,1,1,1,0,1,0,0,0,0
390014,ZA2,Eastern Cape,ZA5,KwaZulu-Natal,ZA215,O.R.Tambo,ZA595,eThekwini,2020-10-17,2020-10-24,1,1,1,632174.0292801938,302632.87138287484,556020,20201017,20201024,0.38804558548824664,0.5482866433400703,0.06366777117168307,0.4623163104135049,1358678.0,0.2446364969883556,0.6990922562931536,0.05627124671849075,0.494610924976595,3587907.0,-0.23807536101083035,0.1346153846153846,0.5666580406654343,0.9230769230769231,1,1,1,0,1,0,0,0,0
390015,ZA7,Gauteng,ZA9,Limpopo,ZA742,Sedibeng,ZA947,Sekhukhune,2020-10-17,2020-10-17,3,3,3,1501803.3435070529,1080751.5153370828,111213,20201017,20201017,0.24393339879416723,0.6953819961266214,0.06068460507921129,0.5059130831550246,994997.0,0.3536917516859454,0.5707075150199985,0.07560073329405607,0.46486328935523974,1125333.0,0.2808379746835443,0.8461538461538461,-0.06015677966101695,0.4423076923076923,1,1,1,0,1,0,0,0,0
390016,ZA4,Free State,ZA8,Mpumalanga,ZA419,Thabo Mofutsanyane,ZA832,Ehlanzeni,2020-10-17,2020-10-17,1,1,1,3899346.273545549,540703.5998796461,28998,20201017,20201017,0.31143326559338835,0.6251823622683981,0.06338437213821363,0.47028720831466336,662829.0,0.32438893780700045,0.6235217992770762,0.05208926291592337,0.47979089412028486,1837538.0,0.10770218579234972,0.7115384615384616,0.1315940928270042,0.7307692307692307,1,1,1,0,1,0,0,0,0
390017,ZA5,KwaZulu-Natal,ZA2,Eastern Cape,ZA595,eThekwini,ZA292,Buffalo City,2020-10-17,2020-10-23,1,1,1,922386.3533291832,450472.1642348095,447725,20201017,20201023,0.2446364969883556,0.6990922562931536,0.05627124671849075,0.494610924976595,3587907.0,0.254980022080858,0.6758306608485358,0.06918931707060617,0.48177934914042375,760840.0,0.5666580406654343,0.9230769230769231,0.09585175879396986,0.6923076923076923,1,1,1,0,1,0,0,0,0
390018,ZA1,Western Cape,ZA1,Western Cape,ZA191,City of Cape Town,ZA105,Central Karoo,2020-10-17,2020-10-17,3,3,3,3935532.9500216455,803348.816423469,61117,20201017,20201017,0.23849582985172932,0.697186217784503,0.06431795236376775,0.4976008771049945,4436413.0,0.29415328297801036,0.633639246216906,0.07220747080508365,0.4979247763656518,77582.0,0.7687640750670242,0.9807692307692307,-0.12604477611940298,0.3269230769230769,1,1,1,0,1,0,0,0,0
390019,ZA5,KwaZulu-Natal,ZA7,Gauteng,ZA525,Amajuba,ZA798,City of Johannesburg,2020-10-17,2020-10-18,1,1,1,523071.45073126256,263839.66878424864,74821,20201017,20201018,0.3311353387795859,0.6144200377537888,0.05444462346662529,0.48045773982507545,502731.0,0.2220629170143196,0.7299897648810346,0.047947318104645836,0.5097433964893054,5540727.0,-0.16864155251141552,0.25,0.8818060606060606,1.0,1,1,1,0,1,0,0,0,0
390020,ZA5,KwaZulu-Natal,ZA7,Gauteng,ZA595,eThekwini,ZA797,Ekurhuleni,2020-10-17,2020-10-27,1,1,1,1067802.1724176232,477325.53534437896,881454,20201017,20201027,0.2446364969883556,0.6990922562931536,0.05627124671849075,0.494610924976595,3587907.0,0.23296733680905687,0.7203157619169479,0.04671690127399521,0.5205474946472306,3739653.0,0.5666580406654343,0.9230769230769231,0.7435109289617486,0.9615384615384616,1,1,1,0,1,0,0,0,0
390021,ZA4,Free State,ZA5,KwaZulu-Natal,ZA419,Thabo Mofutsanyane,ZA528,Uthungulu,2020-10-17,2020-10-17,2,2,2,2831281.9674827983,713112.973333192,36720,20201017,20201017,0.31143326559338835,0.6251823622683981,0.06338437213821363,0.47028720831466336,662829.0,0.3398562749304085,0.6096443299200878,0.05049939514950375,0.4759701217345943,889476.0,0.10770218579234972,0.7115384615384616,-0.2202014106583072,0.15384615384615385,1,1,1,0,1,0,0,0,0
390022,ZA6,North West,ZA1,Western Cape,ZA640,Dr Kenneth Kaunda,ZA104,Eden,2020-10-17,2020-10-17,2,2,2,5905753.407491563,2232807.9035076145,79356,20201017,20201017,0.27505895171327793,0.6602340041700301,0.06470704411669191,0.5065976875287468,754431.0,0.24710205256745305,0.6628052101466374,0.09009273728590954,0.4993180863678119,673839.0,-0.10069384057971015,0.38461538461538464,0.0004522691705790296,0.5384615384615384,1,1,1,0,1,0,0,0,0
390023,ZA8,Mpumalanga,ZA7,Gauteng,ZA831,Nkangala,ZA798,City of Johannesburg,2020-10-17,2020-10-18,3,3,3,1365839.591675959,509668.1697314247,123394,20201017,20201018,0.27290691475673784,0.6711806877078121,0.055912397535449986,0.5109201270525474,1573837.0,0.2220629170143196,0.7299897648810346,0.047947318104645836,0.5097433964893054,5540727.0,0.07867808219178082,0.6730769230769231,0.8818060606060606,1.0,1,1,1,0,1,0,0,0,0
390024,ZA4,Free State,ZA7,Gauteng,ZA419,Thabo Mofutsanyane,ZA742,Sedibeng,2020-10-17,2020-10-18,1,1,1,506218.7920184993,223960.3719858206,58195,20201017,20201018,0.31143326559338835,0.6251823622683981,0.06338437213821363,0.47028720831466336,662829.0,0.24393339879416723,0.6953819961266214,0.06068460507921129,0.5059130831550246,994997.0,0.10770218579234972,0.7115384615384616,0.2808379746835443,0.8461538461538461,1,1,1,0,1,0,0,0,0
390025,ZA7,Gauteng,ZA7,Gauteng,ZA798,City of Johannesburg,ZA797,Ekurhuleni,2020-10-17,2020-10-19,2,2,2,1073864.8692952795,32741.15702449307,299902,20201017,20201019,0.2220629170143196,0.7299897648810346,0.047947318104645836,0.5097433964893054,5540727.0,0.23296733680905687,0.7203157619169479,0.04671690127399521,0.5205474946472306,3739653.0,0.8818060606060606,1.0,0.7435109289617486,0.9615384615384616,1,1,1,0,1,0,0,0,0
390026,ZA7,Gauteng,ZA5,KwaZulu-Natal,ZA797,Ekurhuleni,ZA521,Ugu,2020-10-17,2020-10-17,4,4,4,4210584.613809736,2545808.436129895,128687,20201017,20201017,0.23296733680905687,0.7203157619169479,0.04671690127399521,0.5205474946472306,3739653.0,0.32122674606698143,0.6016982741355622,0.07707497979745637,0.47391596021954596,714019.0,0.7435109289617486,0.9615384615384616,-0.09480895915678524,0.40384615384615385,1,1,1,0,1,0,0,0,0
390027,ZA6,North West,ZA4,Free State,ZA640,Dr Kenneth Kaunda,ZA419,Thabo Mofutsanyane,2020-10-17,2020-10-17,1,1,1,552877.546322128,294305.07920149365,13135,20201017,20201017,0.27505895171327793,0.6602340041700301,0.06470704411669191,0.5065976875287468,754431.0,0.31143326559338835,0.6251823622683981,0.06338437213821363,0.47028720831466336,662829.0,-0.10069384057971015,0.38461538461538464,0.10770218579234972,0.7115384615384616,1,1,1,0,1,0,0,0,0
390028,ZA6,North West,ZA7,Gauteng,ZA640,Dr Kenneth Kaunda,ZA748,West Rand,2020-10-17,2020-10-19,2,2,2,477061.12181412,174627.35174892057,372663,20201017,20201019,0.27505895171327793,0.6602340041700301,0.06470704411669191,0.5065976875287468,754431.0,0.23154887232085752,0.7207832829912092,0.047667844687933295,0.5288128906961219,856804.0,-0.10069384057971015,0.38461538461538464,0.23715802469135805,0.8076923076923077,1,1,1,0,1,0,0,0,0
390029,ZA3,Nothern Cape,ZA7,Gauteng,ZA309,Frances Baard,ZA799,City of Tshwane,2020-10-17,2020-10-17,2,2,2,2848005.988601028,1131902.355300452,55399,20201017,20201017,0.2860169290028057,0.6497360787483951,0.06424699224879928,0.49189928194398214,420580.0,0.22283079372412132,0.7204843127840075,0.056684893491871245,0.5057337597223363,3627986.0,0.29907801418439717,0.8846153846153846,0.48224212034383956,0.9038461538461539,1,1,1,0,1,0,0,0,0
390030,ZA4,Free State,ZA4,Free State,ZA494,Mangaung,ZA416,Xhariep,2020-10-17,2020-10-19,1,1,1,387243.8662522816,167882.7251030911,197480,20201017,20201019,0.26262942751272955,0.6754982029249197,0.06187236956235082,0.4901411892511804,826621.0,0.29515218562959183,0.6325513667867511,0.07229644758365718,0.5005153225730198,105759.0,0.27329104477611943,0.8269230769230769,0.18671264367816093,0.7692307692307693,1,1,1,0,1,0,0,0,0
390031,ZA5,KwaZulu-Natal,ZA7,Gauteng,ZA595,eThekwini,ZA798,City of Johannesburg,2020-10-17,2020-10-19,1,1,1,522024.5087411692,511004.0549764379,189378,20201017,20201019,0.2446364969883556,0.6990922562931536,0.05627124671849075,0.494610924976595,3587907.0,0.2220629170143196,0.7299897648810346,0.047947318104645836,0.5097433964893054,5540727.0,0.5666580406654343,0.9230769230769231,0.8818060606060606,1.0,1,1,1,0,1,0,0,0,0
390032,ZA6,North West,ZA4,Free State,ZA640,Dr Kenneth Kaunda,ZA418,Lejweleputswa,2020-10-17,2020-10-18,2,2,2,1788751.9982676322,292527.00522808626,105631,20201017,20201018,0.27505895171327793,0.6602340041700301,0.06470704411669191,0.5065976875287468,754431.0,0.27941650281351393,0.6617931601395349,0.058790337046951115,0.500105365269169,574193.0,-0.10069384057971015,0.38461538461538464,0.29495049504950493,0.8653846153846154,1,1,1,0,1,0,0,0,0
390033,ZA7,Gauteng,ZA8,Mpumalanga,ZA797,Ekurhuleni,ZA831,Nkangala,2020-10-17,2020-10-19,1,1,1,250629.05173049236,107964.60680405633,180805,20201017,20201019,0.23296733680905687,0.7203157619169479,0.04671690127399521,0.5205474946472306,3739653.0,0.27290691475673784,0.6711806877078121,0.055912397535449986,0.5109201270525474,1573837.0,0.7435109289617486,0.9615384615384616,0.07867808219178082,0.6730769230769231,1,1,1,0,1,0,0,0,0
390034,ZA5,KwaZulu-Natal,ZA6,North West,ZA521,Ugu,ZA640,Dr Kenneth Kaunda,2020-10-17,2020-10-17,1,1,1,1113948.461615449,556325.7950527712,720,20201017,20201017,0.32122674606698143,0.6016982741355622,0.07707497979745637,0.47391596021954596,714019.0,0.27505895171327793,0.6602340041700301,0.06470704411669191,0.5065976875287468,754431.0,-0.09480895915678524,0.40384615384615385,-0.10069384057971015,0.38461538461538464,1,1,1,0,1,0,0,0,0
390035,ZA3,Nothern Cape,ZA3,Nothern Cape,ZA309,Frances Baard,ZA345,John Taolo Gaetsewe,2020-10-17,2020-10-18,1,1,1,645401.6825247279,199828.23743769855,102058,20201017,20201018,0.2860169290028057,0.6497360787483951,0.06424699224879928,0.49189928194398214,420580.0,0.31986957060536586,0.628082594956317,0.05204783443831712,0.4959027820806741,258224.0,0.29907801418439717,0.8846153846153846,-0.13480926430517712,0.3076923076923077,1,1,1,0,1,0,0,0,0
390036,ZA9,Limpopo,ZA9,Limpopo,ZA947,Sekhukhune,ZA936,Waterberg,2020-10-17,2020-10-24,1,1,1,627125.751038074,311419.2368970897,607548,20201017,20201024,0.3536917516859454,0.5707075150199985,0.07560073329405607,0.46486328935523974,1125333.0,0.2870915348782833,0.6477210572390478,0.06518740788266879,0.5138960603357211,718513.0,-0.06015677966101695,0.4423076923076923,0.00236898395721925,0.5576923076923077,1,1,1,0,1,0,0,0,0
390037,ZA8,Mpumalanga,ZA5,KwaZulu-Natal,ZA830,Gert Sibande,ZA595,eThekwini,2020-10-17,2020-10-17,5,5,5,5376925.071048055,2074606.067728152,116875,20201017,20201017,0.30688245639051287,0.6412288994160756,0.05188864419341153,0.49968312815881616,1136106.0,0.2446364969883556,0.6990922562931536,0.05627124671849075,0.494610924976595,3587907.0,-0.11248741610738255,0.36538461538461536,0.5666580406654343,0.9230769230769231,1,1,1,0,1,0,0,0,0
390038,ZA3,Nothern Cape,ZA1,Western Cape,ZA307,Pixley ka Seme,ZA105,Central Karoo,2020-10-17,2020-10-18,2,2,2,296154.6894168721,133109.16441373917,33294,20201017,20201018,0.3060749448635213,0.6232332132979509,0.0706918418385278,0.5011842246002923,196331.0,0.29415328297801036,0.633639246216906,0.07220747080508365,0.4979247763656518,77582.0,0.1854655172413793,0.75,-0.12604477611940298,0.3269230769230769,1,1,1,0,1,0,0,0,0
390039,ZA1,Western Cape,ZA1,Western Cape,ZA191,City of Cape Town,ZA101,West Coast,2020-10-17,2020-10-24,1,1,1,459120.9101695613,190301.7898881409,631108,20201017,20201024,0.23849582985172932,0.697186217784503,0.06431795236376775,0.4976008771049945,4436413.0,0.24466466325617858,0.6852166396976793,0.0701186970461421,0.5060695297345649,497485.0,0.7687640750670242,0.9807692307692307,-0.12079976303317536,0.34615384615384615,1,1,1,0,1,0,0,0,0
390040,ZA6,North West,ZA4,Free State,ZA640,Dr Kenneth Kaunda,ZA416,Xhariep,2020-10-17,2020-10-23,1,1,1,2127236.5393941225,392659.0371028584,534052,20201017,20201023,0.27505895171327793,0.6602340041700301,0.06470704411669191,0.5065976875287468,754431.0,0.29515218562959183,0.6325513667867511,0.07229644758365718,0.5005153225730198,105759.0,-0.10069384057971015,0.38461538461538464,0.18671264367816093,0.7692307692307693,1,1,1,0,1,0,0,0,0
390041,ZA9,Limpopo,ZA9,Limpopo,ZA935,Capricorn,ZA933,Mopani,2020-10-17,2020-10-26,1,1,1,108584.5285325736,102597.1850812362,787562,20201017,20201026,0.3265897738288558,0.6007690312860821,0.07264119488506209,0.472231826966417,1295656.0,0.3329418650827259,0.6026296126910996,0.06442852222617454,0.46142626187343905,1062666.0,0.07397387387387387,0.6346153846153846,-0.037928345626975765,0.4807692307692308,1,1,1,0,1,0,0,0,0
390042,ZA2,Eastern Cape,ZA2,Eastern Cape,ZA293,Nelson Mandela Bay,ZA293,Nelson Mandela Bay,2020-10-17,2020-10-29,1,1,1,261064.2549172793,16115.956805641285,1021118,20201017,20201029,0.2465186661259611,0.6842154879637478,0.0692658459102911,0.4877654529777138,1230491.0,0.2465186661259611,0.6842154879637478,0.0692658459102911,0.4877654529777138,1230491.0,0.5740514018691588,0.9423076923076923,0.5740514018691588,0.9423076923076923,1,1,1,0,1,0,0,0,0
390043,ZA4,Free State,ZA4,Free State,ZA494,Mangaung,ZA416,Xhariep,2020-10-17,2020-10-18,3,3,3,506911.0299175486,308157.48846678506,89763,20201017,20201018,0.26262942751272955,0.6754982029249197,0.06187236956235082,0.4901411892511804,826621.0,0.29515218562959183,0.6325513667867511,0.07229644758365718,0.5005153225730198,105759.0,0.27329104477611943,0.8269230769230769,0.18671264367816093,0.7692307692307693,1,1,1,0,1,0,0,0,0
390044,ZA8,Mpumalanga,ZA8,Mpumalanga,ZA830,Gert Sibande,ZA831,Nkangala,2020-10-17,2020-10-23,1,1,1,410096.92022506334,131152.87744619444,522400,20201017,20201023,0.30688245639051287,0.6412288994160756,0.05188864419341153,0.49968312815881616,1136106.0,0.27290691475673784,0.6711806877078121,0.055912397535449986,0.5109201270525474,1573837.0,-0.11248741610738255,0.36538461538461536,0.07867808219178082,0.6730769230769231,1,1,1,0,1,0,0,0,0
390045,ZA7,Gauteng,ZA5,KwaZulu-Natal,ZA797,Ekurhuleni,ZA522,Umgungundlovu,2020-10-17,2020-10-18,1,1,1,1140244.570543997,554903.2640768955,40786,20201017,20201018,0.23296733680905687,0.7203157619169479,0.04671690127399521,0.5205474946472306,3739653.0,0.2748377359932372,0.663873035280183,0.06128922872657978,0.48236181888519014,1046905.0,0.7435109289617486,0.9615384615384616,0.0061256544502617805,0.5769230769230769,1,1,1,0,1,0,0,0,0
390046,ZA2,Eastern Cape,ZA2,Eastern Cape,ZA213,Chris Hani,ZA214,Joe Gqabi,2020-10-17,2020-10-23,1,1,1,304749.65914517886,152380.3782037292,513288,20201017,20201023,0.334940582305372,0.572656560540376,0.09240285715425203,0.478383232498069,752217.0,0.3340471849013029,0.5799636495391386,0.08598916555955849,0.47733103958194023,339473.0,-0.29251697892271666,0.057692307692307696,-0.1839776119402985,0.21153846153846154,1,1,1,0,1,0,0,0,0
390047,ZA4,Free State,ZA4,Free State,ZA418,Lejweleputswa,ZA494,Mangaung,2020-10-17,2020-10-18,5,5,5,572178.8314015334,248291.25756125175,114470,20201017,20201018,0.27941650281351393,0.6617931601395349,0.058790337046951115,0.500105365269169,574193.0,0.26262942751272955,0.6754982029249197,0.06187236956235082,0.4901411892511804,826621.0,0.29495049504950493,0.8653846153846154,0.27329104477611943,0.8269230769230769,1,1,1,0,1,0,0,0,0
390048,ZA5,KwaZulu-Natal,ZA2,Eastern Cape,ZA543,Sisonke,ZA292,Buffalo City,2020-10-17,2020-10-17,2,2,2,4769092.278369667,681812.1627359912,46141,20201017,20201017,0.37293146983899067,0.5707096800166399,0.05635885014436937,0.4671305273563743,447117.0,0.254980022080858,0.6758306608485358,0.06918931707060617,0.48177934914042375,760840.0,-0.2112274881516588,0.17307692307692307,0.09585175879396986,0.6923076923076923,1,1,1,0,1,0,0,0,0
390049,ZA5,KwaZulu-Natal,ZA5,KwaZulu-Natal,ZA522,Umgungundlovu,ZA522,Umgungundlovu,2020-10-17,2020-10-23,1,1,1,500150.7397545424,4134.70159470886,531633,20201017,20201023,0.2748377359932372,0.663873035280183,0.06128922872657978,0.48236181888519014,1046905.0,0.2748377359932372,0.663873035280183,0.06128922872657978,0.48236181888519014,1046905.0,0.0061256544502617805,0.5769230769230769,0.0061256544502617805,0.5769230769230769,1,1,1,0,1,0,0,0,0
390050,ZA5,KwaZulu-Natal,ZA5,KwaZulu-Natal,ZA543,Sisonke,ZA543,Sisonke,2020-10-17,2020-10-19,1,1,1,78903.4844471398,38229.28321390442,176682,20201017,20201019,0.37293146983899067,0.5707096800166399,0.05635885014436937,0.4671305273563743,447117.0,0.37293146983899067,0.5707096800166399,0.05635885014436937,0.4671305273563743,447117.0,-0.2112274881516588,0.17307692307692307,-0.2112274881516588,0.17307692307692307,1,1,1,0,1,0,0,0,0
390051,ZA5,KwaZulu-Natal,ZA5,KwaZulu-Natal,ZA523,Uthukela,ZA595,eThekwini,2020-10-17,2020-10-18,1,1,1,391686.3903974722,211467.2406369492,41111,20201017,20201018,0.36014331224838336,0.5864396074090654,0.05341708034255123,0.46782833191779016,652282.0,0.2446364969883556,0.6990922562931536,0.05627124671849075,0.494610924976595,3587907.0,-0.19841226215644822,0.19230769230769232,0.5666580406654343,0.9230769230769231,1,1,1,0,1,0,0,0,0
390052,ZA9,Limpopo,ZA4,Free State,ZA934,Vhembe,ZA420,Fezile Dabi,2020-10-17,2020-10-17,1,1,1,1210372.9704067702,617986.7501946671,38171,20201017,20201017,0.3433867460978093,0.5887604530714541,0.06785280083073665,0.4597374214109392,1325089.0,0.2705098118551487,0.6604572122193,0.06903297592555128,0.5050070807202104,494300.0,-0.0767829596412556,0.4230769230769231,0.2276555023923445,0.7884615384615384,1,1,1,0,1,0,0,0,0
390053,ZA1,Western Cape,ZA6,North West,ZA102,Cape Winelands,ZA640,Dr Kenneth Kaunda,2020-10-17,2020-10-17,1,1,1,1451372.9677222024,1451372.9677222024,38565,20201017,20201017,0.24989252608235304,0.6902123420738123,0.059895131843834624,0.5011121214086944,909523.0,0.27505895171327793,0.6602340041700301,0.06470704411669191,0.5065976875287468,754431.0,-0.012388831437435367,0.5192307692307693,-0.10069384057971015,0.38461538461538464,1,1,1,0,1,0,0,0,0
390054,ZA5,KwaZulu-Natal,ZA5,KwaZulu-Natal,ZA525,Amajuba,ZA522,Umgungundlovu,2020-10-17,2020-10-18,1,1,1,339469.74154293555,205318.8896922717,84990,20201017,20201018,0.3311353387795859,0.6144200377537888,0.05444462346662529,0.48045773982507545,502731.0,0.2748377359932372,0.663873035280183,0.06128922872657978,0.48236181888519014,1046905.0,-0.16864155251141552,0.25,0.0061256544502617805,0.5769230769230769,1,1,1,0,1,0,0,0,0
390055,ZA7,Gauteng,ZA1,Western Cape,ZA748,West Rand,ZA191,City of Cape Town,2020-10-17,2020-10-17,1,1,1,1261524.157174324,1242739.029624293,1361,20201017,20201017,0.23154887232085752,0.7207832829912092,0.047667844687933295,0.5288128906961219,856804.0,0.23849582985172932,0.697186217784503,0.06431795236376775,0.4976008771049945,4436413.0,0.23715802469135805,0.8076923076923077,0.7687640750670242,0.9807692307692307,1,1,1,0,1,0,0,0,0
390056,ZA1,Western Cape,ZA7,Gauteng,ZA102,Cape Winelands,ZA798,City of Johannesburg,2020-10-17,2020-10-20,1,1,1,1302690.6341910693,1177003.4786542305,291575,20201017,20201020,0.24989252608235304,0.6902123420738123,0.059895131843834624,0.5011121214086944,909523.0,0.2220629170143196,0.7299897648810346,0.047947318104645836,0.5097433964893054,5540727.0,-0.012388831437435367,0.5192307692307693,0.8818060606060606,1.0,1,1,1,0,1,0,0,0,0
390057,ZA5,KwaZulu-Natal,ZA5,KwaZulu-Natal,ZA521,Ugu,ZA521,Ugu,2020-10-17,2020-10-22,1,1,1,332166.94928750186,549.5215239980913,393980,20201017,20201022,0.32122674606698143,0.6016982741355622,0.07707497979745637,0.47391596021954596,714019.0,0.32122674606698143,0.6016982741355622,0.07707497979745637,0.47391596021954596,714019.0,-0.09480895915678524,0.40384615384615385,-0.09480895915678524,0.40384615384615385,1,1,1,0,1,0,0,0,0
390058,ZA7,Gauteng,ZA4,Free State,ZA748,West Rand,ZA416,Xhariep,2020-10-17,2020-10-17,1,1,1,2962915.1925813938,604923.2330838436,28659,20201017,20201017,0.23154887232085752,0.7207832829912092,0.047667844687933295,0.5288128906961219,856804.0,0.29515218562959183,0.6325513667867511,0.07229644758365718,0.5005153225730198,105759.0,0.23715802469135805,0.8076923076923077,0.18671264367816093,0.7692307692307693,1,1,1,0,1,0,0,0,0
390059,ZA4,Free State,ZA7,Gauteng,ZA420,Fezile Dabi,ZA797,Ekurhuleni,2020-10-17,2020-10-21,1,1,1,247458.69088982264,96099.99547053216,330512,20201017,20201021,0.2705098118551487,0.6604572122193,0.06903297592555128,0.5050070807202104,494300.0,0.23296733680905687,0.7203157619169479,0.04671690127399521,0.5205474946472306,3739653.0,0.2276555023923445,0.7884615384615384,0.7435109289617486,0.9615384615384616,1,1,1,0,1,0,0,0,0
390060,ZA8,Mpumalanga,ZA5,KwaZulu-Natal,ZA830,Gert Sibande,ZA523,Uthukela,2020-10-17,2020-10-17,3,3,3,1663332.9670064077,744516.4000776861,70009,20201017,20201017,0.30688245639051287,0.6412288994160756,0.05188864419341153,0.49968312815881616,1136106.0,0.36014331224838336,0.5864396074090654,0.05341708034255123,0.46782833191779016,652282.0,-0.11248741610738255,0.36538461538461536,-0.19841226215644822,0.19230769230769232,1,1,1,0,1,0,0,0,0
390061,ZA4,Free State,ZA4,Free State,ZA418,Lejweleputswa,ZA494,Mangaung,2020-10-17,2020-10-23,1,1,1,252722.30552297496,106243.64805388098,526042,20201017,20201023,0.27941650281351393,0.6617931601395349,0.058790337046951115,0.500105365269169,574193.0,0.26262942751272955,0.6754982029249197,0.06187236956235082,0.4901411892511804,826621.0,0.29495049504950493,0.8653846153846154,0.27329104477611943,0.8269230769230769,1,1,1,0,1,0,0,0,0
390062,ZA4,Free State,ZA8,Mpumalanga,ZA420,Fezile Dabi,ZA831,Nkangala,2020-10-17,2020-10-17,2,2,2,763076.0508745211,368439.5267009703,26030,20201017,20201017,0.2705098118551487,0.6604572122193,0.06903297592555128,0.5050070807202104,494300.0,0.27290691475673784,0.6711806877078121,0.055912397535449986,0.5109201270525474,1573837.0,0.2276555023923445,0.7884615384615384,0.07867808219178082,0.6730769230769231,1,1,1,0,1,0,0,0,0
390063,ZA4,Free State,ZA7,Gauteng,ZA419,Thabo Mofutsanyane,ZA748,West Rand,2020-10-17,2020-10-17,1,1,1,352648.045197172,176300.15975613974,21221,20201017,20201017,0.31143326559338835,0.6251823622683981,0.06338437213821363,0.47028720831466336,662829.0,0.23154887232085752,0.7207832829912092,0.047667844687933295,0.5288128906961219,856804.0,0.10770218579234972,0.7115384615384616,0.23715802469135805,0.8076923076923077,1,1,1,0,1,0,0,0,0
390064,ZA1,Western Cape,ZA5,KwaZulu-Natal,ZA191,City of Cape Town,ZA522,Umgungundlovu,2020-10-17,2020-10-22,1,1,1,2798872.196203453,1418123.0008114006,432855,20201017,20201022,0.23849582985172932,0.697186217784503,0.06431795236376775,0.4976008771049945,4436413.0,0.2748377359932372,0.663873035280183,0.06128922872657978,0.48236181888519014,1046905.0,0.7687640750670242,0.9807692307692307,0.0061256544502617805,0.5769230769230769,1,1,1,0,1,0,0,0,0
390065,ZA7,Gauteng,ZA5,KwaZulu-Natal,ZA748,West Rand,ZA521,Ugu,2020-10-17,2020-10-17,1,1,1,1411857.4908591912,636178.4904803226,48004,20201017,20201017,0.23154887232085752,0.7207832829912092,0.047667844687933295,0.5288128906961219,856804.0,0.32122674606698143,0.6016982741355622,0.07707497979745637,0.47391596021954596,714019.0,0.23715802469135805,0.8076923076923077,-0.09480895915678524,0.40384615384615385,1,1,1,0,1,0,0,0,0
390066,ZA4,Free State,ZA4,Free State,ZA418,Lejweleputswa,ZA419,Thabo Mofutsanyane,2020-10-17,2020-10-18,1,1,1,432052.37595013855,224722.9225684356,53160,20201017,20201018,0.27941650281351393,0.6617931601395349,0.058790337046951115,0.500105365269169,574193.0,0.31143326559338835,0.6251823622683981,0.06338437213821363,0.47028720831466336,662829.0,0.29495049504950493,0.8653846153846154,0.10770218579234972,0.7115384615384616,1,1,1,0,1,0,0,0,0
390067,ZA6,North West,ZA7,Gauteng,ZA639,Dr Ruth Segomotsi Mompati,ZA799,City of Tshwane,2020-10-17,2020-10-17,1,1,1,1082060.1266879,409320.0048806412,8823,20201017,20201017,0.3412335579082451,0.5850872971649528,0.07367914492680208,0.4911837461796937,473784.0,0.22283079372412132,0.7204843127840075,0.056684893491871245,0.5057337597223363,3627986.0,-0.16626678765880218,0.2692307692307692,0.48224212034383956,0.9038461538461539,1,1,1,0,1,0,0,0,0
390068,ZA7,Gauteng,ZA5,KwaZulu-Natal,ZA797,Ekurhuleni,ZA595,eThekwini,2020-10-17,2020-10-18,1,1,1,978212.1859614388,486392.7710426634,83143,20201017,20201018,0.23296733680905687,0.7203157619169479,0.04671690127399521,0.5205474946472306,3739653.0,0.2446364969883556,0.6990922562931536,0.05627124671849075,0.494610924976595,3587907.0,0.7435109289617486,0.9615384615384616,0.5666580406654343,0.9230769230769231,1,1,1,0,1,0,0,0,0
390069,ZA3,Nothern Cape,ZA3,Nothern Cape,ZA307,Pixley ka Seme,ZA309,Frances Baard,2020-10-17,2020-10-18,1,1,1,103405.3148866533,36136.97489598677,17428,20201017,20201018,0.3060749448635213,0.6232332132979509,0.0706918418385278,0.5011842246002923,196331.0,0.2860169290028057,0.6497360787483951,0.06424699224879928,0.49189928194398214,420580.0,0.1854655172413793,0.75,0.29907801418439717,0.8846153846153846,1,1,1,0,1,0,0,0,0
390070,ZA3,Nothern Cape,ZA3,Nothern Cape,ZA309,Frances Baard,ZA309,Frances Baard,2020-10-17,2020-10-28,1,1,1,109095.9575086566,1591.6548709554731,927667,20201017,20201028,0.2860169290028057,0.6497360787483951,0.06424699224879928,0.49189928194398214,420580.0,0.2860169290028057,0.6497360787483951,0.06424699224879928,0.49189928194398214,420580.0,0.29907801418439717,0.8846153846153846,0.29907801418439717,0.8846153846153846,1,1,1,0,1,0,0,0,0
390071,ZA5,KwaZulu-Natal,,,ZA527,Umkhanyakude,,,2020-10-17,2020-10-17,1,1,1,84443.28981386902,51429.66476635647,14101,20201017,20201017,0.40017378652548197,0.5489306999026919,0.05089551357182606,0.4622270789873748,643318.0,,,,,,-0.31784377542717657,0.038461538461538464,,,1,1,1,0,1,0,0,0,0
390072,ZA7,Gauteng,ZA5,KwaZulu-Natal,ZA742,Sedibeng,ZA525,Amajuba,2020-10-17,2020-10-17,1,1,1,304066.1372432035,228951.10819652505,24688,20201017,20201017,0.24393339879416723,0.6953819961266214,0.06068460507921129,0.5059130831550246,994997.0,0.3311353387795859,0.6144200377537888,0.05444462346662529,0.48045773982507545,502731.0,0.2808379746835443,0.8461538461538461,-0.16864155251141552,0.25,1,1,1,0,1,0,0,0,0
390073,ZA7,Gauteng,ZA1,Western Cape,ZA798,City of Johannesburg,ZA104,Eden,2020-10-17,2020-10-25,1,1,1,1055310.5107732306,1055310.5107732306,642617,20201017,20201025,0.2220629170143196,0.7299897648810346,0.047947318104645836,0.5097433964893054,5540727.0,0.24710205256745305,0.6628052101466374,0.09009273728590954,0.4993180863678119,673839.0,0.8818060606060606,1.0,0.0004522691705790296,0.5384615384615384,1,1,1,0,1,0,0,0,0
390074,ZA4,Free State,ZA4,Free State,ZA418,Lejweleputswa,ZA420,Fezile Dabi,2020-10-17,2020-10-18,2,2,2,802848.8756960507,182532.3938991929,65834,20201017,20201018,0.27941650281351393,0.6617931601395349,0.058790337046951115,0.500105365269169,574193.0,0.2705098118551487,0.6604572122193,0.06903297592555128,0.5050070807202104,494300.0,0.29495049504950493,0.8653846153846154,0.2276555023923445,0.7884615384615384,1,1,1,0,1,0,0,0,0
390075,ZA4,Free State,ZA5,KwaZulu-Natal,ZA420,Fezile Dabi,ZA524,Umzinyathi,2020-10-17,2020-10-17,1,1,1,954494.0515796524,475358.35449879634,22744,20201017,20201017,0.2705098118551487,0.6604572122193,0.06903297592555128,0.5050070807202104,494300.0,0.3952311253914291,0.5454951881678106,0.05927368644076033,0.451447242842509,514461.0,0.2276555023923445,0.7884615384615384,-0.28225945945945946,0.07692307692307693,1,1,1,0,1,0,0,0,0
390076,ZA7,Gauteng,ZA4,Free State,ZA748,West Rand,ZA418,Lejweleputswa,2020-10-17,2020-10-18,1,1,1,663483.0839183696,256348.396567726,86368,20201017,20201018,0.23154887232085752,0.7207832829912092,0.047667844687933295,0.5288128906961219,856804.0,0.27941650281351393,0.6617931601395349,0.058790337046951115,0.500105365269169,574193.0,0.23715802469135805,0.8076923076923077,0.29495049504950493,0.8653846153846154,1,1,1,0,1,0,0,0,0
390077,ZA5,KwaZulu-Natal,ZA5,KwaZulu-Natal,ZA523,Uthukela,ZA525,Amajuba,2020-10-17,2020-10-18,1,1,1,798317.8090420206,147981.99398337977,8547,20201017,20201018,0.36014331224838336,0.5864396074090654,0.05341708034255123,0.46782833191779016,652282.0,0.3311353387795859,0.6144200377537888,0.05444462346662529,0.48045773982507545,502731.0,-0.19841226215644822,0.19230769230769232,-0.16864155251141552,0.25,1,1,1,0,1,0,0,0,0
390078,ZA2,Eastern Cape,ZA5,KwaZulu-Natal,ZA214,Joe Gqabi,ZA522,Umgungundlovu,2020-10-17,2020-10-17,1,1,1,352842.98508260207,352160.9317322751,26206,20201017,20201017,0.3340471849013029,0.5799636495391386,0.08598916555955849,0.47733103958194023,339473.0,0.2748377359932372,0.663873035280183,0.06128922872657978,0.48236181888519014,1046905.0,-0.1839776119402985,0.21153846153846154,0.0061256544502617805,0.5769230769230769,1,1,1,0,1,0,0,0,0
390079,ZA9,Limpopo,ZA9,Limpopo,ZA934,Vhembe,ZA936,Waterberg,2020-10-17,2020-10-29,1,1,1,433409.88591363793,202745.33584098925,990694,20201017,20201029,0.3433867460978093,0.5887604530714541,0.06785280083073665,0.4597374214109392,1325089.0,0.2870915348782833,0.6477210572390478,0.06518740788266879,0.5138960603357211,718513.0,-0.0767829596412556,0.4230769230769231,0.00236898395721925,0.5576923076923077,1,1,1,0,1,0,0,0,0
390080,ZA1,Western Cape,ZA1,Western Cape,ZA102,Cape Winelands,ZA191,City of Cape Town,2020-10-17,2020-10-29,1,1,1,300861.88624838257,122709.72786901616,986388,20201017,20201029,0.24989252608235304,0.6902123420738123,0.059895131843834624,0.5011121214086944,909523.0,0.23849582985172932,0.697186217784503,0.06431795236376775,0.4976008771049945,4436413.0,-0.012388831437435367,0.5192307692307693,0.7687640750670242,0.9807692307692307,1,1,1,0,1,0,0,0,0
390081,ZA7,Gauteng,ZA5,KwaZulu-Natal,ZA798,City of Johannesburg,ZA529,iLembe,2020-10-17,2020-10-17,4,4,4,4272237.136579472,2019317.4741832209,102820,20201017,20201017,0.2220629170143196,0.7299897648810346,0.047947318104645836,0.5097433964893054,5540727.0,0.32390440311621094,0.6202867780885334,0.05580881879525565,0.4827645772056803,636799.0,0.8818060606060606,1.0,-0.14951617873651774,0.28846153846153844,1,1,1,0,1,0,0,0,0
390082,ZA9,Limpopo,ZA7,Gauteng,ZA947,Sekhukhune,ZA799,City of Tshwane,2020-10-17,2020-10-18,2,2,2,348915.8182528941,121646.41909326182,36960,20201017,20201018,0.3536917516859454,0.5707075150199985,0.07560073329405607,0.46486328935523974,1125333.0,0.22283079372412132,0.7204843127840075,0.056684893491871245,0.5057337597223363,3627986.0,-0.06015677966101695,0.4423076923076923,0.48224212034383956,0.9038461538461539,1,1,1,0,1,0,0,0,0
390083,ZA1,Western Cape,ZA4,Free State,ZA105,Central Karoo,ZA494,Mangaung,2020-10-17,2020-10-17,1,1,1,2723951.1808607792,523896.5781850862,27186,20201017,20201017,0.29415328297801036,0.633639246216906,0.07220747080508365,0.4979247763656518,77582.0,0.26262942751272955,0.6754982029249197,0.06187236956235082,0.4901411892511804,826621.0,-0.12604477611940298,0.3269230769230769,0.27329104477611943,0.8269230769230769,1,1,1,0,1,0,0,0,0
390084,ZA5,KwaZulu-Natal,ZA5,KwaZulu-Natal,ZA529,iLembe,ZA524,Umzinyathi,2020-10-17,2020-10-18,1,1,1,118200.5732058574,59100.286602928696,39075,20201017,20201018,0.32390440311621094,0.6202867780885334,0.05580881879525565,0.4827645772056803,636799.0,0.3952311253914291,0.5454951881678106,0.05927368644076033,0.451447242842509,514461.0,-0.14951617873651774,0.28846153846153844,-0.28225945945945946,0.07692307692307693,1,1,1,0,1,0,0,0,0
390085,ZA1,Western Cape,ZA2,Eastern Cape,ZA104,Eden,ZA210,Cacadu,2020-10-17,2020-10-18,1,1,1,90532.22556266822,45259.80666461367,39519,20201017,20201018,0.24710205256745305,0.6628052101466374,0.09009273728590954,0.4993180863678119,673839.0,0.2618455236218228,0.6571170870354837,0.08103738934269357,0.4975242081945451,491156.0,0.0004522691705790296,0.5384615384615384,-0.01848062015503876,0.5,1,1,1,0,1,0,0,0,0
390086,ZA7,Gauteng,ZA3,Nothern Cape,ZA798,City of Johannesburg,ZA345,John Taolo Gaetsewe,2020-10-17,2020-10-17,1,1,1,4180880.259030537,707332.797730752,34578,20201017,20201017,0.2220629170143196,0.7299897648810346,0.047947318104645836,0.5097433964893054,5540727.0,0.31986957060536586,0.628082594956317,0.05204783443831712,0.4959027820806741,258224.0,0.8818060606060606,1.0,-0.13480926430517712,0.3076923076923077,1,1,1,0,1,0,0,0,0
390087,ZA2,Eastern Cape,ZA2,Eastern Cape,ZA292,Buffalo City,ZA292,Buffalo City,2020-10-17,2020-10-23,1,1,1,260878.30989589295,40564.70737041885,537474,20201017,20201023,0.254980022080858,0.6758306608485358,0.06918931707060617,0.48177934914042375,760840.0,0.254980022080858,0.6758306608485358,0.06918931707060617,0.48177934914042375,760840.0,0.09585175879396986,0.6923076923076923,0.09585175879396986,0.6923076923076923,1,1,1,0,1,0,0,0,0
390089,ZA6,North West,ZA6,North West,ZA640,Dr Kenneth Kaunda,ZA637,Bojanala,2020-10-17,2020-10-25,1,1,1,210948.29261327983,87333.4746448941,669546,20201017,20201025,0.27505895171327793,0.6602340041700301,0.06470704411669191,0.5065976875287468,754431.0,0.25082919250139085,0.6903465537718604,0.05882425372674875,0.5380589003726469,1786678.0,-0.10069384057971015,0.38461538461538464,0.07430676328502415,0.6538461538461539,1,1,1,0,1,0,0,0,0
390090,ZA7,Gauteng,ZA5,KwaZulu-Natal,ZA798,City of Johannesburg,ZA543,Sisonke,2020-10-17,2020-10-17,1,1,1,1766670.1460027953,608567.4302722516,45477,20201017,20201017,0.2220629170143196,0.7299897648810346,0.047947318104645836,0.5097433964893054,5540727.0,0.37293146983899067,0.5707096800166399,0.05635885014436937,0.4671305273563743,447117.0,0.8818060606060606,1.0,-0.2112274881516588,0.17307692307692307,1,1,1,0,1,0,0,0,0
390091,ZA1,Western Cape,ZA1,Western Cape,ZA191,City of Cape Town,ZA191,City of Cape Town,2020-10-17,2020-10-25,1,1,1,16683.846471325898,12476.35830495548,671843,20201017,20201025,0.23849582985172932,0.697186217784503,0.06431795236376775,0.4976008771049945,4436413.0,0.23849582985172932,0.697186217784503,0.06431795236376775,0.4976008771049945,4436413.0,0.7687640750670242,0.9807692307692307,0.7687640750670242,0.9807692307692307,1,1,1,0,1,0,0,0,0
390092,ZA7,Gauteng,ZA2,Eastern Cape,ZA799,City of Tshwane,ZA212,Amathole,2020-10-17,2020-10-17,1,1,1,1790623.4766300446,833165.9702696746,47029,20201017,20201017,0.22283079372412132,0.7204843127840075,0.056684893491871245,0.5057337597223363,3627986.0,0.32816698449842097,0.5696178168124134,0.1022151986891656,0.47434426623917664,789726.0,0.48224212034383956,0.9038461538461539,-0.3192883211678832,0.019230769230769232,1,1,1,0,1,0,0,0,0
390093,ZA8,Mpumalanga,ZA8,Mpumalanga,ZA831,Nkangala,ZA832,Ehlanzeni,2020-10-17,2020-10-22,1,1,1,312429.7792243367,105195.8560454734,414126,20201017,20201022,0.27290691475673784,0.6711806877078121,0.055912397535449986,0.5109201270525474,1573837.0,0.32438893780700045,0.6235217992770762,0.05208926291592337,0.47979089412028486,1837538.0,0.07867808219178082,0.6730769230769231,0.1315940928270042,0.7307692307692307,1,1,1,0,1,0,0,0,0
390094,ZA4,Free State,ZA4,Free State,ZA420,Fezile Dabi,ZA416,Xhariep,2020-10-17,2020-10-17,2,2,2,4780444.925684813,822238.0996065781,58619,20201017,20201017,0.2705098118551487,0.6604572122193,0.06903297592555128,0.5050070807202104,494300.0,0.29515218562959183,0.6325513667867511,0.07229644758365718,0.5005153225730198,105759.0,0.2276555023923445,0.7884615384615384,0.18671264367816093,0.7692307692307693,1,1,1,0,1,0,0,0,0
390095,ZA1,Western Cape,ZA2,Eastern Cape,ZA103,Overberg,ZA210,Cacadu,2020-10-17,2020-10-17,1,1,1,1324311.3539742208,475057.7756958337,29988,20201017,20201017,0.22836513904770692,0.6721314716747349,0.09950338927755827,0.511077351980676,303457.0,0.2618455236218228,0.6571170870354837,0.08103738934269357,0.4975242081945451,491156.0,0.051486772486772484,0.5961538461538461,-0.01848062015503876,0.5,1,1,1,0,1,0,0,0,0
390096,ZA5,KwaZulu-Natal,ZA5,KwaZulu-Natal,ZA543,Sisonke,ZA595,eThekwini,2020-10-17,2020-10-18,2,2,2,732680.6167181456,277477.0863864757,111035,20201017,20201018,0.37293146983899067,0.5707096800166399,0.05635885014436937,0.4671305273563743,447117.0,0.2446364969883556,0.6990922562931536,0.05627124671849075,0.494610924976595,3587907.0,-0.2112274881516588,0.17307692307692307,0.5666580406654343,0.9230769230769231,1,1,1,0,1,0,0,0,0
390097,ZA2,Eastern Cape,ZA1,Western Cape,ZA293,Nelson Mandela Bay,ZA102,Cape Winelands,2020-10-17,2020-10-17,2,2,2,2044557.7759461491,1255575.7360089885,46273,20201017,20201017,0.2465186661259611,0.6842154879637478,0.0692658459102911,0.4877654529777138,1230491.0,0.24989252608235304,0.6902123420738123,0.059895131843834624,0.5011121214086944,909523.0,0.5740514018691588,0.9423076923076923,-0.012388831437435367,0.5192307692307693,1,1,1,0,1,0,0,0,0
390098,ZA1,Western Cape,,,ZA104,Eden,,,2020-10-17,2020-10-17,2,2,2,30610.790188203577,11913.043586896383,3690,20201017,20201017,0.24710205256745305,0.6628052101466374,0.09009273728590954,0.4993180863678119,673839.0,,,,,,0.0004522691705790296,0.5384615384615384,,,1,1,1,0,1,0,0,0,0
390099,ZA6,North West,ZA8,Mpumalanga,ZA640,Dr Kenneth Kaunda,ZA830,Gert Sibande,2020-10-17,2020-10-31,1,1,1,441336.566602419,214954.89201005915,1158984,20201017,20201031,0.27505895171327793,0.6602340041700301,0.06470704411669191,0.5065976875287468,754431.0,0.30688245639051287,0.6412288994160756,0.05188864419341153,0.49968312815881616,1136106.0,-0.10069384057971015,0.38461538461538464,-0.11248741610738255,0.36538461538461536,1,1,1,0,1,0,0,0,0
390100,ZA3,Nothern Cape,,,ZA306,Namakwa,,,2020-10-17,2020-10-17,1,1,1,4014.604399213817,2007.3021996069083,3610,20201017,20201017,0.2479438366342976,0.6592106724059887,0.09284549095971371,0.5132337492633683,117087.0,,,,,,0.06505633802816901,0.6153846153846154,,,1,1,1,0,1,0,0,0,0
390101,ZA5,KwaZulu-Natal,ZA5,KwaZulu-Natal,ZA528,Uthungulu,ZA526,Zululand,2020-10-17,2020-10-19,1,1,1,476191.446379574,107478.11846976084,184390,20201017,20201019,0.3398562749304085,0.6096443299200878,0.05049939514950375,0.4759701217345943,889476.0,0.392497537624586,0.5542130860581069,0.053289376317307055,0.4651401640222711,783796.0,-0.2202014106583072,0.15384615384615385,-0.2762355212355212,0.09615384615384616,1,1,1,0,1,0,0,0,0
390102,ZA4,Free State,ZA9,Limpopo,ZA494,Mangaung,ZA934,Vhembe,2020-10-17,2020-10-17,1,1,1,803272.520232292,803272.520232292,44903,20201017,20201017,0.26262942751272955,0.6754982029249197,0.06187236956235082,0.4901411892511804,826621.0,0.3433867460978093,0.5887604530714541,0.06785280083073665,0.4597374214109392,1325089.0,0.27329104477611943,0.8269230769230769,-0.0767829596412556,0.4230769230769231,1,1,1,0,1,0,0,0,0
390103,ZA5,KwaZulu-Natal,ZA5,KwaZulu-Natal,ZA595,eThekwini,ZA526,Zululand,2020-10-17,2020-10-21,1,1,1,423433.2519745891,211596.67647900252,301088,20201017,20201021,0.2446364969883556,0.6990922562931536,0.05627124671849075,0.494610924976595,3587907.0,0.392497537624586,0.5542130860581069,0.053289376317307055,0.4651401640222711,783796.0,0.5666580406654343,0.9230769230769231,-0.2762355212355212,0.09615384615384616,1,1,1,0,1,0,0,0,0
390104,ZA7,Gauteng,ZA7,Gauteng,ZA742,Sedibeng,ZA799,City of Tshwane,2020-10-17,2020-10-19,1,1,1,200953.30540648603,92849.24842551904,121743,20201017,20201019,0.24393339879416723,0.6953819961266214,0.06068460507921129,0.5059130831550246,994997.0,0.22283079372412132,0.7204843127840075,0.056684893491871245,0.5057337597223363,3627986.0,0.2808379746835443,0.8461538461538461,0.48224212034383956,0.9038461538461539,1,1,1,0,1,0,0,0,0
390105,ZA2,Eastern Cape,ZA7,Gauteng,ZA214,Joe Gqabi,ZA799,City of Tshwane,2020-10-17,2020-10-17,1,1,1,1071278.9453042594,674503.3191468307,29240,20201017,20201017,0.3340471849013029,0.5799636495391386,0.08598916555955849,0.47733103958194023,339473.0,0.22283079372412132,0.7204843127840075,0.056684893491871245,0.5057337597223363,3627986.0,-0.1839776119402985,0.21153846153846154,0.48224212034383956,0.9038461538461539,1,1,1,0,1,0,0,0,0
390106,ZA2,Eastern Cape,ZA2,Eastern Cape,ZA293,Nelson Mandela Bay,ZA213,Chris Hani,2020-10-17,2020-10-17,1,1,1,696605.018895616,243261.5436750706,12198,20201017,20201017,0.2465186661259611,0.6842154879637478,0.0692658459102911,0.4877654529777138,1230491.0,0.334940582305372,0.572656560540376,0.09240285715425203,0.478383232498069,752217.0,0.5740514018691588,0.9423076923076923,-0.29251697892271666,0.057692307692307696,1,1,1,0,1,0,0,0,0
390107,ZA2,Eastern Cape,ZA1,Western Cape,ZA210,Cacadu,ZA104,Eden,2020-10-17,2020-10-19,1,1,1,1076067.1388645389,131044.18875677016,185597,20201017,20201019,0.2618455236218228,0.6571170870354837,0.08103738934269357,0.4975242081945451,491156.0,0.24710205256745305,0.6628052101466374,0.09009273728590954,0.4993180863678119,673839.0,-0.01848062015503876,0.5,0.0004522691705790296,0.5384615384615384,1,1,1,0,1,0,0,0,0
390108,ZA9,Limpopo,ZA9,Limpopo,ZA935,Capricorn,ZA936,Waterberg,2020-10-17,2020-10-24,1,1,1,111998.2746019,109231.69019385104,573780,20201017,20201024,0.3265897738288558,0.6007690312860821,0.07264119488506209,0.472231826966417,1295656.0,0.2870915348782833,0.6477210572390478,0.06518740788266879,0.5138960603357211,718513.0,0.07397387387387387,0.6346153846153846,0.00236898395721925,0.5576923076923077,1,1,1,0,1,0,0,0,0
390109,ZA4,Free State,ZA9,Limpopo,ZA420,Fezile Dabi,ZA934,Vhembe,2020-10-17,2020-10-17,1,1,1,1128514.2471723729,559277.4300360607,27340,20201017,20201017,0.2705098118551487,0.6604572122193,0.06903297592555128,0.5050070807202104,494300.0,0.3433867460978093,0.5887604530714541,0.06785280083073665,0.4597374214109392,1325089.0,0.2276555023923445,0.7884615384615384,-0.0767829596412556,0.4230769230769231,1,1,1,0,1,0,0,0,0
390110,ZA9,Limpopo,ZA4,Free State,ZA936,Waterberg,ZA419,Thabo Mofutsanyane,2020-10-17,2020-10-17,1,1,1,481172.5589321845,387848.2836177693,43426,20201017,20201017,0.2870915348782833,0.6477210572390478,0.06518740788266879,0.5138960603357211,718513.0,0.31143326559338835,0.6251823622683981,0.06338437213821363,0.47028720831466336,662829.0,0.00236898395721925,0.5576923076923077,0.10770218579234972,0.7115384615384616,1,1,1,0,1,0,0,0,0
390111,ZA1,Western Cape,ZA7,Gauteng,ZA104,Eden,ZA797,Ekurhuleni,2020-10-17,2020-10-17,1,1,1,2681797.947874982,1030552.661068069,24251,20201017,20201017,0.24710205256745305,0.6628052101466374,0.09009273728590954,0.4993180863678119,673839.0,0.23296733680905687,0.7203157619169479,0.04671690127399521,0.5205474946472306,3739653.0,0.0004522691705790296,0.5384615384615384,0.7435109289617486,0.9615384615384616,1,1,1,0,1,0,0,0,0
390112,ZA7,Gauteng,ZA8,Mpumalanga,ZA797,Ekurhuleni,ZA831,Nkangala,2020-10-17,2020-10-21,1,1,1,187273.6755291288,89895.13154641651,384183,20201017,20201021,0.23296733680905687,0.7203157619169479,0.04671690127399521,0.5205474946472306,3739653.0,0.27290691475673784,0.6711806877078121,0.055912397535449986,0.5109201270525474,1573837.0,0.7435109289617486,0.9615384615384616,0.07867808219178082,0.6730769230769231,1,1,1,0,1,0,0,0,0
390113,ZA7,Gauteng,ZA6,North West,ZA798,City of Johannesburg,ZA637,Bojanala,2020-10-17,2020-10-25,1,1,1,225695.40326209203,95776.2520235122,639070,20201017,20201025,0.2220629170143196,0.7299897648810346,0.047947318104645836,0.5097433964893054,5540727.0,0.25082919250139085,0.6903465537718604,0.05882425372674875,0.5380589003726469,1786678.0,0.8818060606060606,1.0,0.07430676328502415,0.6538461538461539,1,1,1,0,1,0,0,0,0
390114,ZA8,Mpumalanga,ZA6,North West,ZA832,Ehlanzeni,ZA637,Bojanala,2020-10-17,2020-10-17,1,1,1,944349.4505394124,434650.0038984557,28495,20201017,20201017,0.32438893780700045,0.6235217992770762,0.05208926291592337,0.47979089412028486,1837538.0,0.25082919250139085,0.6903465537718604,0.05882425372674875,0.5380589003726469,1786678.0,0.1315940928270042,0.7307692307692307,0.07430676328502415,0.6538461538461539,1,1,1,0,1,0,0,0,0
390115,ZA1,Western Cape,ZA1,Western Cape,ZA104,Eden,ZA191,City of Cape Town,2020-10-17,2020-10-23,1,1,1,2454265.4591462645,1352966.0162498234,529213,20201017,20201023,0.24710205256745305,0.6628052101466374,0.09009273728590954,0.4993180863678119,673839.0,0.23849582985172932,0.697186217784503,0.06431795236376775,0.4976008771049945,4436413.0,0.0004522691705790296,0.5384615384615384,0.7687640750670242,0.9807692307692307,1,1,1,0,1,0,0,0,0
390116,ZA7,Gauteng,ZA5,KwaZulu-Natal,ZA798,City of Johannesburg,ZA523,Uthukela,2020-10-17,2020-10-31,1,1,1,362006.0479696734,361780.6771331908,1260827,20201017,20201031,0.2220629170143196,0.7299897648810346,0.047947318104645836,0.5097433964893054,5540727.0,0.36014331224838336,0.5864396074090654,0.05341708034255123,0.46782833191779016,652282.0,0.8818060606060606,1.0,-0.19841226215644822,0.19230769230769232,1,1,1,0,1,0,0,0,0
390117,ZA5,KwaZulu-Natal,ZA5,KwaZulu-Natal,ZA528,Uthungulu,ZA523,Uthukela,2020-10-17,2020-10-18,1,1,1,326625.22704740736,326624.8042555172,131139,20201017,20201018,0.3398562749304085,0.6096443299200878,0.05049939514950375,0.4759701217345943,889476.0,0.36014331224838336,0.5864396074090654,0.05341708034255123,0.46782833191779016,652282.0,-0.2202014106583072,0.15384615384615385,-0.19841226215644822,0.19230769230769232,1,1,1,0,1,0,0,0,0
390118,ZA1,Western Cape,ZA4,Free State,ZA102,Cape Winelands,ZA494,Mangaung,2020-10-17,2020-10-21,1,1,1,1445222.6174583929,828481.3492908434,306340,20201017,20201021,0.24989252608235304,0.6902123420738123,0.059895131843834624,0.5011121214086944,909523.0,0.26262942751272955,0.6754982029249197,0.06187236956235082,0.4901411892511804,826621.0,-0.012388831437435367,0.5192307692307693,0.27329104477611943,0.8269230769230769,1,1,1,0,1,0,0,0,0
390119,ZA4,Free State,ZA4,Free State,ZA494,Mangaung,ZA418,Lejweleputswa,2020-10-17,2020-10-30,1,1,1,135612.07137481807,135612.07137481807,1146735,20201017,20201030,0.26262942751272955,0.6754982029249197,0.06187236956235082,0.4901411892511804,826621.0,0.27941650281351393,0.6617931601395349,0.058790337046951115,0.500105365269169,574193.0,0.27329104477611943,0.8269230769230769,0.29495049504950493,0.8653846153846154,1,1,1,0,1,0,0,0,0
390120,ZA5,KwaZulu-Natal,ZA7,Gauteng,ZA525,Amajuba,ZA797,Ekurhuleni,2020-10-17,2020-10-17,1,1,1,585570.9683363625,279502.41554643644,30900,20201017,20201017,0.3311353387795859,0.6144200377537888,0.05444462346662529,0.48045773982507545,502731.0,0.23296733680905687,0.7203157619169479,0.04671690127399521,0.5205474946472306,3739653.0,-0.16864155251141552,0.25,0.7435109289617486,0.9615384615384616,1,1,1,0,1,0,0,0,0
390121,ZA7,Gauteng,ZA1,Western Cape,ZA798,City of Johannesburg,ZA104,Eden,2020-10-17,2020-10-18,1,1,1,1240327.3105224452,1081579.7756502463,85104,20201017,20201018,0.2220629170143196,0.7299897648810346,0.047947318104645836,0.5097433964893054,5540727.0,0.24710205256745305,0.6628052101466374,0.09009273728590954,0.4993180863678119,673839.0,0.8818060606060606,1.0,0.0004522691705790296,0.5384615384615384,1,1,1,0,1,0,0,0,0
390122,ZA6,North West,ZA1,Western Cape,ZA639,Dr Ruth Segomotsi Mompati,ZA101,West Coast,2020-10-17,2020-10-17,1,1,1,1225956.9154354243,1225956.9154354243,59384,20201017,20201017,0.3412335579082451,0.5850872971649528,0.07367914492680208,0.4911837461796937,473784.0,0.24466466325617858,0.6852166396976793,0.0701186970461421,0.5060695297345649,497485.0,-0.16626678765880218,0.2692307692307692,-0.12079976303317536,0.34615384615384615,1,1,1,0,1,0,0,0,0
390123,ZA1,Western Cape,ZA1,Western Cape,ZA104,Eden,ZA104,Eden,2020-10-17,2020-10-19,1,1,1,1910414.3458517492,1460692.0316089254,119314,20201017,20201019,0.24710205256745305,0.6628052101466374,0.09009273728590954,0.4993180863678119,673839.0,0.24710205256745305,0.6628052101466374,0.09009273728590954,0.4993180863678119,673839.0,0.0004522691705790296,0.5384615384615384,0.0004522691705790296,0.5384615384615384,1,1,1,0,1,0,0,0,0
390124,ZA3,Nothern Cape,ZA6,North West,ZA309,Frances Baard,ZA640,Dr Kenneth Kaunda,2020-10-17,2020-10-18,2,2,2,1420805.4712489615,591080.4380619862,141194,20201017,20201018,0.2860169290028057,0.6497360787483951,0.06424699224879928,0.49189928194398214,420580.0,0.27505895171327793,0.6602340041700301,0.06470704411669191,0.5065976875287468,754431.0,0.29907801418439717,0.8846153846153846,-0.10069384057971015,0.38461538461538464,1,1,1,0,1,0,0,0,0
390125,ZA5,KwaZulu-Natal,ZA7,Gauteng,ZA523,Uthukela,ZA742,Sedibeng,2020-10-17,2020-10-17,1,1,1,746423.7645505066,318724.233501758,11650,20201017,20201017,0.36014331224838336,0.5864396074090654,0.05341708034255123,0.46782833191779016,652282.0,0.24393339879416723,0.6953819961266214,0.06068460507921129,0.5059130831550246,994997.0,-0.19841226215644822,0.19230769230769232,0.2808379746835443,0.8461538461538461,1,1,1,0,1,0,0,0,0
390126,ZA5,KwaZulu-Natal,ZA5,KwaZulu-Natal,ZA524,Umzinyathi,ZA522,Umgungundlovu,2020-10-17,2020-10-18,1,1,1,177956.37253077148,47414.567563640354,37778,20201017,20201018,0.3952311253914291,0.5454951881678106,0.05927368644076033,0.451447242842509,514461.0,0.2748377359932372,0.663873035280183,0.06128922872657978,0.48236181888519014,1046905.0,-0.28225945945945946,0.07692307692307693,0.0061256544502617805,0.5769230769230769,1,1,1,0,1,0,0,0,0
390127,ZA9,Limpopo,ZA9,Limpopo,ZA934,Vhembe,ZA935,Capricorn,2020-10-17,2020-10-30,1,1,1,100781.41014534426,100781.41014534426,1121751,20201017,20201030,0.3433867460978093,0.5887604530714541,0.06785280083073665,0.4597374214109392,1325089.0,0.3265897738288558,0.6007690312860821,0.07264119488506209,0.472231826966417,1295656.0,-0.0767829596412556,0.4230769230769231,0.07397387387387387,0.6346153846153846,1,1,1,0,1,0,0,0,0
390128,ZA9,Limpopo,ZA7,Gauteng,ZA936,Waterberg,ZA797,Ekurhuleni,2020-10-17,2020-10-19,1,1,1,246012.1385636541,120838.33646453792,96445,20201017,20201019,0.2870915348782833,0.6477210572390478,0.06518740788266879,0.5138960603357211,718513.0,0.23296733680905687,0.7203157619169479,0.04671690127399521,0.5205474946472306,3739653.0,0.00236898395721925,0.5576923076923077,0.7435109289617486,0.9615384615384616,1,1,1,0,1,0,0,0,0
390129,ZA6,North West,ZA9,Limpopo,ZA637,Bojanala,ZA936,Waterberg,2020-10-17,2020-10-22,1,1,1,445929.9420942281,117538.47695847768,447813,20201017,20201022,0.25082919250139085,0.6903465537718604,0.05882425372674875,0.5380589003726469,1786678.0,0.2870915348782833,0.6477210572390478,0.06518740788266879,0.5138960603357211,718513.0,0.07430676328502415,0.6538461538461539,0.00236898395721925,0.5576923076923077,1,1,1,0,1,0,0,0,0
390130,ZA1,Western Cape,ZA2,Eastern Cape,ZA104,Eden,ZA292,Buffalo City,2020-10-17,2020-10-18,1,1,1,3019682.189249763,464216.5333385968,60334,20201017,20201018,0.24710205256745305,0.6628052101466374,0.09009273728590954,0.4993180863678119,673839.0,0.254980022080858,0.6758306608485358,0.06918931707060617,0.48177934914042375,760840.0,0.0004522691705790296,0.5384615384615384,0.09585175879396986,0.6923076923076923,1,1,1,0,1,0,0,0,0
390131,ZA2,Eastern Cape,ZA7,Gauteng,ZA293,Nelson Mandela Bay,ZA798,City of Johannesburg,2020-10-17,2020-10-23,1,1,1,1910813.8921050783,902792.18315127,469451,20201017,20201023,0.2465186661259611,0.6842154879637478,0.0692658459102911,0.4877654529777138,1230491.0,0.2220629170143196,0.7299897648810346,0.047947318104645836,0.5097433964893054,5540727.0,0.5740514018691588,0.9423076923076923,0.8818060606060606,1.0,1,1,1,0,1,0,0,0,0
390132,ZA8,Mpumalanga,ZA5,KwaZulu-Natal,ZA830,Gert Sibande,ZA595,eThekwini,2020-10-17,2020-10-18,1,1,1,1074284.41278026,456184.1156555064,115368,20201017,20201018,0.30688245639051287,0.6412288994160756,0.05188864419341153,0.49968312815881616,1136106.0,0.2446364969883556,0.6990922562931536,0.05627124671849075,0.494610924976595,3587907.0,-0.11248741610738255,0.36538461538461536,0.5666580406654343,0.9230769230769231,1,1,1,0,1,0,0,0,0
390133,ZA1,Western Cape,ZA1,Western Cape,ZA104,Eden,ZA103,Overberg,2020-10-17,2020-10-19,1,1,1,321362.53084540484,154230.3587862692,175182,20201017,20201019,0.24710205256745305,0.6628052101466374,0.09009273728590954,0.4993180863678119,673839.0,0.22836513904770692,0.6721314716747349,0.09950338927755827,0.511077351980676,303457.0,0.0004522691705790296,0.5384615384615384,0.051486772486772484,0.5961538461538461,1,1,1,0,1,0,0,0,0
390134,ZA8,Mpumalanga,ZA4,Free State,ZA830,Gert Sibande,ZA420,Fezile Dabi,2020-10-17,2020-10-30,1,1,1,294658.80152959755,127869.44594737928,1069138,20201017,20201030,0.30688245639051287,0.6412288994160756,0.05188864419341153,0.49968312815881616,1136106.0,0.2705098118551487,0.6604572122193,0.06903297592555128,0.5050070807202104,494300.0,-0.11248741610738255,0.36538461538461536,0.2276555023923445,0.7884615384615384,1,1,1,0,1,0,0,0,0
390135,ZA3,Nothern Cape,ZA6,North West,ZA308,Z F Mgcawu,ZA640,Dr Kenneth Kaunda,2020-10-17,2020-10-17,1,1,1,1294113.8753093183,635490.0414932803,29188,20201017,20201017,0.27601757542529287,0.6641943181028425,0.059788106471864645,0.5142626583989065,258998.0,0.27505895171327793,0.6602340041700301,0.06470704411669191,0.5065976875287468,754431.0,-0.04016603773584906,0.46153846153846156,-0.10069384057971015,0.38461538461538464,1,1,1,0,1,0,0,0,0
390136,ZA7,Gauteng,ZA2,Eastern Cape,ZA798,City of Johannesburg,ZA293,Nelson Mandela Bay,2020-10-17,2020-10-28,1,1,1,2121324.532431742,914627.5032565196,971060,20201017,20201028,0.2220629170143196,0.7299897648810346,0.047947318104645836,0.5097433964893054,5540727.0,0.2465186661259611,0.6842154879637478,0.0692658459102911,0.4877654529777138,1230491.0,0.8818060606060606,1.0,0.5740514018691588,0.9423076923076923,1,1,1,0,1,0,0,0,0
390137,ZA8,Mpumalanga,ZA7,Gauteng,ZA831,Nkangala,ZA798,City of Johannesburg,2020-10-17,2020-10-19,1,1,1,288331.03143581265,120834.64132248542,213258,20201017,20201019,0.27290691475673784,0.6711806877078121,0.055912397535449986,0.5109201270525474,1573837.0,0.2220629170143196,0.7299897648810346,0.047947318104645836,0.5097433964893054,5540727.0,0.07867808219178082,0.6730769230769231,0.8818060606060606,1.0,1,1,1,0,1,0,0,0,0
390138,ZA5,KwaZulu-Natal,ZA7,Gauteng,ZA522,Umgungundlovu,ZA798,City of Johannesburg,2020-10-17,2020-10-18,1,1,1,973088.3684593904,449343.76033576496,86118,20201017,20201018,0.2748377359932372,0.663873035280183,0.06128922872657978,0.48236181888519014,1046905.0,0.2220629170143196,0.7299897648810346,0.047947318104645836,0.5097433964893054,5540727.0,0.0061256544502617805,0.5769230769230769,0.8818060606060606,1.0,1,1,1,0,1,0,0,0,0
390139,ZA7,Gauteng,ZA6,North West,ZA798,City of Johannesburg,ZA638,Ngaka Modiri Molema,2020-10-17,2020-10-18,1,1,1,357047.8865600295,178542.84343019855,24168,20201017,20201018,0.2220629170143196,0.7299897648810346,0.047947318104645836,0.5097433964893054,5540727.0,0.3236353449196357,0.6078801705223251,0.06848448455803925,0.4964769205863341,870971.0,0.8818060606060606,1.0,-0.18344824707846413,0.23076923076923078,1,1,1,0,1,0,0,0,0
390140,ZA5,KwaZulu-Natal,ZA8,Mpumalanga,ZA595,eThekwini,ZA832,Ehlanzeni,2020-10-17,2020-10-17,1,1,1,2272070.88790609,1156330.9954253847,40318,20201017,20201017,0.2446364969883556,0.6990922562931536,0.05627124671849075,0.494610924976595,3587907.0,0.32438893780700045,0.6235217992770762,0.05208926291592337,0.47979089412028486,1837538.0,0.5666580406654343,0.9230769230769231,0.1315940928270042,0.7307692307692307,1,1,1,0,1,0,0,0,0
390141,ZA2,Eastern Cape,ZA2,Eastern Cape,ZA244,Alfred Nzo,ZA215,O.R.Tambo,2020-10-17,2020-10-24,1,1,1,294592.2010119944,130885.41801492232,570239,20201017,20201024,0.40782127157510134,0.5221222097470932,0.07005651867780548,0.4576553946475353,788235.0,0.38804558548824664,0.5482866433400703,0.06366777117168307,0.4623163104135049,1358678.0,-0.27396673320026615,0.11538461538461539,-0.23807536101083035,0.1346153846153846,1,1,1,0,1,0,0,0,0
390142,ZA7,Gauteng,ZA9,Limpopo,ZA798,City of Johannesburg,ZA933,Mopani,2020-10-17,2020-10-18,1,1,1,352296.7401349051,349947.2771734552,84092,20201017,20201018,0.2220629170143196,0.7299897648810346,0.047947318104645836,0.5097433964893054,5540727.0,0.3329418650827259,0.6026296126910996,0.06442852222617454,0.46142626187343905,1062666.0,0.8818060606060606,1.0,-0.037928345626975765,0.4807692307692308,1,1,1,0,1,0,0,0,0
390143,ZA4,Free State,ZA7,Gauteng,ZA418,Lejweleputswa,ZA797,Ekurhuleni,2020-10-17,2020-10-17,1,1,1,496186.9704239982,318431.6265843998,24661,20201017,20201017,0.27941650281351393,0.6617931601395349,0.058790337046951115,0.500105365269169,574193.0,0.23296733680905687,0.7203157619169479,0.04671690127399521,0.5205474946472306,3739653.0,0.29495049504950493,0.8653846153846154,0.7435109289617486,0.9615384615384616,1,1,1,0,1,0,0,0,0
390145,ZA7,Gauteng,ZA7,Gauteng,ZA798,City of Johannesburg,ZA798,City of Johannesburg,2020-10-17,2020-10-21,1,1,1,2518999.7020748574,2518999.7020748574,361622,20201017,20201021,0.2220629170143196,0.7299897648810346,0.047947318104645836,0.5097433964893054,5540727.0,0.2220629170143196,0.7299897648810346,0.047947318104645836,0.5097433964893054,5540727.0,0.8818060606060606,1.0,0.8818060606060606,1.0,1,1,1,0,1,0,0,0,0
390146,ZA4,Free State,ZA4,Free State,ZA419,Thabo Mofutsanyane,ZA419,Thabo Mofutsanyane,2020-10-17,2020-10-19,1,1,1,185188.8791042869,83640.97116830229,216342,20201017,20201019,0.31143326559338835,0.6251823622683981,0.06338437213821363,0.47028720831466336,662829.0,0.31143326559338835,0.6251823622683981,0.06338437213821363,0.47028720831466336,662829.0,0.10770218579234972,0.7115384615384616,0.10770218579234972,0.7115384615384616,1,1,1,0,1,0,0,0,0
390147,ZA4,Free State,ZA9,Limpopo,ZA416,Xhariep,ZA935,Capricorn,2020-10-17,2020-10-17,1,1,1,2094240.794557794,949341.978346495,33482,20201017,20201017,0.29515218562959183,0.6325513667867511,0.07229644758365718,0.5005153225730198,105759.0,0.3265897738288558,0.6007690312860821,0.07264119488506209,0.472231826966417,1295656.0,0.18671264367816093,0.7692307692307693,0.07397387387387387,0.6346153846153846,1,1,1,0,1,0,0,0,0
390148,ZA2,Eastern Cape,ZA7,Gauteng,ZA213,Chris Hani,ZA798,City of Johannesburg,2020-10-17,2020-10-18,1,1,1,842640.3892230701,647421.6402422634,38246,20201017,20201018,0.334940582305372,0.572656560540376,0.09240285715425203,0.478383232498069,752217.0,0.2220629170143196,0.7299897648810346,0.047947318104645836,0.5097433964893054,5540727.0,-0.29251697892271666,0.057692307692307696,0.8818060606060606,1.0,1,1,1,0,1,0,0,0,0
390149,ZA4,Free State,ZA4,Free State,ZA416,Xhariep,ZA418,Lejweleputswa,2020-10-17,2020-10-17,1,1,1,57006.72110533501,26764.76548403796,2338,20201017,20201017,0.29515218562959183,0.6325513667867511,0.07229644758365718,0.5005153225730198,105759.0,0.27941650281351393,0.6617931601395349,0.058790337046951115,0.500105365269169,574193.0,0.18671264367816093,0.7692307692307693,0.29495049504950493,0.8653846153846154,1,1,1,0,1,0,0,0,0
390150,ZA2,Eastern Cape,ZA1,Western Cape,ZA292,Buffalo City,ZA102,Cape Winelands,2020-10-17,2020-10-17,1,1,1,1836437.094050743,889914.6260837163,66168,20201017,20201017,0.254980022080858,0.6758306608485358,0.06918931707060617,0.48177934914042375,760840.0,0.24989252608235304,0.6902123420738123,0.059895131843834624,0.5011121214086944,909523.0,0.09585175879396986,0.6923076923076923,-0.012388831437435367,0.5192307692307693,1,1,1,0,1,0,0,0,0
390151,ZA7,Gauteng,ZA9,Limpopo,ZA748,West Rand,ZA936,Waterberg,2020-10-17,2020-10-29,1,1,1,344627.0045081452,172434.86377139183,1052791,20201017,20201029,0.23154887232085752,0.7207832829912092,0.047667844687933295,0.5288128906961219,856804.0,0.2870915348782833,0.6477210572390478,0.06518740788266879,0.5138960603357211,718513.0,0.23715802469135805,0.8076923076923077,0.00236898395721925,0.5576923076923077,1,1,1,0,1,0,0,0,0
390152,ZA3,Nothern Cape,ZA4,Free State,ZA307,Pixley ka Seme,ZA418,Lejweleputswa,2020-10-17,2020-10-17,1,1,1,430310.489109582,430310.489109582,25732,20201017,20201017,0.3060749448635213,0.6232332132979509,0.0706918418385278,0.5011842246002923,196331.0,0.27941650281351393,0.6617931601395349,0.058790337046951115,0.500105365269169,574193.0,0.1854655172413793,0.75,0.29495049504950493,0.8653846153846154,1,1,1,0,1,0,0,0,0
390153,ZA4,Free State,ZA7,Gauteng,ZA418,Lejweleputswa,ZA797,Ekurhuleni,2020-10-17,2020-10-18,1,1,1,1228132.9215936798,417012.01065997645,97453,20201017,20201018,0.27941650281351393,0.6617931601395349,0.058790337046951115,0.500105365269169,574193.0,0.23296733680905687,0.7203157619169479,0.04671690127399521,0.5205474946472306,3739653.0,0.29495049504950493,0.8653846153846154,0.7435109289617486,0.9615384615384616,1,1,1,0,1,0,0,0,0
390154,ZA8,Mpumalanga,ZA5,KwaZulu-Natal,ZA831,Nkangala,ZA522,Umgungundlovu,2020-10-17,2020-10-17,1,1,1,1797874.6942266952,648984.9922671724,27926,20201017,20201017,0.27290691475673784,0.6711806877078121,0.055912397535449986,0.5109201270525474,1573837.0,0.2748377359932372,0.663873035280183,0.06128922872657978,0.48236181888519014,1046905.0,0.07867808219178082,0.6730769230769231,0.0061256544502617805,0.5769230769230769,1,1,1,0,1,0,0,0,0
390155,ZA7,Gauteng,ZA6,North West,ZA798,City of Johannesburg,ZA637,Bojanala,2020-10-17,2020-10-26,1,1,1,740076.1014868324,124244.3443401444,796211,20201017,20201026,0.2220629170143196,0.7299897648810346,0.047947318104645836,0.5097433964893054,5540727.0,0.25082919250139085,0.6903465537718604,0.05882425372674875,0.5380589003726469,1786678.0,0.8818060606060606,1.0,0.07430676328502415,0.6538461538461539,1,1,1,0,1,0,0,0,0
390156,ZA7,Gauteng,ZA6,North West,ZA748,West Rand,ZA640,Dr Kenneth Kaunda,2020-10-17,2020-10-23,1,1,1,293252.99185600976,126657.79184937631,473618,20201017,20201023,0.23154887232085752,0.7207832829912092,0.047667844687933295,0.5288128906961219,856804.0,0.27505895171327793,0.6602340041700301,0.06470704411669191,0.5065976875287468,754431.0,0.23715802469135805,0.8076923076923077,-0.10069384057971015,0.38461538461538464,1,1,1,0,1,0,0,0,0
390157,ZA8,Mpumalanga,ZA8,Mpumalanga,ZA831,Nkangala,ZA831,Nkangala,2020-10-17,2020-10-23,1,1,1,270008.46709117526,128382.47675026963,495610,20201017,20201023,0.27290691475673784,0.6711806877078121,0.055912397535449986,0.5109201270525474,1573837.0,0.27290691475673784,0.6711806877078121,0.055912397535449986,0.5109201270525474,1573837.0,0.07867808219178082,0.6730769230769231,0.07867808219178082,0.6730769230769231,1,1,1,0,1,0,0,0,0
390158,ZA2,Eastern Cape,,,ZA212,Amathole,,,2020-10-17,2020-10-17,1,1,1,2453.357444065785,560.8691074647222,1209,20201017,20201017,0.32816698449842097,0.5696178168124134,0.1022151986891656,0.47434426623917664,789726.0,,,,,,-0.3192883211678832,0.019230769230769232,,,1,1,1,0,1,0,0,0,0
390159,ZA8,Mpumalanga,ZA8,Mpumalanga,ZA830,Gert Sibande,ZA830,Gert Sibande,2020-10-17,2020-10-18,349,349,349,10952888.63691152,3329630.805871908,13236836,20201017,20201018,0.30688245639051287,0.6412288994160756,0.05188864419341153,0.49968312815881616,1136106.0,0.30688245639051287,0.6412288994160756,0.05188864419341153,0.49968312815881616,1136106.0,-0.11248741610738255,0.36538461538461536,-0.11248741610738255,0.36538461538461536,1,1,1,0,1,0,0,0,0
390160,ZA1,Western Cape,ZA1,Western Cape,ZA103,Overberg,ZA103,Overberg,2020-10-17,2020-10-17,2376,1176,868,226020059.52041003,22848479.728393614,10734932,20201017,20201017,0.22836513904770692,0.6721314716747349,0.09950338927755827,0.511077351980676,303457.0,0.22836513904770692,0.6721314716747349,0.09950338927755827,0.511077351980676,303457.0,0.051486772486772484,0.5961538461538461,0.051486772486772484,0.5961538461538461,1,1,1,0,1,0,0,0,0
390161,ZA7,Gauteng,ZA3,Nothern Cape,ZA797,Ekurhuleni,ZA307,Pixley ka Seme,2020-10-17,2020-10-17,1,1,1,2722200.621867988,1342462.7276526464,9843,20201017,20201017,0.23296733680905687,0.7203157619169479,0.04671690127399521,0.5205474946472306,3739653.0,0.3060749448635213,0.6232332132979509,0.0706918418385278,0.5011842246002923,196331.0,0.7435109289617486,0.9615384615384616,0.1854655172413793,0.75,1,1,1,0,1,0,0,0,0
390162,ZA7,Gauteng,ZA3,Nothern Cape,ZA748,West Rand,ZA307,Pixley ka Seme,2020-10-17,2020-10-17,1,1,1,963821.459137622,519830.6008446512,34595,20201017,20201017,0.23154887232085752,0.7207832829912092,0.047667844687933295,0.5288128906961219,856804.0,0.3060749448635213,0.6232332132979509,0.0706918418385278,0.5011842246002923,196331.0,0.23715802469135805,0.8076923076923077,0.1854655172413793,0.75,1,1,1,0,1,0,0,0,0
390163,ZA7,Gauteng,ZA5,KwaZulu-Natal,ZA797,Ekurhuleni,ZA524,Umzinyathi,2020-10-17,2020-10-17,2,2,2,3094071.6403542235,705285.2691437611,50541,20201017,20201017,0.23296733680905687,0.7203157619169479,0.04671690127399521,0.5205474946472306,3739653.0,0.3952311253914291,0.5454951881678106,0.05927368644076033,0.451447242842509,514461.0,0.7435109289617486,0.9615384615384616,-0.28225945945945946,0.07692307692307693,1,1,1,0,1,0,0,0,0
390164,ZA9,Limpopo,ZA7,Gauteng,ZA936,Waterberg,ZA799,City of Tshwane,2020-10-17,2020-10-18,13,13,13,3299536.8605816755,1548783.0320618344,603426,20201017,20201018,0.2870915348782833,0.6477210572390478,0.06518740788266879,0.5138960603357211,718513.0,0.22283079372412132,0.7204843127840075,0.056684893491871245,0.5057337597223363,3627986.0,0.00236898395721925,0.5576923076923077,0.48224212034383956,0.9038461538461539,1,1,1,0,1,0,0,0,0
390165,ZA1,Western Cape,ZA1,Western Cape,ZA104,Eden,ZA104,Eden,2020-10-17,2020-10-20,3,3,3,2241194.413098589,49562.82639093289,778533,20201017,20201020,0.24710205256745305,0.6628052101466374,0.09009273728590954,0.4993180863678119,673839.0,0.24710205256745305,0.6628052101466374,0.09009273728590954,0.4993180863678119,673839.0,0.0004522691705790296,0.5384615384615384,0.0004522691705790296,0.5384615384615384,1,1,1,0,1,0,0,0,0
390166,ZA1,Western Cape,ZA1,Western Cape,ZA104,Eden,ZA103,Overberg,2020-10-17,2020-10-17,21,21,21,13424306.829017868,4000357.166077868,312524,20201017,20201017,0.24710205256745305,0.6628052101466374,0.09009273728590954,0.4993180863678119,673839.0,0.22836513904770692,0.6721314716747349,0.09950338927755827,0.511077351980676,303457.0,0.0004522691705790296,0.5384615384615384,0.051486772486772484,0.5961538461538461,1,1,1,0,1,0,0,0,0
390167,ZA2,Eastern Cape,ZA2,Eastern Cape,ZA213,Chris Hani,ZA214,Joe Gqabi,2020-10-17,2020-10-17,16,16,16,5848633.2958742725,1457270.1231167295,166416,20201017,20201017,0.334940582305372,0.572656560540376,0.09240285715425203,0.478383232498069,752217.0,0.3340471849013029,0.5799636495391386,0.08598916555955849,0.47733103958194023,339473.0,-0.29251697892271666,0.057692307692307696,-0.1839776119402985,0.21153846153846154,1,1,1,0,1,0,0,0,0
390168,ZA9,Limpopo,ZA9,Limpopo,ZA947,Sekhukhune,ZA947,Sekhukhune,2020-10-17,2020-10-18,144,144,144,5927949.2634828985,1069601.6453127426,5234755,20201017,20201018,0.3536917516859454,0.5707075150199985,0.07560073329405607,0.46486328935523974,1125333.0,0.3536917516859454,0.5707075150199985,0.07560073329405607,0.46486328935523974,1125333.0,-0.06015677966101695,0.4423076923076923,-0.06015677966101695,0.4423076923076923,1,1,1,0,1,0,0,0,0
390169,ZA4,Free State,ZA5,KwaZulu-Natal,ZA420,Fezile Dabi,ZA521,Ugu,2020-10-17,2020-10-17,1,1,1,1392473.6421922068,591610.0002766254,31280,20201017,20201017,0.2705098118551487,0.6604572122193,0.06903297592555128,0.5050070807202104,494300.0,0.32122674606698143,0.6016982741355622,0.07707497979745637,0.47391596021954596,714019.0,0.2276555023923445,0.7884615384615384,-0.09480895915678524,0.40384615384615385,1,1,1,0,1,0,0,0,0
390170,ZA7,Gauteng,ZA7,Gauteng,ZA799,City of Tshwane,ZA799,City of Tshwane,2020-10-17,2020-10-29,1,1,1,44108.412786535446,10643.162045272758,1067987,20201017,20201029,0.22283079372412132,0.7204843127840075,0.056684893491871245,0.5057337597223363,3627986.0,0.22283079372412132,0.7204843127840075,0.056684893491871245,0.5057337597223363,3627986.0,0.48224212034383956,0.9038461538461539,0.48224212034383956,0.9038461538461539,1,1,1,0,1,0,0,0,0
390171,ZA7,Gauteng,ZA7,Gauteng,ZA797,Ekurhuleni,ZA797,Ekurhuleni,2020-10-17,2020-10-18,2271,2271,2271,37892654.88152457,13055099.398422385,79573587,20201017,20201018,0.23296733680905687,0.7203157619169479,0.04671690127399521,0.5205474946472306,3739653.0,0.23296733680905687,0.7203157619169479,0.04671690127399521,0.5205474946472306,3739653.0,0.7435109289617486,0.9615384615384616,0.7435109289617486,0.9615384615384616,1,1,1,0,1,0,0,0,0
390172,ZA7,Gauteng,ZA8,Mpumalanga,ZA799,City of Tshwane,ZA832,Ehlanzeni,2020-10-17,2020-10-17,23,23,23,16863081.76617422,7276474.851139639,583133,20201017,20201017,0.22283079372412132,0.7204843127840075,0.056684893491871245,0.5057337597223363,3627986.0,0.32438893780700045,0.6235217992770762,0.05208926291592337,0.47979089412028486,1837538.0,0.48224212034383956,0.9038461538461539,0.1315940928270042,0.7307692307692307,1,1,1,0,1,0,0,0,0
390173,ZA4,Free State,ZA1,Western Cape,ZA416,Xhariep,ZA191,City of Cape Town,2020-10-17,2020-10-17,1,1,1,833514.7428655426,833514.7428655426,31016,20201017,20201017,0.29515218562959183,0.6325513667867511,0.07229644758365718,0.5005153225730198,105759.0,0.23849582985172932,0.697186217784503,0.06431795236376775,0.4976008771049945,4436413.0,0.18671264367816093,0.7692307692307693,0.7687640750670242,0.9807692307692307,1,1,1,0,1,0,0,0,0
390174,ZA7,Gauteng,ZA7,Gauteng,ZA798,City of Johannesburg,ZA798,City of Johannesburg,2020-10-17,2020-10-17,44978,23628,16616,1485337618.470095,333427251.0207918,232795867,20201017,20201017,0.2220629170143196,0.7299897648810346,0.047947318104645836,0.5097433964893054,5540727.0,0.2220629170143196,0.7299897648810346,0.047947318104645836,0.5097433964893054,5540727.0,0.8818060606060606,1.0,0.8818060606060606,1.0,1,1,1,0,1,0,0,0,0
390175,ZA4,Free State,ZA4,Free State,ZA494,Mangaung,ZA418,Lejweleputswa,2020-10-17,2020-10-17,56,56,56,16298686.034810193,6741927.436233737,706331,20201017,20201017,0.26262942751272955,0.6754982029249197,0.06187236956235082,0.4901411892511804,826621.0,0.27941650281351393,0.6617931601395349,0.058790337046951115,0.500105365269169,574193.0,0.27329104477611943,0.8269230769230769,0.29495049504950493,0.8653846153846154,1,1,1,0,1,0,0,0,0
390176,ZA5,KwaZulu-Natal,ZA7,Gauteng,ZA528,Uthungulu,ZA799,City of Tshwane,2020-10-17,2020-10-17,1,1,1,713397.9376793235,713397.9376793235,26903,20201017,20201017,0.3398562749304085,0.6096443299200878,0.05049939514950375,0.4759701217345943,889476.0,0.22283079372412132,0.7204843127840075,0.056684893491871245,0.5057337597223363,3627986.0,-0.2202014106583072,0.15384615384615385,0.48224212034383956,0.9038461538461539,1,1,1,0,1,0,0,0,0
390177,ZA1,Western Cape,ZA1,Western Cape,ZA191,City of Cape Town,ZA103,Overberg,2020-10-17,2020-10-18,14,14,14,2368392.2008013483,901026.2435446742,371274,20201017,20201018,0.23849582985172932,0.697186217784503,0.06431795236376775,0.4976008771049945,4436413.0,0.22836513904770692,0.6721314716747349,0.09950338927755827,0.511077351980676,303457.0,0.7687640750670242,0.9807692307692307,0.051486772486772484,0.5961538461538461,1,1,1,0,1,0,0,0,0
390178,ZA5,KwaZulu-Natal,ZA5,KwaZulu-Natal,ZA522,Umgungundlovu,ZA524,Umzinyathi,2020-10-17,2020-10-17,9,9,9,1345662.7330417072,631221.0714518826,75430,20201017,20201017,0.2748377359932372,0.663873035280183,0.06128922872657978,0.48236181888519014,1046905.0,0.3952311253914291,0.5454951881678106,0.05927368644076033,0.451447242842509,514461.0,0.0061256544502617805,0.5769230769230769,-0.28225945945945946,0.07692307692307693,1,1,1,0,1,0,0,0,0
390179,ZA6,North West,ZA7,Gauteng,ZA637,Bojanala,ZA748,West Rand,2020-10-17,2020-10-18,17,17,17,2037182.9604368077,978609.2387122796,340114,20201017,20201018,0.25082919250139085,0.6903465537718604,0.05882425372674875,0.5380589003726469,1786678.0,0.23154887232085752,0.7207832829912092,0.047667844687933295,0.5288128906961219,856804.0,0.07430676328502415,0.6538461538461539,0.23715802469135805,0.8076923076923077,1,1,1,0,1,0,0,0,0
390180,ZA2,Eastern Cape,ZA2,Eastern Cape,ZA215,O.R.Tambo,ZA215,O.R.Tambo,2020-10-17,2020-10-17,702,321,258,31069931.01304065,5260863.344297561,6159322,20201017,20201017,0.38804558548824664,0.5482866433400703,0.06366777117168307,0.4623163104135049,1358678.0,0.38804558548824664,0.5482866433400703,0.06366777117168307,0.4623163104135049,1358678.0,-0.23807536101083035,0.1346153846153846,-0.23807536101083035,0.1346153846153846,1,1,1,0,1,0,0,0,0
390181,ZA7,Gauteng,ZA7,Gauteng,ZA797,Ekurhuleni,ZA798,City of Johannesburg,2020-10-17,2020-10-17,3386,3266,3064,204119041.2053231,72013637.29128486,23810978,20201017,20201017,0.23296733680905687,0.7203157619169479,0.04671690127399521,0.5205474946472306,3739653.0,0.2220629170143196,0.7299897648810346,0.047947318104645836,0.5097433964893054,5540727.0,0.7435109289617486,0.9615384615384616,0.8818060606060606,1.0,1,1,1,0,1,0,0,0,0
390182,ZA5,KwaZulu-Natal,ZA4,Free State,ZA595,eThekwini,ZA418,Lejweleputswa,2020-10-17,2020-10-17,1,1,1,1271285.4861742917,611364.4936326126,28475,20201017,20201017,0.2446364969883556,0.6990922562931536,0.05627124671849075,0.494610924976595,3587907.0,0.27941650281351393,0.6617931601395349,0.058790337046951115,0.500105365269169,574193.0,0.5666580406654343,0.9230769230769231,0.29495049504950493,0.8653846153846154,1,1,1,0,1,0,0,0,0
390183,ZA9,Limpopo,ZA6,North West,ZA936,Waterberg,ZA640,Dr Kenneth Kaunda,2020-10-17,2020-10-17,3,3,3,1565562.1046852765,979108.5698198472,68532,20201017,20201017,0.2870915348782833,0.6477210572390478,0.06518740788266879,0.5138960603357211,718513.0,0.27505895171327793,0.6602340041700301,0.06470704411669191,0.5065976875287468,754431.0,0.00236898395721925,0.5576923076923077,-0.10069384057971015,0.38461538461538464,1,1,1,0,1,0,0,0,0
390184,ZA2,Eastern Cape,ZA2,Eastern Cape,ZA210,Cacadu,ZA210,Cacadu,2020-10-17,2020-10-18,231,231,231,11239287.696134062,2728708.801769265,8349607,20201017,20201018,0.2618455236218228,0.6571170870354837,0.08103738934269357,0.4975242081945451,491156.0,0.2618455236218228,0.6571170870354837,0.08103738934269357,0.4975242081945451,491156.0,-0.01848062015503876,0.5,-0.01848062015503876,0.5,1,1,1,0,1,0,0,0,0
390185,ZA4,Free State,ZA7,Gauteng,ZA420,Fezile Dabi,ZA798,City of Johannesburg,2020-10-17,2020-10-17,46,46,46,10042530.625847757,4784185.25904524,555862,20201017,20201017,0.2705098118551487,0.6604572122193,0.06903297592555128,0.5050070807202104,494300.0,0.2220629170143196,0.7299897648810346,0.047947318104645836,0.5097433964893054,5540727.0,0.2276555023923445,0.7884615384615384,0.8818060606060606,1.0,1,1,1,0,1,0,0,0,0
390186,ZA5,KwaZulu-Natal,ZA5,KwaZulu-Natal,ZA521,Ugu,ZA543,Sisonke,2020-10-17,2020-10-23,2,2,2,426366.8163650961,190892.1961695724,987162,20201017,20201023,0.32122674606698143,0.6016982741355622,0.07707497979745637,0.47391596021954596,714019.0,0.37293146983899067,0.5707096800166399,0.05635885014436937,0.4671305273563743,447117.0,-0.09480895915678524,0.40384615384615385,-0.2112274881516588,0.17307692307692307,1,1,1,0,1,0,0,0,0
390187,ZA7,Gauteng,ZA6,North West,ZA748,West Rand,ZA637,Bojanala,2020-10-17,2020-10-21,1,1,1,205313.5688410115,87250.22527186715,355062,20201017,20201021,0.23154887232085752,0.7207832829912092,0.047667844687933295,0.5288128906961219,856804.0,0.25082919250139085,0.6903465537718604,0.05882425372674875,0.5380589003726469,1786678.0,0.23715802469135805,0.8076923076923077,0.07430676328502415,0.6538461538461539,1,1,1,0,1,0,0,0,0
390188,ZA1,Western Cape,ZA1,Western Cape,ZA103,Overberg,ZA191,City of Cape Town,2020-10-17,2020-10-17,194,193,189,40510397.55927008,14608611.01913052,1957612,20201017,20201017,0.22836513904770692,0.6721314716747349,0.09950338927755827,0.511077351980676,303457.0,0.23849582985172932,0.697186217784503,0.06431795236376775,0.4976008771049945,4436413.0,0.051486772486772484,0.5961538461538461,0.7687640750670242,0.9807692307692307,1,1,1,0,1,0,0,0,0
390189,ZA4,Free State,ZA7,Gauteng,ZA420,Fezile Dabi,ZA797,Ekurhuleni,2020-10-17,2020-10-17,37,37,36,8330720.554467244,4030808.2032925,538921,20201017,20201017,0.2705098118551487,0.6604572122193,0.06903297592555128,0.5050070807202104,494300.0,0.23296733680905687,0.7203157619169479,0.04671690127399521,0.5205474946472306,3739653.0,0.2276555023923445,0.7884615384615384,0.7435109289617486,0.9615384615384616,1,1,1,0,1,0,0,0,0
390190,ZA7,Gauteng,ZA7,Gauteng,ZA798,City of Johannesburg,ZA742,Sedibeng,2020-10-17,2020-10-17,383,381,377,50407275.90501165,21120850.27647938,4457640,20201017,20201017,0.2220629170143196,0.7299897648810346,0.047947318104645836,0.5097433964893054,5540727.0,0.24393339879416723,0.6953819961266214,0.06068460507921129,0.5059130831550246,994997.0,0.8818060606060606,1.0,0.2808379746835443,0.8461538461538461,1,1,1,0,1,0,0,0,0
390191,ZA2,Eastern Cape,ZA2,Eastern Cape,ZA213,Chris Hani,ZA292,Buffalo City,2020-10-17,2020-10-17,12,12,12,3849708.307918441,1843732.8807281128,214104,20201017,20201017,0.334940582305372,0.572656560540376,0.09240285715425203,0.478383232498069,752217.0,0.254980022080858,0.6758306608485358,0.06918931707060617,0.48177934914042375,760840.0,-0.29251697892271666,0.057692307692307696,0.09585175879396986,0.6923076923076923,1,1,1,0,1,0,0,0,0
390192,ZA8,Mpumalanga,ZA7,Gauteng,ZA832,Ehlanzeni,ZA798,City of Johannesburg,2020-10-17,2020-10-17,11,11,11,7970017.171000997,4048602.9229392456,318759,20201017,20201017,0.32438893780700045,0.6235217992770762,0.05208926291592337,0.47979089412028486,1837538.0,0.2220629170143196,0.7299897648810346,0.047947318104645836,0.5097433964893054,5540727.0,0.1315940928270042,0.7307692307692307,0.8818060606060606,1.0,1,1,1,0,1,0,0,0,0
390193,ZA9,Limpopo,ZA9,Limpopo,ZA935,Capricorn,ZA936,Waterberg,2020-10-17,2020-10-17,57,57,55,10804779.854171362,4226634.985225832,511371,20201017,20201017,0.3265897738288558,0.6007690312860821,0.07264119488506209,0.472231826966417,1295656.0,0.2870915348782833,0.6477210572390478,0.06518740788266879,0.5138960603357211,718513.0,0.07397387387387387,0.6346153846153846,0.00236898395721925,0.5576923076923077,1,1,1,0,1,0,0,0,0
390194,ZA7,Gauteng,ZA7,Gauteng,ZA799,City of Tshwane,ZA798,City of Johannesburg,2020-10-17,2020-10-18,195,195,195,21280727.061064582,8778875.875336798,5157704,20201017,20201018,0.22283079372412132,0.7204843127840075,0.056684893491871245,0.5057337597223363,3627986.0,0.2220629170143196,0.7299897648810346,0.047947318104645836,0.5097433964893054,5540727.0,0.48224212034383956,0.9038461538461539,0.8818060606060606,1.0,1,1,1,0,1,0,0,0,0
390195,ZA7,Gauteng,ZA4,Free State,ZA797,Ekurhuleni,ZA419,Thabo Mofutsanyane,2020-10-17,2020-10-17,7,7,7,4263779.1208087,1799759.9947310465,101360,20201017,20201017,0.23296733680905687,0.7203157619169479,0.04671690127399521,0.5205474946472306,3739653.0,0.31143326559338835,0.6251823622683981,0.06338437213821363,0.47028720831466336,662829.0,0.7435109289617486,0.9615384615384616,0.10770218579234972,0.7115384615384616,1,1,1,0,1,0,0,0,0
390196,ZA1,Western Cape,ZA1,Western Cape,ZA191,City of Cape Town,ZA102,Cape Winelands,2020-10-17,2020-10-18,104,104,104,16353019.92982735,4150092.18637718,2425106,20201017,20201018,0.23849582985172932,0.697186217784503,0.06431795236376775,0.4976008771049945,4436413.0,0.24989252608235304,0.6902123420738123,0.059895131843834624,0.5011121214086944,909523.0,0.7687640750670242,0.9807692307692307,-0.012388831437435367,0.5192307692307693,1,1,1,0,1,0,0,0,0
390197,ZA4,Free State,ZA7,Gauteng,ZA419,Thabo Mofutsanyane,ZA798,City of Johannesburg,2020-10-17,2020-10-17,17,17,17,19776640.986088097,4787851.627452924,285953,20201017,20201017,0.31143326559338835,0.6251823622683981,0.06338437213821363,0.47028720831466336,662829.0,0.2220629170143196,0.7299897648810346,0.047947318104645836,0.5097433964893054,5540727.0,0.10770218579234972,0.7115384615384616,0.8818060606060606,1.0,1,1,1,0,1,0,0,0,0
390198,ZA7,Gauteng,ZA6,North West,ZA798,City of Johannesburg,ZA640,Dr Kenneth Kaunda,2020-10-17,2020-10-17,26,26,26,8330417.326668347,3979267.4630365847,394730,20201017,20201017,0.2220629170143196,0.7299897648810346,0.047947318104645836,0.5097433964893054,5540727.0,0.27505895171327793,0.6602340041700301,0.06470704411669191,0.5065976875287468,754431.0,0.8818060606060606,1.0,-0.10069384057971015,0.38461538461538464,1,1,1,0,1,0,0,0,0
390199,ZA3,Nothern Cape,ZA2,Eastern Cape,ZA307,Pixley ka Seme,ZA210,Cacadu,2020-10-17,2020-10-17,2,2,2,2088926.574529194,797966.3770952577,47036,20201017,20201017,0.3060749448635213,0.6232332132979509,0.0706918418385278,0.5011842246002923,196331.0,0.2618455236218228,0.6571170870354837,0.08103738934269357,0.4975242081945451,491156.0,0.1854655172413793,0.75,-0.01848062015503876,0.5,1,1,1,0,1,0,0,0,0
390200,ZA5,KwaZulu-Natal,ZA7,Gauteng,ZA521,Ugu,ZA742,Sedibeng,2020-10-17,2020-10-17,4,4,4,4857853.438849704,2375901.0401196806,133929,20201017,20201017,0.32122674606698143,0.6016982741355622,0.07707497979745637,0.47391596021954596,714019.0,0.24393339879416723,0.6953819961266214,0.06068460507921129,0.5059130831550246,994997.0,-0.09480895915678524,0.40384615384615385,0.2808379746835443,0.8461538461538461,1,1,1,0,1,0,0,0,0
390201,ZA4,Free State,ZA2,Eastern Cape,ZA494,Mangaung,ZA293,Nelson Mandela Bay,2020-10-17,2020-10-25,1,1,1,1127554.8194066684,545863.8832050128,763355,20201017,20201025,0.26262942751272955,0.6754982029249197,0.06187236956235082,0.4901411892511804,826621.0,0.2465186661259611,0.6842154879637478,0.0692658459102911,0.4877654529777138,1230491.0,0.27329104477611943,0.8269230769230769,0.5740514018691588,0.9423076923076923,1,1,1,0,1,0,0,0,0
390202,ZA6,North West,ZA4,Free State,ZA640,Dr Kenneth Kaunda,ZA420,Fezile Dabi,2020-10-17,2020-10-17,96,94,93,13261560.763780948,3999800.501244545,751767,20201017,20201017,0.27505895171327793,0.6602340041700301,0.06470704411669191,0.5065976875287468,754431.0,0.2705098118551487,0.6604572122193,0.06903297592555128,0.5050070807202104,494300.0,-0.10069384057971015,0.38461538461538464,0.2276555023923445,0.7884615384615384,1,1,1,0,1,0,0,0,0
390203,ZA1,Western Cape,ZA1,Western Cape,ZA102,Cape Winelands,ZA102,Cape Winelands,2020-10-17,2020-10-18,407,407,407,18388356.711644422,3583123.4132974474,13825283,20201017,20201018,0.24989252608235304,0.6902123420738123,0.059895131843834624,0.5011121214086944,909523.0,0.24989252608235304,0.6902123420738123,0.059895131843834624,0.5011121214086944,909523.0,-0.012388831437435367,0.5192307692307693,-0.012388831437435367,0.5192307692307693,1,1,1,0,1,0,0,0,0
390204,ZA5,KwaZulu-Natal,ZA5,KwaZulu-Natal,ZA522,Umgungundlovu,ZA522,Umgungundlovu,2020-10-17,2020-10-19,1,1,1,509074.7452879103,21102.02939244169,131874,20201017,20201019,0.2748377359932372,0.663873035280183,0.06128922872657978,0.48236181888519014,1046905.0,0.2748377359932372,0.663873035280183,0.06128922872657978,0.48236181888519014,1046905.0,0.0061256544502617805,0.5769230769230769,0.0061256544502617805,0.5769230769230769,1,1,1,0,1,0,0,0,0
390205,ZA5,KwaZulu-Natal,ZA5,KwaZulu-Natal,ZA595,eThekwini,ZA595,eThekwini,2020-10-17,2020-10-17,22614,11201,7636,968386748.8649366,200440719.73447296,126536963,20201017,20201017,0.2446364969883556,0.6990922562931536,0.05627124671849075,0.494610924976595,3587907.0,0.2446364969883556,0.6990922562931536,0.05627124671849075,0.494610924976595,3587907.0,0.5666580406654343,0.9230769230769231,0.5666580406654343,0.9230769230769231,1,1,1,0,1,0,0,0,0
390206,ZA5,KwaZulu-Natal,ZA5,KwaZulu-Natal,ZA595,eThekwini,ZA522,Umgungundlovu,2020-10-17,2020-10-18,51,51,51,8158059.348088991,3078196.501864041,1473261,20201017,20201018,0.2446364969883556,0.6990922562931536,0.05627124671849075,0.494610924976595,3587907.0,0.2748377359932372,0.663873035280183,0.06128922872657978,0.48236181888519014,1046905.0,0.5666580406654343,0.9230769230769231,0.0061256544502617805,0.5769230769230769,1,1,1,0,1,0,0,0,0
390207,ZA7,Gauteng,ZA7,Gauteng,ZA742,Sedibeng,ZA748,West Rand,2020-10-17,2020-10-17,36,36,36,5420643.749711929,2341946.668186644,344294,20201017,20201017,0.24393339879416723,0.6953819961266214,0.06068460507921129,0.5059130831550246,994997.0,0.23154887232085752,0.7207832829912092,0.047667844687933295,0.5288128906961219,856804.0,0.2808379746835443,0.8461538461538461,0.23715802469135805,0.8076923076923077,1,1,1,0,1,0,0,0,0
390208,ZA8,Mpumalanga,ZA7,Gauteng,ZA830,Gert Sibande,ZA797,Ekurhuleni,2020-10-17,2020-10-17,37,37,37,8668156.559706172,3572551.341064169,488236,20201017,20201017,0.30688245639051287,0.6412288994160756,0.05188864419341153,0.49968312815881616,1136106.0,0.23296733680905687,0.7203157619169479,0.04671690127399521,0.5205474946472306,3739653.0,-0.11248741610738255,0.36538461538461536,0.7435109289617486,0.9615384615384616,1,1,1,0,1,0,0,0,0
390209,ZA9,Limpopo,ZA9,Limpopo,ZA933,Mopani,ZA934,Vhembe,2020-10-17,2020-10-17,19,18,18,3887911.311569893,1227519.484858571,204244,20201017,20201017,0.3329418650827259,0.6026296126910996,0.06442852222617454,0.46142626187343905,1062666.0,0.3433867460978093,0.5887604530714541,0.06785280083073665,0.4597374214109392,1325089.0,-0.037928345626975765,0.4807692307692308,-0.0767829596412556,0.4230769230769231,1,1,1,0,1,0,0,0,0
390210,ZA4,Free State,ZA7,Gauteng,ZA418,Lejweleputswa,ZA742,Sedibeng,2020-10-17,2020-10-17,2,2,2,760636.1588585641,387804.0109202069,26566,20201017,20201017,0.27941650281351393,0.6617931601395349,0.058790337046951115,0.500105365269169,574193.0,0.24393339879416723,0.6953819961266214,0.06068460507921129,0.5059130831550246,994997.0,0.29495049504950493,0.8653846153846154,0.2808379746835443,0.8461538461538461,1,1,1,0,1,0,0,0,0
390211,ZA1,Western Cape,ZA1,Western Cape,ZA102,Cape Winelands,ZA191,City of Cape Town,2020-10-17,2020-10-18,162,162,162,19920154.271740057,7314297.527648357,3873356,20201017,20201018,0.24989252608235304,0.6902123420738123,0.059895131843834624,0.5011121214086944,909523.0,0.23849582985172932,0.697186217784503,0.06431795236376775,0.4976008771049945,4436413.0,-0.012388831437435367,0.5192307692307693,0.7687640750670242,0.9807692307692307,1,1,1,0,1,0,0,0,0
390212,ZA2,Eastern Cape,ZA5,KwaZulu-Natal,ZA292,Buffalo City,ZA595,eThekwini,2020-10-17,2020-10-18,1,1,1,1043513.6632226576,582722.6204163374,62362,20201017,20201018,0.254980022080858,0.6758306608485358,0.06918931707060617,0.48177934914042375,760840.0,0.2446364969883556,0.6990922562931536,0.05627124671849075,0.494610924976595,3587907.0,0.09585175879396986,0.6923076923076923,0.5666580406654343,0.9230769230769231,1,1,1,0,1,0,0,0,0
390213,ZA9,Limpopo,ZA6,North West,ZA936,Waterberg,ZA638,Ngaka Modiri Molema,2020-10-17,2020-10-17,4,4,4,1085750.8332943995,453274.1558013341,53371,20201017,20201017,0.2870915348782833,0.6477210572390478,0.06518740788266879,0.5138960603357211,718513.0,0.3236353449196357,0.6078801705223251,0.06848448455803925,0.4964769205863341,870971.0,0.00236898395721925,0.5576923076923077,-0.18344824707846413,0.23076923076923078,1,1,1,0,1,0,0,0,0
390214,ZA4,Free State,ZA7,Gauteng,ZA420,Fezile Dabi,ZA742,Sedibeng,2020-10-17,2020-10-18,32,32,32,2558063.382210734,1184975.4546660671,1069252,20201017,20201018,0.2705098118551487,0.6604572122193,0.06903297592555128,0.5050070807202104,494300.0,0.24393339879416723,0.6953819961266214,0.06068460507921129,0.5059130831550246,994997.0,0.2276555023923445,0.7884615384615384,0.2808379746835443,0.8461538461538461,1,1,1,0,1,0,0,0,0
390215,ZA2,Eastern Cape,ZA2,Eastern Cape,ZA210,Cacadu,ZA293,Nelson Mandela Bay,2020-10-17,2020-10-29,1,1,1,131686.21844435862,131686.21844435862,1049318,20201017,20201029,0.2618455236218228,0.6571170870354837,0.08103738934269357,0.4975242081945451,491156.0,0.2465186661259611,0.6842154879637478,0.0692658459102911,0.4877654529777138,1230491.0,-0.01848062015503876,0.5,0.5740514018691588,0.9423076923076923,1,1,1,0,1,0,0,0,0
390216,ZA9,Limpopo,ZA9,Limpopo,ZA933,Mopani,ZA933,Mopani,2020-10-17,2020-10-17,2100,1028,741,151162753.87498605,26185916.062886395,13054556,20201017,20201017,0.3329418650827259,0.6026296126910996,0.06442852222617454,0.46142626187343905,1062666.0,0.3329418650827259,0.6026296126910996,0.06442852222617454,0.46142626187343905,1062666.0,-0.037928345626975765,0.4807692307692308,-0.037928345626975765,0.4807692307692308,1,1,1,0,1,0,0,0,0
390217,ZA7,Gauteng,ZA6,North West,ZA742,Sedibeng,ZA640,Dr Kenneth Kaunda,2020-10-17,2020-10-17,43,42,42,7796340.946669402,3880865.643243892,546667,20201017,20201017,0.24393339879416723,0.6953819961266214,0.06068460507921129,0.5059130831550246,994997.0,0.27505895171327793,0.6602340041700301,0.06470704411669191,0.5065976875287468,754431.0,0.2808379746835443,0.8461538461538461,-0.10069384057971015,0.38461538461538464,1,1,1,0,1,0,0,0,0
390218,ZA7,Gauteng,ZA7,Gauteng,ZA742,Sedibeng,ZA797,Ekurhuleni,2020-10-17,2020-10-17,442,440,424,49164605.0111479,19532590.18175989,3788405,20201017,20201017,0.24393339879416723,0.6953819961266214,0.06068460507921129,0.5059130831550246,994997.0,0.23296733680905687,0.7203157619169479,0.04671690127399521,0.5205474946472306,3739653.0,0.2808379746835443,0.8461538461538461,0.7435109289617486,0.9615384615384616,1,1,1,0,1,0,0,0,0
390219,ZA7,Gauteng,ZA9,Limpopo,ZA799,City of Tshwane,ZA936,Waterberg,2020-10-17,2020-10-17,118,116,116,38478909.46062248,14394682.594960157,1352616,20201017,20201017,0.22283079372412132,0.7204843127840075,0.056684893491871245,0.5057337597223363,3627986.0,0.2870915348782833,0.6477210572390478,0.06518740788266879,0.5138960603357211,718513.0,0.48224212034383956,0.9038461538461539,0.00236898395721925,0.5576923076923077,1,1,1,0,1,0,0,0,0
390220,ZA6,North West,ZA6,North West,ZA639,Dr Ruth Segomotsi Mompati,ZA639,Dr Ruth Segomotsi Mompati,2020-10-17,2020-10-17,730,394,238,28856822.805186093,6602146.718529416,3796364,20201017,20201017,0.3412335579082451,0.5850872971649528,0.07367914492680208,0.4911837461796937,473784.0,0.3412335579082451,0.5850872971649528,0.07367914492680208,0.4911837461796937,473784.0,-0.16626678765880218,0.2692307692307692,-0.16626678765880218,0.2692307692307692,1,1,1,0,1,0,0,0,0
390221,ZA5,KwaZulu-Natal,ZA5,KwaZulu-Natal,ZA521,Ugu,ZA529,iLembe,2020-10-17,2020-10-17,5,5,5,2044904.3145023105,732398.471456099,67257,20201017,20201017,0.32122674606698143,0.6016982741355622,0.07707497979745637,0.47391596021954596,714019.0,0.32390440311621094,0.6202867780885334,0.05580881879525565,0.4827645772056803,636799.0,-0.09480895915678524,0.40384615384615385,-0.14951617873651774,0.28846153846153844,1,1,1,0,1,0,0,0,0
390222,ZA2,Eastern Cape,ZA2,Eastern Cape,ZA292,Buffalo City,ZA214,Joe Gqabi,2020-10-17,2020-10-17,3,3,3,3768981.69556985,822723.4172910387,68205,20201017,20201017,0.254980022080858,0.6758306608485358,0.06918931707060617,0.48177934914042375,760840.0,0.3340471849013029,0.5799636495391386,0.08598916555955849,0.47733103958194023,339473.0,0.09585175879396986,0.6923076923076923,-0.1839776119402985,0.21153846153846154,1,1,1,0,1,0,0,0,0
390223,ZA5,KwaZulu-Natal,ZA7,Gauteng,ZA595,eThekwini,ZA799,City of Tshwane,2020-10-17,2020-10-17,10,10,10,10765062.51512257,5852510.693551944,307550,20201017,20201017,0.2446364969883556,0.6990922562931536,0.05627124671849075,0.494610924976595,3587907.0,0.22283079372412132,0.7204843127840075,0.056684893491871245,0.5057337597223363,3627986.0,0.5666580406654343,0.9230769230769231,0.48224212034383956,0.9038461538461539,1,1,1,0,1,0,0,0,0
390224,ZA5,KwaZulu-Natal,ZA5,KwaZulu-Natal,ZA527,Umkhanyakude,ZA527,Umkhanyakude,2020-10-17,2020-10-18,47,47,47,9699337.820732713,492056.566711992,2050215,20201017,20201018,0.40017378652548197,0.5489306999026919,0.05089551357182606,0.4622270789873748,643318.0,0.40017378652548197,0.5489306999026919,0.05089551357182606,0.4622270789873748,643318.0,-0.31784377542717657,0.038461538461538464,-0.31784377542717657,0.038461538461538464,1,1,1,0,1,0,0,0,0
390225,ZA7,Gauteng,ZA7,Gauteng,ZA799,City of Tshwane,ZA797,Ekurhuleni,2020-10-17,2020-10-17,1174,1166,1117,144142150.93843135,48589158.45637125,9643842,20201017,20201017,0.22283079372412132,0.7204843127840075,0.056684893491871245,0.5057337597223363,3627986.0,0.23296733680905687,0.7203157619169479,0.04671690127399521,0.5205474946472306,3739653.0,0.48224212034383956,0.9038461538461539,0.7435109289617486,0.9615384615384616,1,1,1,0,1,0,0,0,0
390226,ZA7,Gauteng,ZA6,North West,ZA797,Ekurhuleni,ZA640,Dr Kenneth Kaunda,2020-10-17,2020-10-17,19,19,19,9364377.592963438,3372566.2056208104,288478,20201017,20201017,0.23296733680905687,0.7203157619169479,0.04671690127399521,0.5205474946472306,3739653.0,0.27505895171327793,0.6602340041700301,0.06470704411669191,0.5065976875287468,754431.0,0.7435109289617486,0.9615384615384616,-0.10069384057971015,0.38461538461538464,1,1,1,0,1,0,0,0,0
390227,ZA4,Free State,ZA4,Free State,ZA416,Xhariep,ZA416,Xhariep,2020-10-17,2020-10-18,28,28,28,882914.0629130892,295025.19898362004,1050376,20201017,20201018,0.29515218562959183,0.6325513667867511,0.07229644758365718,0.5005153225730198,105759.0,0.29515218562959183,0.6325513667867511,0.07229644758365718,0.5005153225730198,105759.0,0.18671264367816093,0.7692307692307693,0.18671264367816093,0.7692307692307693,1,1,1,0,1,0,0,0,0
390228,ZA9,Limpopo,ZA9,Limpopo,ZA935,Capricorn,ZA935,Capricorn,2020-10-17,2020-10-18,420,420,420,14235289.866216214,4382895.072082002,15602641,20201017,20201018,0.3265897738288558,0.6007690312860821,0.07264119488506209,0.472231826966417,1295656.0,0.3265897738288558,0.6007690312860821,0.07264119488506209,0.472231826966417,1295656.0,0.07397387387387387,0.6346153846153846,0.07397387387387387,0.6346153846153846,1,1,1,0,1,0,0,0,0
390229,ZA7,Gauteng,ZA7,Gauteng,ZA742,Sedibeng,ZA798,City of Johannesburg,2020-10-17,2020-10-17,333,328,314,37621777.18777202,15844566.572929077,3154576,20201017,20201017,0.24393339879416723,0.6953819961266214,0.06068460507921129,0.5059130831550246,994997.0,0.2220629170143196,0.7299897648810346,0.047947318104645836,0.5097433964893054,5540727.0,0.2808379746835443,0.8461538461538461,0.8818060606060606,1.0,1,1,1,0,1,0,0,0,0
390230,ZA7,Gauteng,ZA4,Free State,ZA798,City of Johannesburg,ZA494,Mangaung,2020-10-17,2020-10-18,2,2,2,3459226.320351558,787037.3704442133,119256,20201017,20201018,0.2220629170143196,0.7299897648810346,0.047947318104645836,0.5097433964893054,5540727.0,0.26262942751272955,0.6754982029249197,0.06187236956235082,0.4901411892511804,826621.0,0.8818060606060606,1.0,0.27329104477611943,0.8269230769230769,1,1,1,0,1,0,0,0,0
390231,ZA5,KwaZulu-Natal,ZA5,KwaZulu-Natal,ZA525,Amajuba,ZA525,Amajuba,2020-10-17,2020-10-17,994,499,349,33696541.229675174,5730260.43304963,6715115,20201017,20201017,0.3311353387795859,0.6144200377537888,0.05444462346662529,0.48045773982507545,502731.0,0.3311353387795859,0.6144200377537888,0.05444462346662529,0.48045773982507545,502731.0,-0.16864155251141552,0.25,-0.16864155251141552,0.25,1,1,1,0,1,0,0,0,0
390232,ZA1,Western Cape,ZA1,Western Cape,ZA191,City of Cape Town,ZA103,Overberg,2020-10-17,2020-10-17,332,328,326,62171570.26758307,26200762.13907637,4381548,20201017,20201017,0.23849582985172932,0.697186217784503,0.06431795236376775,0.4976008771049945,4436413.0,0.22836513904770692,0.6721314716747349,0.09950338927755827,0.511077351980676,303457.0,0.7687640750670242,0.9807692307692307,0.051486772486772484,0.5961538461538461,1,1,1,0,1,0,0,0,0
390233,ZA8,Mpumalanga,ZA7,Gauteng,ZA831,Nkangala,ZA797,Ekurhuleni,2020-10-17,2020-10-18,14,14,14,1510298.4686077544,689026.4875374364,534659,20201017,20201018,0.27290691475673784,0.6711806877078121,0.055912397535449986,0.5109201270525474,1573837.0,0.23296733680905687,0.7203157619169479,0.04671690127399521,0.5205474946472306,3739653.0,0.07867808219178082,0.6730769230769231,0.7435109289617486,0.9615384615384616,1,1,1,0,1,0,0,0,0
390234,ZA7,Gauteng,ZA9,Limpopo,ZA798,City of Johannesburg,ZA947,Sekhukhune,2020-10-17,2020-10-17,4,4,4,2006284.9263337203,806172.854458761,50976,20201017,20201017,0.2220629170143196,0.7299897648810346,0.047947318104645836,0.5097433964893054,5540727.0,0.3536917516859454,0.5707075150199985,0.07560073329405607,0.46486328935523974,1125333.0,0.8818060606060606,1.0,-0.06015677966101695,0.4423076923076923,1,1,1,0,1,0,0,0,0
390235,ZA4,Free State,ZA6,North West,ZA418,Lejweleputswa,ZA640,Dr Kenneth Kaunda,2020-10-17,2020-10-17,25,21,21,6125293.766628982,2109671.0858668056,245408,20201017,20201017,0.27941650281351393,0.6617931601395349,0.058790337046951115,0.500105365269169,574193.0,0.27505895171327793,0.6602340041700301,0.06470704411669191,0.5065976875287468,754431.0,0.29495049504950493,0.8653846153846154,-0.10069384057971015,0.38461538461538464,1,1,1,0,1,0,0,0,0
390236,ZA5,KwaZulu-Natal,ZA5,KwaZulu-Natal,ZA523,Uthukela,ZA523,Uthukela,2020-10-17,2020-10-17,1184,551,408,108087069.9542351,14281640.07600788,6586789,20201017,20201017,0.36014331224838336,0.5864396074090654,0.05341708034255123,0.46782833191779016,652282.0,0.36014331224838336,0.5864396074090654,0.05341708034255123,0.46782833191779016,652282.0,-0.19841226215644822,0.19230769230769232,-0.19841226215644822,0.19230769230769232,1,1,1,0,1,0,0,0,0
390237,ZA9,Limpopo,ZA8,Mpumalanga,ZA947,Sekhukhune,ZA831,Nkangala,2020-10-17,2020-10-17,45,45,42,11960272.412318708,2545587.9024230484,439865,20201017,20201017,0.3536917516859454,0.5707075150199985,0.07560073329405607,0.46486328935523974,1125333.0,0.27290691475673784,0.6711806877078121,0.055912397535449986,0.5109201270525474,1573837.0,-0.06015677966101695,0.4423076923076923,0.07867808219178082,0.6730769230769231,1,1,1,0,1,0,0,0,0
390238,ZA1,Western Cape,ZA1,Western Cape,ZA105,Central Karoo,ZA105,Central Karoo,2020-10-17,2020-10-17,176,90,70,24602017.82035665,1540695.1251811269,1080751,20201017,20201017,0.29415328297801036,0.633639246216906,0.07220747080508365,0.4979247763656518,77582.0,0.29415328297801036,0.633639246216906,0.07220747080508365,0.4979247763656518,77582.0,-0.12604477611940298,0.3269230769230769,-0.12604477611940298,0.3269230769230769,1,1,1,0,1,0,0,0,0
390239,ZA5,KwaZulu-Natal,ZA5,KwaZulu-Natal,ZA522,Umgungundlovu,ZA529,iLembe,2020-10-17,2020-10-17,19,19,18,3320363.031844922,1736765.6358981968,230079,20201017,20201017,0.2748377359932372,0.663873035280183,0.06128922872657978,0.48236181888519014,1046905.0,0.32390440311621094,0.6202867780885334,0.05580881879525565,0.4827645772056803,636799.0,0.0061256544502617805,0.5769230769230769,-0.14951617873651774,0.28846153846153844,1,1,1,0,1,0,0,0,0
390240,ZA1,Western Cape,ZA8,Mpumalanga,ZA104,Eden,ZA831,Nkangala,2020-10-17,2020-10-18,1,1,1,2356796.735093306,1164139.7615120711,70170,20201017,20201018,0.24710205256745305,0.6628052101466374,0.09009273728590954,0.4993180863678119,673839.0,0.27290691475673784,0.6711806877078121,0.055912397535449986,0.5109201270525474,1573837.0,0.0004522691705790296,0.5384615384615384,0.07867808219178082,0.6730769230769231,1,1,1,0,1,0,0,0,0
390241,ZA6,North West,ZA4,Free State,ZA637,Bojanala,ZA494,Mangaung,2020-10-17,2020-10-23,1,1,1,387588.58823235467,387587.9796849242,544579,20201017,20201023,0.25082919250139085,0.6903465537718604,0.05882425372674875,0.5380589003726469,1786678.0,0.26262942751272955,0.6754982029249197,0.06187236956235082,0.4901411892511804,826621.0,0.07430676328502415,0.6538461538461539,0.27329104477611943,0.8269230769230769,1,1,1,0,1,0,0,0,0
390242,ZA9,Limpopo,ZA9,Limpopo,ZA935,Capricorn,ZA935,Capricorn,2020-10-17,2020-10-17,2930,1503,1083,160806564.07966596,29872869.10364001,20321731,20201017,20201017,0.3265897738288558,0.6007690312860821,0.07264119488506209,0.472231826966417,1295656.0,0.3265897738288558,0.6007690312860821,0.07264119488506209,0.472231826966417,1295656.0,0.07397387387387387,0.6346153846153846,0.07397387387387387,0.6346153846153846,1,1,1,0,1,0,0,0,0
390243,ZA7,Gauteng,ZA8,Mpumalanga,ZA799,City of Tshwane,ZA831,Nkangala,2020-10-17,2020-10-17,145,145,144,33435374.983192194,14295340.653826669,1728259,20201017,20201017,0.22283079372412132,0.7204843127840075,0.056684893491871245,0.5057337597223363,3627986.0,0.27290691475673784,0.6711806877078121,0.055912397535449986,0.5109201270525474,1573837.0,0.48224212034383956,0.9038461538461539,0.07867808219178082,0.6730769230769231,1,1,1,0,1,0,0,0,0
390244,ZA3,Nothern Cape,ZA3,Nothern Cape,ZA306,Namakwa,ZA306,Namakwa,2020-10-17,2020-10-18,29,29,29,448340.3894055578,137191.53775906065,1169955,20201017,20201018,0.2479438366342976,0.6592106724059887,0.09284549095971371,0.5132337492633683,117087.0,0.2479438366342976,0.6592106724059887,0.09284549095971371,0.5132337492633683,117087.0,0.06505633802816901,0.6153846153846154,0.06505633802816901,0.6153846153846154,1,1,1,0,1,0,0,0,0
390245,ZA1,Western Cape,ZA2,Eastern Cape,ZA102,Cape Winelands,ZA210,Cacadu,2020-10-17,2020-10-17,5,5,5,10727815.039939772,3059841.868367413,148730,20201017,20201017,0.24989252608235304,0.6902123420738123,0.059895131843834624,0.5011121214086944,909523.0,0.2618455236218228,0.6571170870354837,0.08103738934269357,0.4975242081945451,491156.0,-0.012388831437435367,0.5192307692307693,-0.01848062015503876,0.5,1,1,1,0,1,0,0,0,0
390246,ZA5,KwaZulu-Natal,ZA7,Gauteng,ZA595,eThekwini,ZA748,West Rand,2020-10-17,2020-10-17,3,3,3,2796519.199679422,1678664.0459647533,67319,20201017,20201017,0.2446364969883556,0.6990922562931536,0.05627124671849075,0.494610924976595,3587907.0,0.23154887232085752,0.7207832829912092,0.047667844687933295,0.5288128906961219,856804.0,0.5666580406654343,0.9230769230769231,0.23715802469135805,0.8076923076923077,1,1,1,0,1,0,0,0,0
390248,ZA5,KwaZulu-Natal,,,ZA595,eThekwini,,,2020-10-17,2020-10-17,8,8,6,362697.6031315829,125536.68243011166,15704,20201017,20201017,0.2446364969883556,0.6990922562931536,0.05627124671849075,0.494610924976595,3587907.0,,,,,,0.5666580406654343,0.9230769230769231,,,1,1,1,0,1,0,0,0,0
390249,ZA6,North West,ZA6,North West,ZA640,Dr Kenneth Kaunda,ZA640,Dr Kenneth Kaunda,2020-10-17,2020-10-17,4472,2314,1546,211299703.60161185,42892586.65448741,22657783,20201017,20201017,0.27505895171327793,0.6602340041700301,0.06470704411669191,0.5065976875287468,754431.0,0.27505895171327793,0.6602340041700301,0.06470704411669191,0.5065976875287468,754431.0,-0.10069384057971015,0.38461538461538464,-0.10069384057971015,0.38461538461538464,1,1,1,0,1,0,0,0,0
390250,ZA6,North West,ZA3,Nothern Cape,ZA639,Dr Ruth Segomotsi Mompati,ZA345,John Taolo Gaetsewe,2020-10-17,2020-10-17,3,3,3,4018198.70162779,720186.909866549,39867,20201017,20201017,0.3412335579082451,0.5850872971649528,0.07367914492680208,0.4911837461796937,473784.0,0.31986957060536586,0.628082594956317,0.05204783443831712,0.4959027820806741,258224.0,-0.16626678765880218,0.2692307692307692,-0.13480926430517712,0.3076923076923077,1,1,1,0,1,0,0,0,0
390251,ZA1,Western Cape,ZA1,Western Cape,ZA104,Eden,ZA104,Eden,2020-10-17,2020-10-17,6118,2988,2004,518807679.9785158,75700909.62032415,29505865,20201017,20201017,0.24710205256745305,0.6628052101466374,0.09009273728590954,0.4993180863678119,673839.0,0.24710205256745305,0.6628052101466374,0.09009273728590954,0.4993180863678119,673839.0,0.0004522691705790296,0.5384615384615384,0.0004522691705790296,0.5384615384615384,1,1,1,0,1,0,0,0,0
390252,ZA6,North West,ZA7,Gauteng,ZA637,Bojanala,ZA798,City of Johannesburg,2020-10-17,2020-10-17,202,202,201,38120558.850405455,13766252.493387818,2050417,20201017,20201017,0.25082919250139085,0.6903465537718604,0.05882425372674875,0.5380589003726469,1786678.0,0.2220629170143196,0.7299897648810346,0.047947318104645836,0.5097433964893054,5540727.0,0.07430676328502415,0.6538461538461539,0.8818060606060606,1.0,1,1,1,0,1,0,0,0,0
390253,ZA4,Free State,ZA4,Free State,ZA420,Fezile Dabi,ZA420,Fezile Dabi,2020-10-17,2020-10-18,212,212,212,5640414.498465384,1563515.1874124918,8704233,20201017,20201018,0.2705098118551487,0.6604572122193,0.06903297592555128,0.5050070807202104,494300.0,0.2705098118551487,0.6604572122193,0.06903297592555128,0.5050070807202104,494300.0,0.2276555023923445,0.7884615384615384,0.2276555023923445,0.7884615384615384,1,1,1,0,1,0,0,0,0
390254,ZA1,Western Cape,ZA1,Western Cape,ZA102,Cape Winelands,ZA101,West Coast,2020-10-17,2020-10-17,54,54,54,11428259.633270262,4630981.423020453,632166,20201017,20201017,0.24989252608235304,0.6902123420738123,0.059895131843834624,0.5011121214086944,909523.0,0.24466466325617858,0.6852166396976793,0.0701186970461421,0.5060695297345649,497485.0,-0.012388831437435367,0.5192307692307693,-0.12079976303317536,0.34615384615384615,1,1,1,0,1,0,0,0,0
390255,ZA5,KwaZulu-Natal,ZA5,KwaZulu-Natal,ZA521,Ugu,ZA595,eThekwini,2020-10-17,2020-10-18,29,29,29,4916389.338653508,1666227.5019714034,930779,20201017,20201018,0.32122674606698143,0.6016982741355622,0.07707497979745637,0.47391596021954596,714019.0,0.2446364969883556,0.6990922562931536,0.05627124671849075,0.494610924976595,3587907.0,-0.09480895915678524,0.40384615384615385,0.5666580406654343,0.9230769230769231,1,1,1,0,1,0,0,0,0
390256,ZA8,Mpumalanga,ZA7,Gauteng,ZA831,Nkangala,ZA742,Sedibeng,2020-10-17,2020-10-18,1,1,1,34007.89875473453,15442.165922200642,16300,20201017,20201018,0.27290691475673784,0.6711806877078121,0.055912397535449986,0.5109201270525474,1573837.0,0.24393339879416723,0.6953819961266214,0.06068460507921129,0.5059130831550246,994997.0,0.07867808219178082,0.6730769230769231,0.2808379746835443,0.8461538461538461,1,1,1,0,1,0,0,0,0
390257,ZA5,KwaZulu-Natal,ZA5,KwaZulu-Natal,ZA521,Ugu,ZA595,eThekwini,2020-10-17,2020-10-17,100,100,98,23216532.32935693,7452929.510708671,1010393,20201017,20201017,0.32122674606698143,0.6016982741355622,0.07707497979745637,0.47391596021954596,714019.0,0.2446364969883556,0.6990922562931536,0.05627124671849075,0.494610924976595,3587907.0,-0.09480895915678524,0.40384615384615385,0.5666580406654343,0.9230769230769231,1,1,1,0,1,0,0,0,0
390258,ZA9,Limpopo,ZA7,Gauteng,ZA936,Waterberg,ZA799,City of Tshwane,2020-10-17,2020-10-17,82,80,79,27099579.680631243,11314688.013215115,1076552,20201017,20201017,0.2870915348782833,0.6477210572390478,0.06518740788266879,0.5138960603357211,718513.0,0.22283079372412132,0.7204843127840075,0.056684893491871245,0.5057337597223363,3627986.0,0.00236898395721925,0.5576923076923077,0.48224212034383956,0.9038461538461539,1,1,1,0,1,0,0,0,0
390259,ZA8,Mpumalanga,ZA8,Mpumalanga,ZA830,Gert Sibande,ZA832,Ehlanzeni,2020-10-17,2020-10-17,10,10,10,3569123.737187516,1758875.5388099523,178104,20201017,20201017,0.30688245639051287,0.6412288994160756,0.05188864419341153,0.49968312815881616,1136106.0,0.32438893780700045,0.6235217992770762,0.05208926291592337,0.47979089412028486,1837538.0,-0.11248741610738255,0.36538461538461536,0.1315940928270042,0.7307692307692307,1,1,1,0,1,0,0,0,0
390260,ZA6,North West,ZA6,North West,ZA640,Dr Kenneth Kaunda,ZA637,Bojanala,2020-10-17,2020-10-31,1,1,1,140818.03812795927,140818.03812795927,1235260,20201017,20201031,0.27505895171327793,0.6602340041700301,0.06470704411669191,0.5065976875287468,754431.0,0.25082919250139085,0.6903465537718604,0.05882425372674875,0.5380589003726469,1786678.0,-0.10069384057971015,0.38461538461538464,0.07430676328502415,0.6538461538461539,1,1,1,0,1,0,0,0,0
390261,ZA2,Eastern Cape,ZA2,Eastern Cape,ZA292,Buffalo City,ZA292,Buffalo City,2020-10-17,2020-10-18,430,430,430,11281081.05072155,2788157.271940339,16406355,20201017,20201018,0.254980022080858,0.6758306608485358,0.06918931707060617,0.48177934914042375,760840.0,0.254980022080858,0.6758306608485358,0.06918931707060617,0.48177934914042375,760840.0,0.09585175879396986,0.6923076923076923,0.09585175879396986,0.6923076923076923,1,1,1,0,1,0,0,0,0
390262,ZA5,KwaZulu-Natal,ZA5,KwaZulu-Natal,ZA529,iLembe,ZA595,eThekwini,2020-10-17,2020-10-18,48,48,48,5333485.316908184,2355278.308022224,1181871,20201017,20201018,0.32390440311621094,0.6202867780885334,0.05580881879525565,0.4827645772056803,636799.0,0.2446364969883556,0.6990922562931536,0.05627124671849075,0.494610924976595,3587907.0,-0.14951617873651774,0.28846153846153844,0.5666580406654343,0.9230769230769231,1,1,1,0,1,0,0,0,0
390263,ZA5,KwaZulu-Natal,ZA5,KwaZulu-Natal,ZA595,eThekwini,ZA529,iLembe,2020-10-17,2020-10-18,19,19,19,2775464.1730099386,953756.925517324,686804,20201017,20201018,0.2446364969883556,0.6990922562931536,0.05627124671849075,0.494610924976595,3587907.0,0.32390440311621094,0.6202867780885334,0.05580881879525565,0.4827645772056803,636799.0,0.5666580406654343,0.9230769230769231,-0.14951617873651774,0.28846153846153844,1,1,1,0,1,0,0,0,0
390264,ZA5,KwaZulu-Natal,ZA5,KwaZulu-Natal,ZA526,Zululand,ZA526,Zululand,2020-10-17,2020-10-17,699,339,238,42356650.55540812,4885913.329606249,4226748,20201017,20201017,0.392497537624586,0.5542130860581069,0.053289376317307055,0.4651401640222711,783796.0,0.392497537624586,0.5542130860581069,0.053289376317307055,0.4651401640222711,783796.0,-0.2762355212355212,0.09615384615384616,-0.2762355212355212,0.09615384615384616,1,1,1,0,1,0,0,0,0
390265,ZA1,Western Cape,ZA7,Gauteng,ZA101,West Coast,ZA799,City of Tshwane,2020-10-17,2020-10-20,1,1,1,1434734.147508839,1256377.4275975702,248418,20201017,20201020,0.24466466325617858,0.6852166396976793,0.0701186970461421,0.5060695297345649,497485.0,0.22283079372412132,0.7204843127840075,0.056684893491871245,0.5057337597223363,3627986.0,-0.12079976303317536,0.34615384615384615,0.48224212034383956,0.9038461538461539,1,1,1,0,1,0,0,0,0
390266,ZA5,KwaZulu-Natal,ZA5,KwaZulu-Natal,ZA521,Ugu,ZA521,Ugu,2020-10-17,2020-10-18,149,149,149,8684329.333808046,930211.193708534,5461921,20201017,20201018,0.32122674606698143,0.6016982741355622,0.07707497979745637,0.47391596021954596,714019.0,0.32122674606698143,0.6016982741355622,0.07707497979745637,0.47391596021954596,714019.0,-0.09480895915678524,0.40384615384615385,-0.09480895915678524,0.40384615384615385,1,1,1,0,1,0,0,0,0
390267,ZA6,North West,ZA6,North West,ZA638,Ngaka Modiri Molema,ZA638,Ngaka Modiri Molema,2020-10-17,2020-10-17,1378,755,515,80490923.55724797,14293465.28388138,8797811,20201017,20201017,0.3236353449196357,0.6078801705223251,0.06848448455803925,0.4964769205863341,870971.0,0.3236353449196357,0.6078801705223251,0.06848448455803925,0.4964769205863341,870971.0,-0.18344824707846413,0.23076923076923078,-0.18344824707846413,0.23076923076923078,1,1,1,0,1,0,0,0,0
390268,ZA5,KwaZulu-Natal,ZA5,KwaZulu-Natal,ZA523,Uthukela,ZA523,Uthukela,2020-10-17,2020-10-18,106,106,106,7599345.255248196,1071384.621999257,4608470,20201017,20201018,0.36014331224838336,0.5864396074090654,0.05341708034255123,0.46782833191779016,652282.0,0.36014331224838336,0.5864396074090654,0.05341708034255123,0.46782833191779016,652282.0,-0.19841226215644822,0.19230769230769232,-0.19841226215644822,0.19230769230769232,1,1,1,0,1,0,0,0,0
390269,ZA6,North West,ZA6,North West,ZA639,Dr Ruth Segomotsi Mompati,ZA639,Dr Ruth Segomotsi Mompati,2020-10-17,2020-10-18,73,73,73,1719238.4935725457,676883.6266016487,2807186,20201017,20201018,0.3412335579082451,0.5850872971649528,0.07367914492680208,0.4911837461796937,473784.0,0.3412335579082451,0.5850872971649528,0.07367914492680208,0.4911837461796937,473784.0,-0.16626678765880218,0.2692307692307692,-0.16626678765880218,0.2692307692307692,1,1,1,0,1,0,0,0,0
390270,ZA2,Eastern Cape,ZA2,Eastern Cape,ZA212,Amathole,ZA292,Buffalo City,2020-10-17,2020-10-17,96,94,90,14730122.061218256,4561639.659685238,718380,20201017,20201017,0.32816698449842097,0.5696178168124134,0.1022151986891656,0.47434426623917664,789726.0,0.254980022080858,0.6758306608485358,0.06918931707060617,0.48177934914042375,760840.0,-0.3192883211678832,0.019230769230769232,0.09585175879396986,0.6923076923076923,1,1,1,0,1,0,0,0,0
390271,ZA1,Western Cape,ZA1,Western Cape,ZA103,Overberg,ZA102,Cape Winelands,2020-10-17,2020-10-18,28,28,28,3643377.1328898906,1756897.6921787153,721327,20201017,20201018,0.22836513904770692,0.6721314716747349,0.09950338927755827,0.511077351980676,303457.0,0.24989252608235304,0.6902123420738123,0.059895131843834624,0.5011121214086944,909523.0,0.051486772486772484,0.5961538461538461,-0.012388831437435367,0.5192307692307693,1,1,1,0,1,0,0,0,0
390272,ZA3,Nothern Cape,ZA3,Nothern Cape,ZA307,Pixley ka Seme,ZA309,Frances Baard,2020-10-17,2020-10-17,18,17,16,9604542.187146544,2049854.9288594867,189272,20201017,20201017,0.3060749448635213,0.6232332132979509,0.0706918418385278,0.5011842246002923,196331.0,0.2860169290028057,0.6497360787483951,0.06424699224879928,0.49189928194398214,420580.0,0.1854655172413793,0.75,0.29907801418439717,0.8846153846153846,1,1,1,0,1,0,0,0,0
390274,ZA9,Limpopo,ZA9,Limpopo,ZA935,Capricorn,ZA933,Mopani,2020-10-17,2020-10-17,41,41,41,8663301.335212462,3277769.014191899,432201,20201017,20201017,0.3265897738288558,0.6007690312860821,0.07264119488506209,0.472231826966417,1295656.0,0.3329418650827259,0.6026296126910996,0.06442852222617454,0.46142626187343905,1062666.0,0.07397387387387387,0.6346153846153846,-0.037928345626975765,0.4807692307692308,1,1,1,0,1,0,0,0,0
390275,ZA7,Gauteng,ZA7,Gauteng,ZA748,West Rand,ZA748,West Rand,2020-10-17,2020-10-17,4624,2626,1860,161605331.7648814,36783981.11636359,22278486,20201017,20201017,0.23154887232085752,0.7207832829912092,0.047667844687933295,0.5288128906961219,856804.0,0.23154887232085752,0.7207832829912092,0.047667844687933295,0.5288128906961219,856804.0,0.23715802469135805,0.8076923076923077,0.23715802469135805,0.8076923076923077,1,1,1,0,1,0,0,0,0
390276,ZA5,KwaZulu-Natal,ZA5,KwaZulu-Natal,ZA522,Umgungundlovu,ZA526,Zululand,2020-10-17,2020-10-17,2,2,2,617590.4199028892,613481.4154165024,46731,20201017,20201017,0.2748377359932372,0.663873035280183,0.06128922872657978,0.48236181888519014,1046905.0,0.392497537624586,0.5542130860581069,0.053289376317307055,0.4651401640222711,783796.0,0.0061256544502617805,0.5769230769230769,-0.2762355212355212,0.09615384615384616,1,1,1,0,1,0,0,0,0
390277,ZA8,Mpumalanga,ZA7,Gauteng,ZA830,Gert Sibande,ZA799,City of Tshwane,2020-10-17,2020-10-17,32,32,32,14645922.694658091,5845319.32862041,610076,20201017,20201017,0.30688245639051287,0.6412288994160756,0.05188864419341153,0.49968312815881616,1136106.0,0.22283079372412132,0.7204843127840075,0.056684893491871245,0.5057337597223363,3627986.0,-0.11248741610738255,0.36538461538461536,0.48224212034383956,0.9038461538461539,1,1,1,0,1,0,0,0,0
390278,ZA1,Western Cape,ZA1,Western Cape,ZA191,City of Cape Town,ZA191,City of Cape Town,2020-10-17,2020-10-17,49414,24893,16960,2048364792.2780647,430321551.1362939,259064693,20201017,20201017,0.23849582985172932,0.697186217784503,0.06431795236376775,0.4976008771049945,4436413.0,0.23849582985172932,0.697186217784503,0.06431795236376775,0.4976008771049945,4436413.0,0.7687640750670242,0.9807692307692307,0.7687640750670242,0.9807692307692307,1,1,1,0,1,0,0,0,0
390279,ZA4,Free State,ZA4,Free State,ZA418,Lejweleputswa,ZA418,Lejweleputswa,2020-10-17,2020-10-17,2508,1331,852,94773544.37444548,23567177.31549929,14316691,20201017,20201017,0.27941650281351393,0.6617931601395349,0.058790337046951115,0.500105365269169,574193.0,0.27941650281351393,0.6617931601395349,0.058790337046951115,0.500105365269169,574193.0,0.29495049504950493,0.8653846153846154,0.29495049504950493,0.8653846153846154,1,1,1,0,1,0,0,0,0
390280,ZA9,Limpopo,ZA9,Limpopo,ZA935,Capricorn,ZA934,Vhembe,2020-10-17,2020-10-17,26,26,25,6696022.402531084,2880112.9360466087,353623,20201017,20201017,0.3265897738288558,0.6007690312860821,0.07264119488506209,0.472231826966417,1295656.0,0.3433867460978093,0.5887604530714541,0.06785280083073665,0.4597374214109392,1325089.0,0.07397387387387387,0.6346153846153846,-0.0767829596412556,0.4230769230769231,1,1,1,0,1,0,0,0,0
390281,ZA7,Gauteng,ZA5,KwaZulu-Natal,ZA799,City of Tshwane,ZA523,Uthukela,2020-10-17,2020-10-17,3,3,3,2952981.819405789,1219959.7015739563,106271,20201017,20201017,0.22283079372412132,0.7204843127840075,0.056684893491871245,0.5057337597223363,3627986.0,0.36014331224838336,0.5864396074090654,0.05341708034255123,0.46782833191779016,652282.0,0.48224212034383956,0.9038461538461539,-0.19841226215644822,0.19230769230769232,1,1,1,0,1,0,0,0,0
390282,ZA2,Eastern Cape,ZA2,Eastern Cape,ZA293,Nelson Mandela Bay,ZA293,Nelson Mandela Bay,2020-10-17,2020-10-18,677,677,677,15444455.566928027,4619393.459633393,23412523,20201017,20201018,0.2465186661259611,0.6842154879637478,0.0692658459102911,0.4877654529777138,1230491.0,0.2465186661259611,0.6842154879637478,0.0692658459102911,0.4877654529777138,1230491.0,0.5740514018691588,0.9423076923076923,0.5740514018691588,0.9423076923076923,1,1,1,0,1,0,0,0,0
390283,ZA9,Limpopo,ZA9,Limpopo,ZA936,Waterberg,ZA936,Waterberg,2020-10-17,2020-10-17,3469,1741,1264,240530779.38240072,37072557.56981,17858819,20201017,20201017,0.2870915348782833,0.6477210572390478,0.06518740788266879,0.5138960603357211,718513.0,0.2870915348782833,0.6477210572390478,0.06518740788266879,0.5138960603357211,718513.0,0.00236898395721925,0.5576923076923077,0.00236898395721925,0.5576923076923077,1,1,1,0,1,0,0,0,0
390284,ZA2,Eastern Cape,ZA2,Eastern Cape,ZA212,Amathole,ZA293,Nelson Mandela Bay,2020-10-17,2020-10-18,1,1,1,399859.1262277032,586.0456936673105,82347,20201017,20201018,0.32816698449842097,0.5696178168124134,0.1022151986891656,0.47434426623917664,789726.0,0.2465186661259611,0.6842154879637478,0.0692658459102911,0.4877654529777138,1230491.0,-0.3192883211678832,0.019230769230769232,0.5740514018691588,0.9423076923076923,1,1,1,0,1,0,0,0,0
390285,ZA5,KwaZulu-Natal,ZA5,KwaZulu-Natal,ZA595,eThekwini,ZA522,Umgungundlovu,2020-10-17,2020-10-17,245,244,242,46493176.8364998,17427361.000494506,2829968,20201017,20201017,0.2446364969883556,0.6990922562931536,0.05627124671849075,0.494610924976595,3587907.0,0.2748377359932372,0.663873035280183,0.06128922872657978,0.48236181888519014,1046905.0,0.5666580406654343,0.9230769230769231,0.0061256544502617805,0.5769230769230769,1,1,1,0,1,0,0,0,0
390286,ZA7,Gauteng,ZA1,Western Cape,ZA797,Ekurhuleni,ZA104,Eden,2020-10-17,2020-10-17,12,12,12,27152043.86431488,12651819.611024298,265598,20201017,20201017,0.23296733680905687,0.7203157619169479,0.04671690127399521,0.5205474946472306,3739653.0,0.24710205256745305,0.6628052101466374,0.09009273728590954,0.4993180863678119,673839.0,0.7435109289617486,0.9615384615384616,0.0004522691705790296,0.5384615384615384,1,1,1,0,1,0,0,0,0
390287,ZA4,Free State,ZA4,Free State,ZA418,Lejweleputswa,ZA420,Fezile Dabi,2020-10-17,2020-10-17,21,21,20,5182508.815042022,1993992.934582776,174516,20201017,20201017,0.27941650281351393,0.6617931601395349,0.058790337046951115,0.500105365269169,574193.0,0.2705098118551487,0.6604572122193,0.06903297592555128,0.5050070807202104,494300.0,0.29495049504950493,0.8653846153846154,0.2276555023923445,0.7884615384615384,1,1,1,0,1,0,0,0,0
390288,ZA9,Limpopo,ZA7,Gauteng,ZA933,Mopani,ZA797,Ekurhuleni,2020-10-17,2020-10-17,3,3,3,2388096.696372469,1145631.544078562,80640,20201017,20201017,0.3329418650827259,0.6026296126910996,0.06442852222617454,0.46142626187343905,1062666.0,0.23296733680905687,0.7203157619169479,0.04671690127399521,0.5205474946472306,3739653.0,-0.037928345626975765,0.4807692307692308,0.7435109289617486,0.9615384615384616,1,1,1,0,1,0,0,0,0
390289,ZA6,North West,ZA6,North West,ZA637,Bojanala,ZA637,Bojanala,2020-10-17,2020-10-18,518,518,518,18240597.43860549,5475809.682624329,19063906,20201017,20201018,0.25082919250139085,0.6903465537718604,0.05882425372674875,0.5380589003726469,1786678.0,0.25082919250139085,0.6903465537718604,0.05882425372674875,0.5380589003726469,1786678.0,0.07430676328502415,0.6538461538461539,0.07430676328502415,0.6538461538461539,1,1,1,0,1,0,0,0,0
390290,ZA3,Nothern Cape,ZA4,Free State,ZA309,Frances Baard,ZA416,Xhariep,2020-10-17,2020-10-17,18,18,15,1986222.047491976,817108.4834549474,222578,20201017,20201017,0.2860169290028057,0.6497360787483951,0.06424699224879928,0.49189928194398214,420580.0,0.29515218562959183,0.6325513667867511,0.07229644758365718,0.5005153225730198,105759.0,0.29907801418439717,0.8846153846153846,0.18671264367816093,0.7692307692307693,1,1,1,0,1,0,0,0,0
390291,ZA2,Eastern Cape,ZA2,Eastern Cape,ZA292,Buffalo City,ZA292,Buffalo City,2020-10-17,2020-10-17,3657,1805,1241,168845879.1053752,33040410.21614341,22262231,20201017,20201017,0.254980022080858,0.6758306608485358,0.06918931707060617,0.48177934914042375,760840.0,0.254980022080858,0.6758306608485358,0.06918931707060617,0.48177934914042375,760840.0,0.09585175879396986,0.6923076923076923,0.09585175879396986,0.6923076923076923,1,1,1,0,1,0,0,0,0
390292,ZA7,Gauteng,ZA7,Gauteng,ZA797,Ekurhuleni,ZA798,City of Johannesburg,2020-10-17,2020-10-24,1,1,1,26637.2982440136,25927.312326303803,583186,20201017,20201024,0.23296733680905687,0.7203157619169479,0.04671690127399521,0.5205474946472306,3739653.0,0.2220629170143196,0.7299897648810346,0.047947318104645836,0.5097433964893054,5540727.0,0.7435109289617486,0.9615384615384616,0.8818060606060606,1.0,1,1,1,0,1,0,0,0,0
390293,ZA4,Free State,ZA7,Gauteng,ZA419,Thabo Mofutsanyane,ZA742,Sedibeng,2020-10-17,2020-10-17,7,7,7,2812572.198641836,1572476.6160803912,106738,20201017,20201017,0.31143326559338835,0.6251823622683981,0.06338437213821363,0.47028720831466336,662829.0,0.24393339879416723,0.6953819961266214,0.06068460507921129,0.5059130831550246,994997.0,0.10770218579234972,0.7115384615384616,0.2808379746835443,0.8461538461538461,1,1,1,0,1,0,0,0,0
390294,ZA1,Western Cape,ZA1,Western Cape,ZA191,City of Cape Town,ZA102,Cape Winelands,2020-10-17,2020-10-17,1190,1171,1152,154536080.27381876,51497327.407418594,11589617,20201017,20201017,0.23849582985172932,0.697186217784503,0.06431795236376775,0.4976008771049945,4436413.0,0.24989252608235304,0.6902123420738123,0.059895131843834624,0.5011121214086944,909523.0,0.7687640750670242,0.9807692307692307,-0.012388831437435367,0.5192307692307693,1,1,1,0,1,0,0,0,0
390295,ZA7,Gauteng,ZA7,Gauteng,ZA799,City of Tshwane,ZA742,Sedibeng,2020-10-17,2020-10-17,94,94,94,28058007.451973487,10688285.167888664,1099794,20201017,20201017,0.22283079372412132,0.7204843127840075,0.056684893491871245,0.5057337597223363,3627986.0,0.24393339879416723,0.6953819961266214,0.06068460507921129,0.5059130831550246,994997.0,0.48224212034383956,0.9038461538461539,0.2808379746835443,0.8461538461538461,1,1,1,0,1,0,0,0,0
390296,ZA4,Free State,ZA3,Nothern Cape,ZA494,Mangaung,ZA309,Frances Baard,2020-10-17,2020-10-17,15,15,15,5804235.296268328,2469716.690307848,200698,20201017,20201017,0.26262942751272955,0.6754982029249197,0.06187236956235082,0.4901411892511804,826621.0,0.2860169290028057,0.6497360787483951,0.06424699224879928,0.49189928194398214,420580.0,0.27329104477611943,0.8269230769230769,0.29907801418439717,0.8846153846153846,1,1,1,0,1,0,0,0,0
390297,ZA7,Gauteng,ZA5,KwaZulu-Natal,ZA798,City of Johannesburg,ZA595,eThekwini,2020-10-17,2020-10-17,32,32,32,33667280.837531015,17243958.21627966,907481,20201017,20201017,0.2220629170143196,0.7299897648810346,0.047947318104645836,0.5097433964893054,5540727.0,0.2446364969883556,0.6990922562931536,0.05627124671849075,0.494610924976595,3587907.0,0.8818060606060606,1.0,0.5666580406654343,0.9230769230769231,1,1,1,0,1,0,0,0,0
390298,ZA1,Western Cape,ZA1,Western Cape,ZA101,West Coast,ZA191,City of Cape Town,2020-10-17,2020-10-18,47,47,47,6838319.93097863,3197162.993484665,1358092,20201017,20201018,0.24466466325617858,0.6852166396976793,0.0701186970461421,0.5060695297345649,497485.0,0.23849582985172932,0.697186217784503,0.06431795236376775,0.4976008771049945,4436413.0,-0.12079976303317536,0.34615384615384615,0.7687640750670242,0.9807692307692307,1,1,1,0,1,0,0,0,0
390299,ZA1,Western Cape,ZA2,Eastern Cape,ZA104,Eden,ZA210,Cacadu,2020-10-17,2020-10-17,22,22,22,21532283.173529357,4134188.844886265,311538,20201017,20201017,0.24710205256745305,0.6628052101466374,0.09009273728590954,0.4993180863678119,673839.0,0.2618455236218228,0.6571170870354837,0.08103738934269357,0.4975242081945451,491156.0,0.0004522691705790296,0.5384615384615384,-0.01848062015503876,0.5,1,1,1,0,1,0,0,0,0
390300,ZA4,Free State,ZA4,Free State,ZA494,Mangaung,ZA418,Lejweleputswa,2020-10-17,2020-10-19,1,1,1,280960.42326945945,139609.2360286468,190299,20201017,20201019,0.26262942751272955,0.6754982029249197,0.06187236956235082,0.4901411892511804,826621.0,0.27941650281351393,0.6617931601395349,0.058790337046951115,0.500105365269169,574193.0,0.27329104477611943,0.8269230769230769,0.29495049504950493,0.8653846153846154,1,1,1,0,1,0,0,0,0
390301,ZA7,Gauteng,ZA7,Gauteng,ZA799,City of Tshwane,ZA799,City of Tshwane,2020-10-17,2020-10-24,1,1,1,195941.54825657737,658.147918264679,553807,20201017,20201024,0.22283079372412132,0.7204843127840075,0.056684893491871245,0.5057337597223363,3627986.0,0.22283079372412132,0.7204843127840075,0.056684893491871245,0.5057337597223363,3627986.0,0.48224212034383956,0.9038461538461539,0.48224212034383956,0.9038461538461539,1,1,1,0,1,0,0,0,0
390302,ZA8,Mpumalanga,ZA7,Gauteng,ZA831,Nkangala,ZA799,City of Tshwane,2020-10-17,2020-10-18,20,20,20,3383772.708366052,1331501.221041002,572400,20201017,20201018,0.27290691475673784,0.6711806877078121,0.055912397535449986,0.5109201270525474,1573837.0,0.22283079372412132,0.7204843127840075,0.056684893491871245,0.5057337597223363,3627986.0,0.07867808219178082,0.6730769230769231,0.48224212034383956,0.9038461538461539,1,1,1,0,1,0,0,0,0
390303,ZA4,Free State,ZA2,Eastern Cape,ZA418,Lejweleputswa,ZA213,Chris Hani,2020-10-17,2020-10-17,2,2,2,1340811.9051172617,864198.9404132671,45658,20201017,20201017,0.27941650281351393,0.6617931601395349,0.058790337046951115,0.500105365269169,574193.0,0.334940582305372,0.572656560540376,0.09240285715425203,0.478383232498069,752217.0,0.29495049504950493,0.8653846153846154,-0.29251697892271666,0.057692307692307696,1,1,1,0,1,0,0,0,0
390304,ZA7,Gauteng,ZA7,Gauteng,ZA742,Sedibeng,ZA742,Sedibeng,2020-10-17,2020-10-17,5795,3216,2216,235014047.46660352,47686583.48875335,29280261,20201017,20201017,0.24393339879416723,0.6953819961266214,0.06068460507921129,0.5059130831550246,994997.0,0.24393339879416723,0.6953819961266214,0.06068460507921129,0.5059130831550246,994997.0,0.2808379746835443,0.8461538461538461,0.2808379746835443,0.8461538461538461,1,1,1,0,1,0,0,0,0
390305,ZA4,Free State,ZA4,Free State,ZA418,Lejweleputswa,ZA418,Lejweleputswa,2020-10-17,2020-10-18,211,211,211,7528834.319217558,1832493.3569182889,7981277,20201017,20201018,0.27941650281351393,0.6617931601395349,0.058790337046951115,0.500105365269169,574193.0,0.27941650281351393,0.6617931601395349,0.058790337046951115,0.500105365269169,574193.0,0.29495049504950493,0.8653846153846154,0.29495049504950493,0.8653846153846154,1,1,1,0,1,0,0,0,0
390306,ZA8,Mpumalanga,ZA8,Mpumalanga,ZA831,Nkangala,ZA832,Ehlanzeni,2020-10-17,2020-10-17,48,48,48,25028449.11382589,6825673.994738258,626299,20201017,20201017,0.27290691475673784,0.6711806877078121,0.055912397535449986,0.5109201270525474,1573837.0,0.32438893780700045,0.6235217992770762,0.05208926291592337,0.47979089412028486,1837538.0,0.07867808219178082,0.6730769230769231,0.1315940928270042,0.7307692307692307,1,1,1,0,1,0,0,0,0
390307,ZA8,Mpumalanga,ZA9,Limpopo,ZA831,Nkangala,ZA936,Waterberg,2020-10-17,2020-10-17,7,7,7,2794040.1319361017,1306853.071566325,182784,20201017,20201017,0.27290691475673784,0.6711806877078121,0.055912397535449986,0.5109201270525474,1573837.0,0.2870915348782833,0.6477210572390478,0.06518740788266879,0.5138960603357211,718513.0,0.07867808219178082,0.6730769230769231,0.00236898395721925,0.5576923076923077,1,1,1,0,1,0,0,0,0
390308,ZA5,KwaZulu-Natal,ZA5,KwaZulu-Natal,ZA527,Umkhanyakude,ZA527,Umkhanyakude,2020-10-17,2020-10-17,486,203,158,77541968.0512958,4875840.638783553,2390508,20201017,20201017,0.40017378652548197,0.5489306999026919,0.05089551357182606,0.4622270789873748,643318.0,0.40017378652548197,0.5489306999026919,0.05089551357182606,0.4622270789873748,643318.0,-0.31784377542717657,0.038461538461538464,-0.31784377542717657,0.038461538461538464,1,1,1,0,1,0,0,0,0
390309,ZA3,Nothern Cape,ZA3,Nothern Cape,ZA308,Z F Mgcawu,ZA345,John Taolo Gaetsewe,2020-10-17,2020-10-18,2,2,2,380878.52495831385,288983.1624740233,114627,20201017,20201018,0.27601757542529287,0.6641943181028425,0.059788106471864645,0.5142626583989065,258998.0,0.31986957060536586,0.628082594956317,0.05204783443831712,0.4959027820806741,258224.0,-0.04016603773584906,0.46153846153846156,-0.13480926430517712,0.3076923076923077,1,1,1,0,1,0,0,0,0
390310,ZA4,Free State,ZA7,Gauteng,ZA420,Fezile Dabi,ZA798,City of Johannesburg,2020-10-17,2020-10-18,19,19,19,3246547.438437583,1456263.439616929,464281,20201017,20201018,0.2705098118551487,0.6604572122193,0.06903297592555128,0.5050070807202104,494300.0,0.2220629170143196,0.7299897648810346,0.047947318104645836,0.5097433964893054,5540727.0,0.2276555023923445,0.7884615384615384,0.8818060606060606,1.0,1,1,1,0,1,0,0,0,0
390311,ZA4,Free State,ZA7,Gauteng,ZA420,Fezile Dabi,ZA742,Sedibeng,2020-10-17,2020-10-17,266,262,251,21331865.43166339,6716933.714356926,1798036,20201017,20201017,0.2705098118551487,0.6604572122193,0.06903297592555128,0.5050070807202104,494300.0,0.24393339879416723,0.6953819961266214,0.06068460507921129,0.5059130831550246,994997.0,0.2276555023923445,0.7884615384615384,0.2808379746835443,0.8461538461538461,1,1,1,0,1,0,0,0,0
390312,ZA5,KwaZulu-Natal,ZA5,KwaZulu-Natal,ZA528,Uthungulu,ZA527,Umkhanyakude,2020-10-17,2020-10-17,22,22,22,6278700.791794825,1657083.4885639998,170326,20201017,20201017,0.3398562749304085,0.6096443299200878,0.05049939514950375,0.4759701217345943,889476.0,0.40017378652548197,0.5489306999026919,0.05089551357182606,0.4622270789873748,643318.0,-0.2202014106583072,0.15384615384615385,-0.31784377542717657,0.038461538461538464,1,1,1,0,1,0,0,0,0
390313,ZA7,Gauteng,ZA7,Gauteng,ZA797,Ekurhuleni,ZA797,Ekurhuleni,2020-10-17,2020-10-17,28375,15476,10782,927827737.2111351,216733933.0229708,143490021,20201017,20201017,0.23296733680905687,0.7203157619169479,0.04671690127399521,0.5205474946472306,3739653.0,0.23296733680905687,0.7203157619169479,0.04671690127399521,0.5205474946472306,3739653.0,0.7435109289617486,0.9615384615384616,0.7435109289617486,0.9615384615384616,1,1,1,0,1,0,0,0,0
390314,ZA4,Free State,ZA6,North West,ZA418,Lejweleputswa,ZA639,Dr Ruth Segomotsi Mompati,2020-10-17,2020-10-17,8,8,8,649870.9649020312,266239.1195672062,120123,20201017,20201017,0.27941650281351393,0.6617931601395349,0.058790337046951115,0.500105365269169,574193.0,0.3412335579082451,0.5850872971649528,0.07367914492680208,0.4911837461796937,473784.0,0.29495049504950493,0.8653846153846154,-0.16626678765880218,0.2692307692307692,1,1,1,0,1,0,0,0,0
390315,ZA1,Western Cape,ZA1,Western Cape,ZA105,Central Karoo,ZA102,Cape Winelands,2020-10-17,2020-10-17,5,5,5,7939776.494998226,1835834.5873602328,131210,20201017,20201017,0.29415328297801036,0.633639246216906,0.07220747080508365,0.4979247763656518,77582.0,0.24989252608235304,0.6902123420738123,0.059895131843834624,0.5011121214086944,909523.0,-0.12604477611940298,0.3269230769230769,-0.012388831437435367,0.5192307692307693,1,1,1,0,1,0,0,0,0
390316,ZA4,Free State,ZA7,Gauteng,ZA494,Mangaung,ZA798,City of Johannesburg,2020-10-17,2020-10-17,8,8,8,8663457.404811796,3161189.485265852,199558,20201017,20201017,0.26262942751272955,0.6754982029249197,0.06187236956235082,0.4901411892511804,826621.0,0.2220629170143196,0.7299897648810346,0.047947318104645836,0.5097433964893054,5540727.0,0.27329104477611943,0.8269230769230769,0.8818060606060606,1.0,1,1,1,0,1,0,0,0,0
390317,ZA2,Eastern Cape,ZA2,Eastern Cape,ZA213,Chris Hani,ZA212,Amathole,2020-10-17,2020-10-17,8,8,8,2406416.027811388,1487787.4168755915,80970,20201017,20201017,0.334940582305372,0.572656560540376,0.09240285715425203,0.478383232498069,752217.0,0.32816698449842097,0.5696178168124134,0.1022151986891656,0.47434426623917664,789726.0,-0.29251697892271666,0.057692307692307696,-0.3192883211678832,0.019230769230769232,1,1,1,0,1,0,0,0,0
390318,ZA3,Nothern Cape,ZA3,Nothern Cape,ZA345,John Taolo Gaetsewe,ZA345,John Taolo Gaetsewe,2020-10-17,2020-10-18,124,124,124,4625178.243926292,986130.146900228,4743538,20201017,20201018,0.31986957060536586,0.628082594956317,0.05204783443831712,0.4959027820806741,258224.0,0.31986957060536586,0.628082594956317,0.05204783443831712,0.4959027820806741,258224.0,-0.13480926430517712,0.3076923076923077,-0.13480926430517712,0.3076923076923077,1,1,1,0,1,0,0,0,0
390319,ZA1,Western Cape,ZA3,Nothern Cape,ZA105,Central Karoo,ZA306,Namakwa,2020-10-17,2020-10-17,5,5,5,6122388.7892333465,467567.22249732114,79451,20201017,20201017,0.29415328297801036,0.633639246216906,0.07220747080508365,0.4979247763656518,77582.0,0.2479438366342976,0.6592106724059887,0.09284549095971371,0.5132337492633683,117087.0,-0.12604477611940298,0.3269230769230769,0.06505633802816901,0.6153846153846154,1,1,1,0,1,0,0,0,0
390320,ZA2,Eastern Cape,ZA2,Eastern Cape,ZA293,Nelson Mandela Bay,ZA210,Cacadu,2020-10-17,2020-10-17,217,210,206,44584144.27457387,17503222.219669864,2413408,20201017,20201017,0.2465186661259611,0.6842154879637478,0.0692658459102911,0.4877654529777138,1230491.0,0.2618455236218228,0.6571170870354837,0.08103738934269357,0.4975242081945451,491156.0,0.5740514018691588,0.9423076923076923,-0.01848062015503876,0.5,1,1,1,0,1,0,0,0,0
390321,ZA7,Gauteng,ZA6,North West,ZA798,City of Johannesburg,ZA637,Bojanala,2020-10-17,2020-10-17,258,256,256,37081991.02860412,16508460.853125876,3291238,20201017,20201017,0.2220629170143196,0.7299897648810346,0.047947318104645836,0.5097433964893054,5540727.0,0.25082919250139085,0.6903465537718604,0.05882425372674875,0.5380589003726469,1786678.0,0.8818060606060606,1.0,0.07430676328502415,0.6538461538461539,1,1,1,0,1,0,0,0,0
390322,ZA6,North West,ZA4,Free State,ZA640,Dr Kenneth Kaunda,ZA418,Lejweleputswa,2020-10-17,2020-10-17,30,28,28,7744474.196369071,2812908.994624312,374832,20201017,20201017,0.27505895171327793,0.6602340041700301,0.06470704411669191,0.5065976875287468,754431.0,0.27941650281351393,0.6617931601395349,0.058790337046951115,0.500105365269169,574193.0,-0.10069384057971015,0.38461538461538464,0.29495049504950493,0.8653846153846154,1,1,1,0,1,0,0,0,0
390323,ZA1,Western Cape,ZA1,Western Cape,ZA102,Cape Winelands,ZA102,Cape Winelands,2020-10-17,2020-10-17,5418,2840,2093,333716425.6812303,46200898.63730062,26546497,20201017,20201017,0.24989252608235304,0.6902123420738123,0.059895131843834624,0.5011121214086944,909523.0,0.24989252608235304,0.6902123420738123,0.059895131843834624,0.5011121214086944,909523.0,-0.012388831437435367,0.5192307692307693,-0.012388831437435367,0.5192307692307693,1,1,1,0,1,0,0,0,0
390324,ZA2,Eastern Cape,ZA2,Eastern Cape,ZA210,Cacadu,ZA293,Nelson Mandela Bay,2020-10-17,2020-10-17,157,156,150,48863986.371960364,12603883.181304513,1608016,20201017,20201017,0.2618455236218228,0.6571170870354837,0.08103738934269357,0.4975242081945451,491156.0,0.2465186661259611,0.6842154879637478,0.0692658459102911,0.4877654529777138,1230491.0,-0.01848062015503876,0.5,0.5740514018691588,0.9423076923076923,1,1,1,0,1,0,0,0,0
390325,ZA7,Gauteng,ZA4,Free State,ZA797,Ekurhuleni,ZA420,Fezile Dabi,2020-10-17,2020-10-17,47,47,47,11401092.815159248,4969022.9896889785,593851,20201017,20201017,0.23296733680905687,0.7203157619169479,0.04671690127399521,0.5205474946472306,3739653.0,0.2705098118551487,0.6604572122193,0.06903297592555128,0.5050070807202104,494300.0,0.7435109289617486,0.9615384615384616,0.2276555023923445,0.7884615384615384,1,1,1,0,1,0,0,0,0
390326,ZA8,Mpumalanga,ZA9,Limpopo,ZA832,Ehlanzeni,ZA947,Sekhukhune,2020-10-17,2020-10-17,36,35,34,5769872.467478922,1762569.6603354504,270171,20201017,20201017,0.32438893780700045,0.6235217992770762,0.05208926291592337,0.47979089412028486,1837538.0,0.3536917516859454,0.5707075150199985,0.07560073329405607,0.46486328935523974,1125333.0,0.1315940928270042,0.7307692307692307,-0.06015677966101695,0.4423076923076923,1,1,1,0,1,0,0,0,0
390327,ZA6,North West,ZA6,North West,ZA640,Dr Kenneth Kaunda,ZA640,Dr Kenneth Kaunda,2020-10-17,2020-10-18,354,354,354,11382216.473396596,3766385.039793823,12991719,20201017,20201018,0.27505895171327793,0.6602340041700301,0.06470704411669191,0.5065976875287468,754431.0,0.27505895171327793,0.6602340041700301,0.06470704411669191,0.5065976875287468,754431.0,-0.10069384057971015,0.38461538461538464,-0.10069384057971015,0.38461538461538464,1,1,1,0,1,0,0,0,0
390328,ZA4,Free State,ZA4,Free State,ZA494,Mangaung,ZA494,Mangaung,2020-10-17,2020-10-18,459,458,458,12989828.366500735,3789582.008973385,15614024,20201017,20201018,0.26262942751272955,0.6754982029249197,0.06187236956235082,0.4901411892511804,826621.0,0.26262942751272955,0.6754982029249197,0.06187236956235082,0.4901411892511804,826621.0,0.27329104477611943,0.8269230769230769,0.27329104477611943,0.8269230769230769,1,1,1,0,1,0,0,0,0
390329,ZA1,Western Cape,ZA2,Eastern Cape,ZA104,Eden,ZA210,Cacadu,2020-10-17,2020-10-31,2,2,2,792724.8200739268,536601.6294778525,2428834,20201017,20201031,0.24710205256745305,0.6628052101466374,0.09009273728590954,0.4993180863678119,673839.0,0.2618455236218228,0.6571170870354837,0.08103738934269357,0.4975242081945451,491156.0,0.0004522691705790296,0.5384615384615384,-0.01848062015503876,0.5,1,1,1,0,1,0,0,0,0
390330,ZA9,Limpopo,ZA9,Limpopo,ZA934,Vhembe,ZA934,Vhembe,2020-10-17,2020-10-17,1844,897,633,117361089.4379443,18102958.06892184,13547664,20201017,20201017,0.3433867460978093,0.5887604530714541,0.06785280083073665,0.4597374214109392,1325089.0,0.3433867460978093,0.5887604530714541,0.06785280083073665,0.4597374214109392,1325089.0,-0.0767829596412556,0.4230769230769231,-0.0767829596412556,0.4230769230769231,1,1,1,0,1,0,0,0,0
390331,ZA6,North West,ZA6,North West,ZA637,Bojanala,ZA637,Bojanala,2020-10-17,2020-10-28,1,1,1,477707.2972839621,34052.56659530364,944716,20201017,20201028,0.25082919250139085,0.6903465537718604,0.05882425372674875,0.5380589003726469,1786678.0,0.25082919250139085,0.6903465537718604,0.05882425372674875,0.5380589003726469,1786678.0,0.07430676328502415,0.6538461538461539,0.07430676328502415,0.6538461538461539,1,1,1,0,1,0,0,0,0
390332,ZA6,North West,ZA6,North West,ZA639,Dr Ruth Segomotsi Mompati,ZA640,Dr Kenneth Kaunda,2020-10-17,2020-10-17,8,8,8,2168526.0742118685,863127.468253104,103644,20201017,20201017,0.3412335579082451,0.5850872971649528,0.07367914492680208,0.4911837461796937,473784.0,0.27505895171327793,0.6602340041700301,0.06470704411669191,0.5065976875287468,754431.0,-0.16626678765880218,0.2692307692307692,-0.10069384057971015,0.38461538461538464,1,1,1,0,1,0,0,0,0
390333,ZA2,Eastern Cape,ZA2,Eastern Cape,ZA213,Chris Hani,ZA213,Chris Hani,2020-10-17,2020-10-18,144,144,144,5146784.192531433,1020112.1992109437,5863823,20201017,20201018,0.334940582305372,0.572656560540376,0.09240285715425203,0.478383232498069,752217.0,0.334940582305372,0.572656560540376,0.09240285715425203,0.478383232498069,752217.0,-0.29251697892271666,0.057692307692307696,-0.29251697892271666,0.057692307692307696,1,1,1,0,1,0,0,0,0
390334,ZA5,KwaZulu-Natal,ZA5,KwaZulu-Natal,ZA595,eThekwini,ZA595,eThekwini,2020-10-17,2020-10-18,2042,2042,2042,49476482.26411749,14471009.757229026,73953895,20201017,20201018,0.2446364969883556,0.6990922562931536,0.05627124671849075,0.494610924976595,3587907.0,0.2446364969883556,0.6990922562931536,0.05627124671849075,0.494610924976595,3587907.0,0.5666580406654343,0.9230769230769231,0.5666580406654343,0.9230769230769231,1,1,1,0,1,0,0,0,0
390335,ZA5,KwaZulu-Natal,ZA5,KwaZulu-Natal,ZA528,Uthungulu,ZA526,Zululand,2020-10-17,2020-10-18,2,2,2,147813.33310549252,73190.4524676041,47420,20201017,20201018,0.3398562749304085,0.6096443299200878,0.05049939514950375,0.4759701217345943,889476.0,0.392497537624586,0.5542130860581069,0.053289376317307055,0.4651401640222711,783796.0,-0.2202014106583072,0.15384615384615385,-0.2762355212355212,0.09615384615384616,1,1,1,0,1,0,0,0,0
390336,ZA5,KwaZulu-Natal,ZA7,Gauteng,ZA521,Ugu,ZA797,Ekurhuleni,2020-10-17,2020-10-17,3,3,3,3147669.1130199656,1868808.1224656948,83336,20201017,20201017,0.32122674606698143,0.6016982741355622,0.07707497979745637,0.47391596021954596,714019.0,0.23296733680905687,0.7203157619169479,0.04671690127399521,0.5205474946472306,3739653.0,-0.09480895915678524,0.40384615384615385,0.7435109289617486,0.9615384615384616,1,1,1,0,1,0,0,0,0
390337,ZA3,Nothern Cape,ZA3,Nothern Cape,ZA309,Frances Baard,ZA309,Frances Baard,2020-10-17,2020-10-17,1490,770,526,95496629.31126107,13520714.974947147,8957747,20201017,20201017,0.2860169290028057,0.6497360787483951,0.06424699224879928,0.49189928194398214,420580.0,0.2860169290028057,0.6497360787483951,0.06424699224879928,0.49189928194398214,420580.0,0.29907801418439717,0.8846153846153846,0.29907801418439717,0.8846153846153846,1,1,1,0,1,0,0,0,0
390338,ZA9,Limpopo,ZA9,Limpopo,ZA933,Mopani,ZA933,Mopani,2020-10-17,2020-10-18,223,223,223,7465649.220472559,2403850.7107032696,8555100,20201017,20201018,0.3329418650827259,0.6026296126910996,0.06442852222617454,0.46142626187343905,1062666.0,0.3329418650827259,0.6026296126910996,0.06442852222617454,0.46142626187343905,1062666.0,-0.037928345626975765,0.4807692307692308,-0.037928345626975765,0.4807692307692308,1,1,1,0,1,0,0,0,0
390339,ZA9,Limpopo,ZA9,Limpopo,ZA934,Vhembe,ZA933,Mopani,2020-10-17,2020-10-17,21,21,21,3244575.984025664,1165444.1466804869,266662,20201017,20201017,0.3433867460978093,0.5887604530714541,0.06785280083073665,0.4597374214109392,1325089.0,0.3329418650827259,0.6026296126910996,0.06442852222617454,0.46142626187343905,1062666.0,-0.0767829596412556,0.4230769230769231,-0.037928345626975765,0.4807692307692308,1,1,1,0,1,0,0,0,0
390340,ZA1,Western Cape,ZA1,Western Cape,ZA104,Eden,ZA105,Central Karoo,2020-10-17,2020-10-17,6,6,6,4253816.512731794,2611401.1837210623,103597,20201017,20201017,0.24710205256745305,0.6628052101466374,0.09009273728590954,0.4993180863678119,673839.0,0.29415328297801036,0.633639246216906,0.07220747080508365,0.4979247763656518,77582.0,0.0004522691705790296,0.5384615384615384,-0.12604477611940298,0.3269230769230769,1,1,1,0,1,0,0,0,0
390341,ZA8,Mpumalanga,ZA8,Mpumalanga,ZA832,Ehlanzeni,ZA831,Nkangala,2020-10-17,2020-10-17,38,38,38,14694938.651459347,5510627.607409248,486241,20201017,20201017,0.32438893780700045,0.6235217992770762,0.05208926291592337,0.47979089412028486,1837538.0,0.27290691475673784,0.6711806877078121,0.055912397535449986,0.5109201270525474,1573837.0,0.1315940928270042,0.7307692307692307,0.07867808219178082,0.6730769230769231,1,1,1,0,1,0,0,0,0
390342,ZA5,KwaZulu-Natal,ZA5,KwaZulu-Natal,ZA595,eThekwini,ZA521,Ugu,2020-10-17,2020-10-17,135,135,134,36952259.84431367,11392879.15413479,1516712,20201017,20201017,0.2446364969883556,0.6990922562931536,0.05627124671849075,0.494610924976595,3587907.0,0.32122674606698143,0.6016982741355622,0.07707497979745637,0.47391596021954596,714019.0,0.5666580406654343,0.9230769230769231,-0.09480895915678524,0.40384615384615385,1,1,1,0,1,0,0,0,0
390343,ZA7,Gauteng,ZA9,Limpopo,ZA797,Ekurhuleni,ZA947,Sekhukhune,2020-10-17,2020-10-30,1,1,1,146460.42665221152,145951.20672336285,1126460,20201017,20201030,0.23296733680905687,0.7203157619169479,0.04671690127399521,0.5205474946472306,3739653.0,0.3536917516859454,0.5707075150199985,0.07560073329405607,0.46486328935523974,1125333.0,0.7435109289617486,0.9615384615384616,-0.06015677966101695,0.4423076923076923,1,1,1,0,1,0,0,0,0
390344,ZA5,KwaZulu-Natal,ZA5,KwaZulu-Natal,ZA529,iLembe,ZA528,Uthungulu,2020-10-17,2020-10-17,16,16,16,4402287.787043765,1519401.476869251,271502,20201017,20201017,0.32390440311621094,0.6202867780885334,0.05580881879525565,0.4827645772056803,636799.0,0.3398562749304085,0.6096443299200878,0.05049939514950375,0.4759701217345943,889476.0,-0.14951617873651774,0.28846153846153844,-0.2202014106583072,0.15384615384615385,1,1,1,0,1,0,0,0,0
390345,ZA5,KwaZulu-Natal,ZA7,Gauteng,ZA529,iLembe,ZA799,City of Tshwane,2020-10-17,2020-10-17,2,2,2,2441106.723720798,1256228.2701792195,51741,20201017,20201017,0.32390440311621094,0.6202867780885334,0.05580881879525565,0.4827645772056803,636799.0,0.22283079372412132,0.7204843127840075,0.056684893491871245,0.5057337597223363,3627986.0,-0.14951617873651774,0.28846153846153844,0.48224212034383956,0.9038461538461539,1,1,1,0,1,0,0,0,0
390346,ZA7,Gauteng,ZA7,Gauteng,ZA797,Ekurhuleni,ZA799,City of Tshwane,2020-10-17,2020-10-18,122,122,122,14930128.019500364,5084675.510607115,2957998,20201017,20201018,0.23296733680905687,0.7203157619169479,0.04671690127399521,0.5205474946472306,3739653.0,0.22283079372412132,0.7204843127840075,0.056684893491871245,0.5057337597223363,3627986.0,0.7435109289617486,0.9615384615384616,0.48224212034383956,0.9038461538461539,1,1,1,0,1,0,0,0,0
390347,ZA8,Mpumalanga,ZA9,Limpopo,ZA832,Ehlanzeni,ZA933,Mopani,2020-10-17,2020-10-17,31,30,30,10044685.464271111,2471079.0821567345,336294,20201017,20201017,0.32438893780700045,0.6235217992770762,0.05208926291592337,0.47979089412028486,1837538.0,0.3329418650827259,0.6026296126910996,0.06442852222617454,0.46142626187343905,1062666.0,0.1315940928270042,0.7307692307692307,-0.037928345626975765,0.4807692307692308,1,1,1,0,1,0,0,0,0
390348,ZA8,Mpumalanga,ZA9,Limpopo,ZA832,Ehlanzeni,ZA947,Sekhukhune,2020-10-17,2020-10-18,5,5,5,552412.8548997622,240617.50498747785,153363,20201017,20201018,0.32438893780700045,0.6235217992770762,0.05208926291592337,0.47979089412028486,1837538.0,0.3536917516859454,0.5707075150199985,0.07560073329405607,0.46486328935523974,1125333.0,0.1315940928270042,0.7307692307692307,-0.06015677966101695,0.4423076923076923,1,1,1,0,1,0,0,0,0
390349,ZA9,Limpopo,ZA9,Limpopo,ZA936,Waterberg,ZA934,Vhembe,2020-10-17,2020-10-17,10,10,10,9939449.196150092,2271304.6026916257,208678,20201017,20201017,0.2870915348782833,0.6477210572390478,0.06518740788266879,0.5138960603357211,718513.0,0.3433867460978093,0.5887604530714541,0.06785280083073665,0.4597374214109392,1325089.0,0.00236898395721925,0.5576923076923077,-0.0767829596412556,0.4230769230769231,1,1,1,0,1,0,0,0,0
390350,ZA1,Western Cape,,,ZA191,City of Cape Town,,,2020-10-17,2020-10-17,55,50,50,3486522.665458753,805727.3179282005,377033,20201017,20201017,0.23849582985172932,0.697186217784503,0.06431795236376775,0.4976008771049945,4436413.0,,,,,,0.7687640750670242,0.9807692307692307,,,1,1,1,0,1,0,0,0,0
390351,ZA4,Free State,ZA3,Nothern Cape,ZA416,Xhariep,ZA307,Pixley ka Seme,2020-10-17,2020-10-17,9,9,8,6857877.718839994,590066.2862864843,95593,20201017,20201017,0.29515218562959183,0.6325513667867511,0.07229644758365718,0.5005153225730198,105759.0,0.3060749448635213,0.6232332132979509,0.0706918418385278,0.5011842246002923,196331.0,0.18671264367816093,0.7692307692307693,0.1854655172413793,0.75,1,1,1,0,1,0,0,0,0
390352,ZA3,Nothern Cape,ZA3,Nothern Cape,ZA309,Frances Baard,ZA307,Pixley ka Seme,2020-10-17,2020-10-17,18,18,17,4037246.887719243,1632676.8662314033,126352,20201017,20201017,0.2860169290028057,0.6497360787483951,0.06424699224879928,0.49189928194398214,420580.0,0.3060749448635213,0.6232332132979509,0.0706918418385278,0.5011842246002923,196331.0,0.29907801418439717,0.8846153846153846,0.1854655172413793,0.75,1,1,1,0,1,0,0,0,0
390353,ZA9,Limpopo,ZA8,Mpumalanga,ZA935,Capricorn,ZA831,Nkangala,2020-10-17,2020-10-18,1,1,1,660537.665957435,332523.73417665256,80436,20201017,20201018,0.3265897738288558,0.6007690312860821,0.07264119488506209,0.472231826966417,1295656.0,0.27290691475673784,0.6711806877078121,0.055912397535449986,0.5109201270525474,1573837.0,0.07397387387387387,0.6346153846153846,0.07867808219178082,0.6730769230769231,1,1,1,0,1,0,0,0,0
390354,ZA8,Mpumalanga,ZA7,Gauteng,ZA830,Gert Sibande,ZA742,Sedibeng,2020-10-17,2020-10-17,32,32,32,6271542.308337994,2904247.844844932,269478,20201017,20201017,0.30688245639051287,0.6412288994160756,0.05188864419341153,0.49968312815881616,1136106.0,0.24393339879416723,0.6953819961266214,0.06068460507921129,0.5059130831550246,994997.0,-0.11248741610738255,0.36538461538461536,0.2808379746835443,0.8461538461538461,1,1,1,0,1,0,0,0,0
390355,ZA9,Limpopo,ZA8,Mpumalanga,ZA933,Mopani,ZA832,Ehlanzeni,2020-10-17,2020-10-31,1,1,1,111279.53901509808,110986.24871004482,1216499,20201017,20201031,0.3329418650827259,0.6026296126910996,0.06442852222617454,0.46142626187343905,1062666.0,0.32438893780700045,0.6235217992770762,0.05208926291592337,0.47979089412028486,1837538.0,-0.037928345626975765,0.4807692307692308,0.1315940928270042,0.7307692307692307,1,1,1,0,1,0,0,0,0
390356,ZA9,Limpopo,ZA7,Gauteng,ZA936,Waterberg,ZA742,Sedibeng,2020-10-17,2020-10-17,5,5,5,2550590.199287735,1286108.1767014167,73861,20201017,20201017,0.2870915348782833,0.6477210572390478,0.06518740788266879,0.5138960603357211,718513.0,0.24393339879416723,0.6953819961266214,0.06068460507921129,0.5059130831550246,994997.0,0.00236898395721925,0.5576923076923077,0.2808379746835443,0.8461538461538461,1,1,1,0,1,0,0,0,0
390357,ZA5,KwaZulu-Natal,ZA8,Mpumalanga,ZA526,Zululand,ZA830,Gert Sibande,2020-10-17,2020-10-17,9,9,8,2638931.751003909,1362357.3320893708,185987,20201017,20201017,0.392497537624586,0.5542130860581069,0.053289376317307055,0.4651401640222711,783796.0,0.30688245639051287,0.6412288994160756,0.05188864419341153,0.49968312815881616,1136106.0,-0.2762355212355212,0.09615384615384616,-0.11248741610738255,0.36538461538461536,1,1,1,0,1,0,0,0,0
390358,ZA2,Eastern Cape,ZA2,Eastern Cape,ZA214,Joe Gqabi,ZA210,Cacadu,2020-10-17,2020-10-31,1,1,1,275394.13493104494,275312.17996893555,1260484,20201017,20201031,0.3340471849013029,0.5799636495391386,0.08598916555955849,0.47733103958194023,339473.0,0.2618455236218228,0.6571170870354837,0.08103738934269357,0.4975242081945451,491156.0,-0.1839776119402985,0.21153846153846154,-0.01848062015503876,0.5,1,1,1,0,1,0,0,0,0
390359,ZA1,Western Cape,ZA1,Western Cape,ZA101,West Coast,ZA191,City of Cape Town,2020-10-17,2020-10-23,2,2,2,443766.21164711984,202220.10152138217,964065,20201017,20201023,0.24466466325617858,0.6852166396976793,0.0701186970461421,0.5060695297345649,497485.0,0.23849582985172932,0.697186217784503,0.06431795236376775,0.4976008771049945,4436413.0,-0.12079976303317536,0.34615384615384615,0.7687640750670242,0.9807692307692307,1,1,1,0,1,0,0,0,0
390360,ZA9,Limpopo,ZA8,Mpumalanga,ZA933,Mopani,ZA831,Nkangala,2020-10-17,2020-10-17,2,2,2,3030387.69755549,572723.830294347,77866,20201017,20201017,0.3329418650827259,0.6026296126910996,0.06442852222617454,0.46142626187343905,1062666.0,0.27290691475673784,0.6711806877078121,0.055912397535449986,0.5109201270525474,1573837.0,-0.037928345626975765,0.4807692307692308,0.07867808219178082,0.6730769230769231,1,1,1,0,1,0,0,0,0
390361,ZA6,North West,ZA7,Gauteng,ZA637,Bojanala,ZA748,West Rand,2020-10-17,2020-10-23,2,2,2,742678.5266411249,218781.39907428523,995729,20201017,20201023,0.25082919250139085,0.6903465537718604,0.05882425372674875,0.5380589003726469,1786678.0,0.23154887232085752,0.7207832829912092,0.047667844687933295,0.5288128906961219,856804.0,0.07430676328502415,0.6538461538461539,0.23715802469135805,0.8076923076923077,1,1,1,0,1,0,0,0,0
390362,ZA7,Gauteng,ZA5,KwaZulu-Natal,ZA797,Ekurhuleni,ZA529,iLembe,2020-10-17,2020-10-17,5,5,5,4927718.093939641,2572989.2055649296,96792,20201017,20201017,0.23296733680905687,0.7203157619169479,0.04671690127399521,0.5205474946472306,3739653.0,0.32390440311621094,0.6202867780885334,0.05580881879525565,0.4827645772056803,636799.0,0.7435109289617486,0.9615384615384616,-0.14951617873651774,0.28846153846153844,1,1,1,0,1,0,0,0,0
390363,ZA3,Nothern Cape,ZA4,Free State,ZA309,Frances Baard,ZA494,Mangaung,2020-10-17,2020-10-17,13,13,13,5630338.556129251,2331484.2396412543,177605,20201017,20201017,0.2860169290028057,0.6497360787483951,0.06424699224879928,0.49189928194398214,420580.0,0.26262942751272955,0.6754982029249197,0.06187236956235082,0.4901411892511804,826621.0,0.29907801418439717,0.8846153846153846,0.27329104477611943,0.8269230769230769,1,1,1,0,1,0,0,0,0
390364,ZA1,Western Cape,ZA1,Western Cape,ZA104,Eden,ZA191,City of Cape Town,2020-10-17,2020-10-18,5,5,5,3994103.789603452,1835488.3645532608,342394,20201017,20201018,0.24710205256745305,0.6628052101466374,0.09009273728590954,0.4993180863678119,673839.0,0.23849582985172932,0.697186217784503,0.06431795236376775,0.4976008771049945,4436413.0,0.0004522691705790296,0.5384615384615384,0.7687640750670242,0.9807692307692307,1,1,1,0,1,0,0,0,0
390365,ZA8,Mpumalanga,ZA7,Gauteng,ZA831,Nkangala,ZA798,City of Johannesburg,2020-10-17,2020-10-17,30,30,30,14709475.829917612,4954100.315231785,515007,20201017,20201017,0.27290691475673784,0.6711806877078121,0.055912397535449986,0.5109201270525474,1573837.0,0.2220629170143196,0.7299897648810346,0.047947318104645836,0.5097433964893054,5540727.0,0.07867808219178082,0.6730769230769231,0.8818060606060606,1.0,1,1,1,0,1,0,0,0,0
390366,ZA5,KwaZulu-Natal,ZA5,KwaZulu-Natal,ZA525,Amajuba,ZA526,Zululand,2020-10-17,2020-10-17,3,3,3,581831.457905781,270365.98828291654,56583,20201017,20201017,0.3311353387795859,0.6144200377537888,0.05444462346662529,0.48045773982507545,502731.0,0.392497537624586,0.5542130860581069,0.053289376317307055,0.4651401640222711,783796.0,-0.16864155251141552,0.25,-0.2762355212355212,0.09615384615384616,1,1,1,0,1,0,0,0,0
390367,ZA6,North West,ZA6,North West,ZA640,Dr Kenneth Kaunda,ZA638,Ngaka Modiri Molema,2020-10-17,2020-10-17,33,31,31,9542508.196989954,4056167.520109855,485558,20201017,20201017,0.27505895171327793,0.6602340041700301,0.06470704411669191,0.5065976875287468,754431.0,0.3236353449196357,0.6078801705223251,0.06848448455803925,0.4964769205863341,870971.0,-0.10069384057971015,0.38461538461538464,-0.18344824707846413,0.23076923076923078,1,1,1,0,1,0,0,0,0
390368,ZA4,Free State,ZA8,Mpumalanga,ZA420,Fezile Dabi,ZA830,Gert Sibande,2020-10-17,2020-10-17,6,6,6,525258.338666637,136902.48133145698,11768,20201017,20201017,0.2705098118551487,0.6604572122193,0.06903297592555128,0.5050070807202104,494300.0,0.30688245639051287,0.6412288994160756,0.05188864419341153,0.49968312815881616,1136106.0,0.2276555023923445,0.7884615384615384,-0.11248741610738255,0.36538461538461536,1,1,1,0,1,0,0,0,0
390369,ZA1,Western Cape,ZA7,Gauteng,ZA191,City of Cape Town,ZA798,City of Johannesburg,2020-10-17,2020-10-17,13,13,13,30282459.643868934,16634080.398099404,250200,20201017,20201017,0.23849582985172932,0.697186217784503,0.06431795236376775,0.4976008771049945,4436413.0,0.2220629170143196,0.7299897648810346,0.047947318104645836,0.5097433964893054,5540727.0,0.7687640750670242,0.9807692307692307,0.8818060606060606,1.0,1,1,1,0,1,0,0,0,0
390370,ZA6,North West,ZA7,Gauteng,ZA640,Dr Kenneth Kaunda,ZA748,West Rand,2020-10-17,2020-10-22,1,1,1,220210.74513837715,109519.40882066754,476756,20201017,20201022,0.27505895171327793,0.6602340041700301,0.06470704411669191,0.5065976875287468,754431.0,0.23154887232085752,0.7207832829912092,0.047667844687933295,0.5288128906961219,856804.0,-0.10069384057971015,0.38461538461538464,0.23715802469135805,0.8076923076923077,1,1,1,0,1,0,0,0,0
390371,ZA1,Western Cape,ZA1,Western Cape,ZA105,Central Karoo,ZA105,Central Karoo,2020-10-17,2020-10-18,19,19,19,347038.98237435555,24234.011561287796,859024,20201017,20201018,0.29415328297801036,0.633639246216906,0.07220747080508365,0.4979247763656518,77582.0,0.29415328297801036,0.633639246216906,0.07220747080508365,0.4979247763656518,77582.0,-0.12604477611940298,0.3269230769230769,-0.12604477611940298,0.3269230769230769,1,1,1,0,1,0,0,0,0
390372,ZA2,Eastern Cape,ZA2,Eastern Cape,ZA212,Amathole,ZA292,Buffalo City,2020-10-17,2020-10-20,1,1,1,491040.235605076,181730.54557947424,189393,20201017,20201020,0.32816698449842097,0.5696178168124134,0.1022151986891656,0.47434426623917664,789726.0,0.254980022080858,0.6758306608485358,0.06918931707060617,0.48177934914042375,760840.0,-0.3192883211678832,0.019230769230769232,0.09585175879396986,0.6923076923076923,1,1,1,0,1,0,0,0,0
390373,ZA3,Nothern Cape,ZA3,Nothern Cape,ZA345,John Taolo Gaetsewe,ZA307,Pixley ka Seme,2020-10-17,2020-10-17,1,1,1,508942.5981726631,186970.25046351345,23499,20201017,20201017,0.31986957060536586,0.628082594956317,0.05204783443831712,0.4959027820806741,258224.0,0.3060749448635213,0.6232332132979509,0.0706918418385278,0.5011842246002923,196331.0,-0.13480926430517712,0.3076923076923077,0.1854655172413793,0.75,1,1,1,0,1,0,0,0,0
390374,ZA4,Free State,ZA5,KwaZulu-Natal,ZA419,Thabo Mofutsanyane,ZA523,Uthukela,2020-10-17,2020-10-17,14,12,12,5886162.907204245,846565.7275979688,140167,20201017,20201017,0.31143326559338835,0.6251823622683981,0.06338437213821363,0.47028720831466336,662829.0,0.36014331224838336,0.5864396074090654,0.05341708034255123,0.46782833191779016,652282.0,0.10770218579234972,0.7115384615384616,-0.19841226215644822,0.19230769230769232,1,1,1,0,1,0,0,0,0
390375,ZA9,Limpopo,ZA9,Limpopo,ZA933,Mopani,ZA935,Capricorn,2020-10-17,2020-10-18,12,12,12,1642448.3674322255,752149.3895576275,338430,20201017,20201018,0.3329418650827259,0.6026296126910996,0.06442852222617454,0.46142626187343905,1062666.0,0.3265897738288558,0.6007690312860821,0.07264119488506209,0.472231826966417,1295656.0,-0.037928345626975765,0.4807692307692308,0.07397387387387387,0.6346153846153846,1,1,1,0,1,0,0,0,0
390376,ZA9,Limpopo,ZA6,North West,ZA936,Waterberg,ZA637,Bojanala,2020-10-17,2020-10-17,20,20,20,3875188.853194288,1977699.973256589,309812,20201017,20201017,0.2870915348782833,0.6477210572390478,0.06518740788266879,0.5138960603357211,718513.0,0.25082919250139085,0.6903465537718604,0.05882425372674875,0.5380589003726469,1786678.0,0.00236898395721925,0.5576923076923077,0.07430676328502415,0.6538461538461539,1,1,1,0,1,0,0,0,0
390377,ZA5,KwaZulu-Natal,ZA5,KwaZulu-Natal,ZA528,Uthungulu,ZA528,Uthungulu,2020-10-17,2020-10-21,1,1,1,209421.15104685092,104478.23180547926,354507,20201017,20201021,0.3398562749304085,0.6096443299200878,0.05049939514950375,0.4759701217345943,889476.0,0.3398562749304085,0.6096443299200878,0.05049939514950375,0.4759701217345943,889476.0,-0.2202014106583072,0.15384615384615385,-0.2202014106583072,0.15384615384615385,1,1,1,0,1,0,0,0,0
390378,ZA7,Gauteng,ZA4,Free State,ZA799,City of Tshwane,ZA494,Mangaung,2020-10-17,2020-10-17,4,4,4,3548266.5726182014,1784629.0281316824,107927,20201017,20201017,0.22283079372412132,0.7204843127840075,0.056684893491871245,0.5057337597223363,3627986.0,0.26262942751272955,0.6754982029249197,0.06187236956235082,0.4901411892511804,826621.0,0.48224212034383956,0.9038461538461539,0.27329104477611943,0.8269230769230769,1,1,1,0,1,0,0,0,0
390379,ZA5,KwaZulu-Natal,ZA5,KwaZulu-Natal,ZA595,eThekwini,ZA525,Amajuba,2020-10-17,2020-10-17,8,8,8,4795075.250483008,2299628.364978176,178810,20201017,20201017,0.2446364969883556,0.6990922562931536,0.05627124671849075,0.494610924976595,3587907.0,0.3311353387795859,0.6144200377537888,0.05444462346662529,0.48045773982507545,502731.0,0.5666580406654343,0.9230769230769231,-0.16864155251141552,0.25,1,1,1,0,1,0,0,0,0
390380,ZA4,Free State,ZA7,Gauteng,ZA418,Lejweleputswa,ZA799,City of Tshwane,2020-10-17,2020-10-17,7,7,7,4793364.708196932,2416194.845785442,149108,20201017,20201017,0.27941650281351393,0.6617931601395349,0.058790337046951115,0.500105365269169,574193.0,0.22283079372412132,0.7204843127840075,0.056684893491871245,0.5057337597223363,3627986.0,0.29495049504950493,0.8653846153846154,0.48224212034383956,0.9038461538461539,1,1,1,0,1,0,0,0,0
390381,ZA1,Western Cape,ZA1,Western Cape,ZA102,Cape Winelands,ZA104,Eden,2020-10-17,2020-10-17,15,15,15,11344473.560181314,3904852.574492098,320423,20201017,20201017,0.24989252608235304,0.6902123420738123,0.059895131843834624,0.5011121214086944,909523.0,0.24710205256745305,0.6628052101466374,0.09009273728590954,0.4993180863678119,673839.0,-0.012388831437435367,0.5192307692307693,0.0004522691705790296,0.5384615384615384,1,1,1,0,1,0,0,0,0
390382,ZA1,Western Cape,ZA2,Eastern Cape,ZA101,West Coast,ZA210,Cacadu,2020-10-17,2020-10-31,1,1,1,528375.7104869559,528375.7104869559,1250644,20201017,20201031,0.24466466325617858,0.6852166396976793,0.0701186970461421,0.5060695297345649,497485.0,0.2618455236218228,0.6571170870354837,0.08103738934269357,0.4975242081945451,491156.0,-0.12079976303317536,0.34615384615384615,-0.01848062015503876,0.5,1,1,1,0,1,0,0,0,0
390383,ZA5,KwaZulu-Natal,ZA7,Gauteng,ZA595,eThekwini,ZA798,City of Johannesburg,2020-10-17,2020-10-31,1,1,1,484584.5975026725,484270.67260318506,1194774,20201017,20201031,0.2446364969883556,0.6990922562931536,0.05627124671849075,0.494610924976595,3587907.0,0.2220629170143196,0.7299897648810346,0.047947318104645836,0.5097433964893054,5540727.0,0.5666580406654343,0.9230769230769231,0.8818060606060606,1.0,1,1,1,0,1,0,0,0,0
390384,ZA7,Gauteng,ZA5,KwaZulu-Natal,ZA797,Ekurhuleni,ZA595,eThekwini,2020-10-17,2020-10-17,27,27,27,27327787.62583908,13729878.68556882,419375,20201017,20201017,0.23296733680905687,0.7203157619169479,0.04671690127399521,0.5205474946472306,3739653.0,0.2446364969883556,0.6990922562931536,0.05627124671849075,0.494610924976595,3587907.0,0.7435109289617486,0.9615384615384616,0.5666580406654343,0.9230769230769231,1,1,1,0,1,0,0,0,0
390385,ZA9,Limpopo,ZA9,Limpopo,ZA933,Mopani,ZA933,Mopani,2020-10-17,2020-10-19,2,2,2,330701.2076137388,216851.9710694427,367101,20201017,20201019,0.3329418650827259,0.6026296126910996,0.06442852222617454,0.46142626187343905,1062666.0,0.3329418650827259,0.6026296126910996,0.06442852222617454,0.46142626187343905,1062666.0,-0.037928345626975765,0.4807692307692308,-0.037928345626975765,0.4807692307692308,1,1,1,0,1,0,0,0,0
390386,ZA5,KwaZulu-Natal,ZA5,KwaZulu-Natal,ZA529,iLembe,ZA521,Ugu,2020-10-17,2020-10-17,5,5,5,1574532.3272991152,706861.9848761543,65331,20201017,20201017,0.32390440311621094,0.6202867780885334,0.05580881879525565,0.4827645772056803,636799.0,0.32122674606698143,0.6016982741355622,0.07707497979745637,0.47391596021954596,714019.0,-0.14951617873651774,0.28846153846153844,-0.09480895915678524,0.40384615384615385,1,1,1,0,1,0,0,0,0
390387,ZA7,Gauteng,ZA5,KwaZulu-Natal,ZA798,City of Johannesburg,ZA522,Umgungundlovu,2020-10-17,2020-10-17,11,11,11,10591783.348455932,5333587.881030569,254722,20201017,20201017,0.2220629170143196,0.7299897648810346,0.047947318104645836,0.5097433964893054,5540727.0,0.2748377359932372,0.663873035280183,0.06128922872657978,0.48236181888519014,1046905.0,0.8818060606060606,1.0,0.0061256544502617805,0.5769230769230769,1,1,1,0,1,0,0,0,0
390388,ZA2,Eastern Cape,ZA2,Eastern Cape,ZA215,O.R.Tambo,ZA213,Chris Hani,2020-10-17,2020-10-17,3,3,3,939373.24594977,418241.0325538835,55083,20201017,20201017,0.38804558548824664,0.5482866433400703,0.06366777117168307,0.4623163104135049,1358678.0,0.334940582305372,0.572656560540376,0.09240285715425203,0.478383232498069,752217.0,-0.23807536101083035,0.1346153846153846,-0.29251697892271666,0.057692307692307696,1,1,1,0,1,0,0,0,0
390389,ZA8,Mpumalanga,ZA7,Gauteng,ZA832,Ehlanzeni,ZA799,City of Tshwane,2020-10-17,2020-10-17,9,9,9,7467902.020339308,2996122.2674142234,192549,20201017,20201017,0.32438893780700045,0.6235217992770762,0.05208926291592337,0.47979089412028486,1837538.0,0.22283079372412132,0.7204843127840075,0.056684893491871245,0.5057337597223363,3627986.0,0.1315940928270042,0.7307692307692307,0.48224212034383956,0.9038461538461539,1,1,1,0,1,0,0,0,0
390390,ZA7,Gauteng,ZA7,Gauteng,ZA797,Ekurhuleni,ZA742,Sedibeng,2020-10-17,2020-10-18,39,39,39,3819076.2374184728,1462522.0023202766,1109055,20201017,20201018,0.23296733680905687,0.7203157619169479,0.04671690127399521,0.5205474946472306,3739653.0,0.24393339879416723,0.6953819961266214,0.06068460507921129,0.5059130831550246,994997.0,0.7435109289617486,0.9615384615384616,0.2808379746835443,0.8461538461538461,1,1,1,0,1,0,0,0,0
390391,ZA2,Eastern Cape,ZA7,Gauteng,ZA215,O.R.Tambo,ZA798,City of Johannesburg,2020-10-17,2020-10-17,1,1,1,705807.055141267,650015.9335772851,15326,20201017,20201017,0.38804558548824664,0.5482866433400703,0.06366777117168307,0.4623163104135049,1358678.0,0.2220629170143196,0.7299897648810346,0.047947318104645836,0.5097433964893054,5540727.0,-0.23807536101083035,0.1346153846153846,0.8818060606060606,1.0,1,1,1,0,1,0,0,0,0
390392,ZA9,Limpopo,ZA9,Limpopo,ZA933,Mopani,ZA934,Vhembe,2020-10-17,2020-10-24,1,1,1,87980.3202048487,85171.82373739072,586688,20201017,20201024,0.3329418650827259,0.6026296126910996,0.06442852222617454,0.46142626187343905,1062666.0,0.3433867460978093,0.5887604530714541,0.06785280083073665,0.4597374214109392,1325089.0,-0.037928345626975765,0.4807692307692308,-0.0767829596412556,0.4230769230769231,1,1,1,0,1,0,0,0,0
390393,ZA2,Eastern Cape,ZA2,Eastern Cape,ZA292,Buffalo City,ZA292,Buffalo City,2020-10-17,2020-10-20,1,1,1,44090.17479773944,5981.082945924018,218841,20201017,20201020,0.254980022080858,0.6758306608485358,0.06918931707060617,0.48177934914042375,760840.0,0.254980022080858,0.6758306608485358,0.06918931707060617,0.48177934914042375,760840.0,0.09585175879396986,0.6923076923076923,0.09585175879396986,0.6923076923076923,1,1,1,0,1,0,0,0,0
390394,ZA1,Western Cape,ZA4,Free State,ZA104,Eden,ZA418,Lejweleputswa,2020-10-17,2020-10-17,1,1,1,2835850.4775188603,1269497.939131584,22547,20201017,20201017,0.24710205256745305,0.6628052101466374,0.09009273728590954,0.4993180863678119,673839.0,0.27941650281351393,0.6617931601395349,0.058790337046951115,0.500105365269169,574193.0,0.0004522691705790296,0.5384615384615384,0.29495049504950493,0.8653846153846154,1,1,1,0,1,0,0,0,0
390395,ZA6,North West,ZA7,Gauteng,ZA637,Bojanala,ZA797,Ekurhuleni,2020-10-17,2020-10-18,49,49,49,7903204.544221714,3227307.5912165386,949270,20201017,20201018,0.25082919250139085,0.6903465537718604,0.05882425372674875,0.5380589003726469,1786678.0,0.23296733680905687,0.7203157619169479,0.04671690127399521,0.5205474946472306,3739653.0,0.07430676328502415,0.6538461538461539,0.7435109289617486,0.9615384615384616,1,1,1,0,1,0,0,0,0
390396,ZA1,Western Cape,ZA1,Western Cape,ZA103,Overberg,ZA102,Cape Winelands,2020-10-17,2020-10-22,1,1,1,91778.8794230308,91676.54516486952,412988,20201017,20201022,0.22836513904770692,0.6721314716747349,0.09950338927755827,0.511077351980676,303457.0,0.24989252608235304,0.6902123420738123,0.059895131843834624,0.5011121214086944,909523.0,0.051486772486772484,0.5961538461538461,-0.012388831437435367,0.5192307692307693,1,1,1,0,1,0,0,0,0
390397,ZA5,KwaZulu-Natal,ZA5,KwaZulu-Natal,ZA523,Uthukela,ZA595,eThekwini,2020-10-17,2020-10-17,14,14,14,9978905.22668454,3535239.7364864717,243414,20201017,20201017,0.36014331224838336,0.5864396074090654,0.05341708034255123,0.46782833191779016,652282.0,0.2446364969883556,0.6990922562931536,0.05627124671849075,0.494610924976595,3587907.0,-0.19841226215644822,0.19230769230769232,0.5666580406654343,0.9230769230769231,1,1,1,0,1,0,0,0,0
390398,ZA9,Limpopo,ZA8,Mpumalanga,ZA947,Sekhukhune,ZA832,Ehlanzeni,2020-10-17,2020-10-29,1,1,1,241208.58679937763,104726.93737498672,984911,20201017,20201029,0.3536917516859454,0.5707075150199985,0.07560073329405607,0.46486328935523974,1125333.0,0.32438893780700045,0.6235217992770762,0.05208926291592337,0.47979089412028486,1837538.0,-0.06015677966101695,0.4423076923076923,0.1315940928270042,0.7307692307692307,1,1,1,0,1,0,0,0,0
390399,ZA7,Gauteng,ZA9,Limpopo,ZA799,City of Tshwane,ZA933,Mopani,2020-10-17,2020-10-18,2,2,2,2548928.356280656,726774.0464351987,148976,20201017,20201018,0.22283079372412132,0.7204843127840075,0.056684893491871245,0.5057337597223363,3627986.0,0.3329418650827259,0.6026296126910996,0.06442852222617454,0.46142626187343905,1062666.0,0.48224212034383956,0.9038461538461539,-0.037928345626975765,0.4807692307692308,1,1,1,0,1,0,0,0,0
390400,ZA8,Mpumalanga,ZA4,Free State,ZA832,Ehlanzeni,ZA419,Thabo Mofutsanyane,2020-10-17,2020-10-17,2,2,2,2620471.9889445333,1046794.9272230592,63015,20201017,20201017,0.32438893780700045,0.6235217992770762,0.05208926291592337,0.47979089412028486,1837538.0,0.31143326559338835,0.6251823622683981,0.06338437213821363,0.47028720831466336,662829.0,0.1315940928270042,0.7307692307692307,0.10770218579234972,0.7115384615384616,1,1,1,0,1,0,0,0,0
390401,ZA7,Gauteng,ZA8,Mpumalanga,ZA799,City of Tshwane,ZA830,Gert Sibande,2020-10-17,2020-10-17,29,29,29,11184258.902816152,5771001.756776735,438087,20201017,20201017,0.22283079372412132,0.7204843127840075,0.056684893491871245,0.5057337597223363,3627986.0,0.30688245639051287,0.6412288994160756,0.05188864419341153,0.49968312815881616,1136106.0,0.48224212034383956,0.9038461538461539,-0.11248741610738255,0.36538461538461536,1,1,1,0,1,0,0,0,0
390402,ZA7,Gauteng,ZA6,North West,ZA799,City of Tshwane,ZA637,Bojanala,2020-10-17,2020-10-18,23,23,23,1896166.9375324224,820622.4160832025,603391,20201017,20201018,0.22283079372412132,0.7204843127840075,0.056684893491871245,0.5057337597223363,3627986.0,0.25082919250139085,0.6903465537718604,0.05882425372674875,0.5380589003726469,1786678.0,0.48224212034383956,0.9038461538461539,0.07430676328502415,0.6538461538461539,1,1,1,0,1,0,0,0,0
390403,ZA2,Eastern Cape,ZA2,Eastern Cape,ZA210,Cacadu,ZA213,Chris Hani,2020-10-17,2020-10-17,6,6,6,4147988.2384825153,1105632.894780664,101945,20201017,20201017,0.2618455236218228,0.6571170870354837,0.08103738934269357,0.4975242081945451,491156.0,0.334940582305372,0.572656560540376,0.09240285715425203,0.478383232498069,752217.0,-0.01848062015503876,0.5,-0.29251697892271666,0.057692307692307696,1,1,1,0,1,0,0,0,0
390404,ZA9,Limpopo,ZA8,Mpumalanga,ZA933,Mopani,ZA832,Ehlanzeni,2020-10-17,2020-10-17,40,38,38,8724266.21748902,2776898.7859902866,392943,20201017,20201017,0.3329418650827259,0.6026296126910996,0.06442852222617454,0.46142626187343905,1062666.0,0.32438893780700045,0.6235217992770762,0.05208926291592337,0.47979089412028486,1837538.0,-0.037928345626975765,0.4807692307692308,0.1315940928270042,0.7307692307692307,1,1,1,0,1,0,0,0,0
390405,ZA2,Eastern Cape,ZA2,Eastern Cape,ZA212,Amathole,ZA212,Amathole,2020-10-17,2020-10-18,88,88,88,2303394.341571561,609957.2759606782,3855907,20201017,20201018,0.32816698449842097,0.5696178168124134,0.1022151986891656,0.47434426623917664,789726.0,0.32816698449842097,0.5696178168124134,0.1022151986891656,0.47434426623917664,789726.0,-0.3192883211678832,0.019230769230769232,-0.3192883211678832,0.019230769230769232,1,1,1,0,1,0,0,0,0
390406,ZA8,Mpumalanga,ZA7,Gauteng,ZA831,Nkangala,ZA799,City of Tshwane,2020-10-17,2020-10-23,2,2,2,418597.6781739988,183744.018730138,999005,20201017,20201023,0.27290691475673784,0.6711806877078121,0.055912397535449986,0.5109201270525474,1573837.0,0.22283079372412132,0.7204843127840075,0.056684893491871245,0.5057337597223363,3627986.0,0.07867808219178082,0.6730769230769231,0.48224212034383956,0.9038461538461539,1,1,1,0,1,0,0,0,0
390407,ZA1,Western Cape,,,ZA101,West Coast,,,2020-10-17,2020-10-17,7,6,6,508423.4860290451,43082.41513633233,9159,20201017,20201017,0.24466466325617858,0.6852166396976793,0.0701186970461421,0.5060695297345649,497485.0,,,,,,-0.12079976303317536,0.34615384615384615,,,1,1,1,0,1,0,0,0,0
390409,ZA1,Western Cape,ZA3,Nothern Cape,ZA105,Central Karoo,ZA307,Pixley ka Seme,2020-10-17,2020-10-17,5,5,4,1618147.511117705,620851.360443624,34196,20201017,20201017,0.29415328297801036,0.633639246216906,0.07220747080508365,0.4979247763656518,77582.0,0.3060749448635213,0.6232332132979509,0.0706918418385278,0.5011842246002923,196331.0,-0.12604477611940298,0.3269230769230769,0.1854655172413793,0.75,1,1,1,0,1,0,0,0,0
390410,ZA7,Gauteng,ZA8,Mpumalanga,ZA798,City of Johannesburg,ZA832,Ehlanzeni,2020-10-17,2020-10-17,15,15,15,11883667.077267991,5389269.81835385,366253,20201017,20201017,0.2220629170143196,0.7299897648810346,0.047947318104645836,0.5097433964893054,5540727.0,0.32438893780700045,0.6235217992770762,0.05208926291592337,0.47979089412028486,1837538.0,0.8818060606060606,1.0,0.1315940928270042,0.7307692307692307,1,1,1,0,1,0,0,0,0
390411,ZA1,Western Cape,ZA1,Western Cape,ZA103,Overberg,ZA191,City of Cape Town,2020-10-17,2020-10-27,1,1,1,42986.41826431029,42966.35503774517,864150,20201017,20201027,0.22836513904770692,0.6721314716747349,0.09950338927755827,0.511077351980676,303457.0,0.23849582985172932,0.697186217784503,0.06431795236376775,0.4976008771049945,4436413.0,0.051486772486772484,0.5961538461538461,0.7687640750670242,0.9807692307692307,1,1,1,0,1,0,0,0,0
390412,ZA2,Eastern Cape,ZA2,Eastern Cape,ZA215,O.R.Tambo,ZA212,Amathole,2020-10-17,2020-10-17,6,6,6,1797334.9568177385,554046.1055820496,56376,20201017,20201017,0.38804558548824664,0.5482866433400703,0.06366777117168307,0.4623163104135049,1358678.0,0.32816698449842097,0.5696178168124134,0.1022151986891656,0.47434426623917664,789726.0,-0.23807536101083035,0.1346153846153846,-0.3192883211678832,0.019230769230769232,1,1,1,0,1,0,0,0,0
390413,ZA7,Gauteng,ZA1,Western Cape,ZA798,City of Johannesburg,ZA191,City of Cape Town,2020-10-17,2020-10-17,16,16,16,41900794.85124026,20290213.870644405,352118,20201017,20201017,0.2220629170143196,0.7299897648810346,0.047947318104645836,0.5097433964893054,5540727.0,0.23849582985172932,0.697186217784503,0.06431795236376775,0.4976008771049945,4436413.0,0.8818060606060606,1.0,0.7687640750670242,0.9807692307692307,1,1,1,0,1,0,0,0,0
390414,ZA5,KwaZulu-Natal,ZA5,KwaZulu-Natal,ZA528,Uthungulu,ZA529,iLembe,2020-10-17,2020-10-17,24,23,23,7922146.914933111,2268036.6673330683,365001,20201017,20201017,0.3398562749304085,0.6096443299200878,0.05049939514950375,0.4759701217345943,889476.0,0.32390440311621094,0.6202867780885334,0.05580881879525565,0.4827645772056803,636799.0,-0.2202014106583072,0.15384615384615385,-0.14951617873651774,0.28846153846153844,1,1,1,0,1,0,0,0,0
390415,ZA5,KwaZulu-Natal,ZA5,KwaZulu-Natal,ZA524,Umzinyathi,ZA523,Uthukela,2020-10-17,2020-10-17,6,6,6,741535.0534458375,271836.5177479248,66181,20201017,20201017,0.3952311253914291,0.5454951881678106,0.05927368644076033,0.451447242842509,514461.0,0.36014331224838336,0.5864396074090654,0.05341708034255123,0.46782833191779016,652282.0,-0.28225945945945946,0.07692307692307693,-0.19841226215644822,0.19230769230769232,1,1,1,0,1,0,0,0,0
390416,ZA9,Limpopo,ZA7,Gauteng,ZA935,Capricorn,ZA799,City of Tshwane,2020-10-17,2020-10-17,13,13,13,11185720.735602649,3620914.852784227,263464,20201017,20201017,0.3265897738288558,0.6007690312860821,0.07264119488506209,0.472231826966417,1295656.0,0.22283079372412132,0.7204843127840075,0.056684893491871245,0.5057337597223363,3627986.0,0.07397387387387387,0.6346153846153846,0.48224212034383956,0.9038461538461539,1,1,1,0,1,0,0,0,0
390417,ZA1,Western Cape,ZA2,Eastern Cape,ZA191,City of Cape Town,ZA293,Nelson Mandela Bay,2020-10-17,2020-10-18,1,1,1,691399.4447436624,691399.4447436624,54699,20201017,20201018,0.23849582985172932,0.697186217784503,0.06431795236376775,0.4976008771049945,4436413.0,0.2465186661259611,0.6842154879637478,0.0692658459102911,0.4877654529777138,1230491.0,0.7687640750670242,0.9807692307692307,0.5740514018691588,0.9423076923076923,1,1,1,0,1,0,0,0,0
390418,ZA9,Limpopo,ZA6,North West,ZA936,Waterberg,ZA639,Dr Ruth Segomotsi Mompati,2020-10-17,2020-10-17,1,1,1,2693389.6527651525,448976.5472461323,27931,20201017,20201017,0.2870915348782833,0.6477210572390478,0.06518740788266879,0.5138960603357211,718513.0,0.3412335579082451,0.5850872971649528,0.07367914492680208,0.4911837461796937,473784.0,0.00236898395721925,0.5576923076923077,-0.16626678765880218,0.2692307692307692,1,1,1,0,1,0,0,0,0
390419,ZA2,Eastern Cape,ZA2,Eastern Cape,ZA293,Nelson Mandela Bay,ZA292,Buffalo City,2020-10-17,2020-10-17,5,5,5,3038114.0014658296,1405079.3106039686,91202,20201017,20201017,0.2465186661259611,0.6842154879637478,0.0692658459102911,0.4877654529777138,1230491.0,0.254980022080858,0.6758306608485358,0.06918931707060617,0.48177934914042375,760840.0,0.5740514018691588,0.9423076923076923,0.09585175879396986,0.6923076923076923,1,1,1,0,1,0,0,0,0
390420,ZA5,KwaZulu-Natal,ZA7,Gauteng,ZA525,Amajuba,ZA798,City of Johannesburg,2020-10-17,2020-10-17,3,3,3,1474979.3460310511,825426.104308862,56253,20201017,20201017,0.3311353387795859,0.6144200377537888,0.05444462346662529,0.48045773982507545,502731.0,0.2220629170143196,0.7299897648810346,0.047947318104645836,0.5097433964893054,5540727.0,-0.16864155251141552,0.25,0.8818060606060606,1.0,1,1,1,0,1,0,0,0,0
390421,ZA7,Gauteng,ZA4,Free State,ZA748,West Rand,ZA420,Fezile Dabi,2020-10-17,2020-10-17,21,21,21,3597901.09718088,1545525.812693205,244266,20201017,20201017,0.23154887232085752,0.7207832829912092,0.047667844687933295,0.5288128906961219,856804.0,0.2705098118551487,0.6604572122193,0.06903297592555128,0.5050070807202104,494300.0,0.23715802469135805,0.8076923076923077,0.2276555023923445,0.7884615384615384,1,1,1,0,1,0,0,0,0
390422,ZA3,Nothern Cape,ZA6,North West,ZA309,Frances Baard,ZA639,Dr Ruth Segomotsi Mompati,2020-10-17,2020-10-17,15,15,15,1831701.145525982,817380.2107576235,136372,20201017,20201017,0.2860169290028057,0.6497360787483951,0.06424699224879928,0.49189928194398214,420580.0,0.3412335579082451,0.5850872971649528,0.07367914492680208,0.4911837461796937,473784.0,0.29907801418439717,0.8846153846153846,-0.16626678765880218,0.2692307692307692,1,1,1,0,1,0,0,0,0
390423,ZA8,Mpumalanga,ZA9,Limpopo,ZA831,Nkangala,ZA933,Mopani,2020-10-17,2020-10-17,1,1,1,739308.1088185826,232559.26361760852,13969,20201017,20201017,0.27290691475673784,0.6711806877078121,0.055912397535449986,0.5109201270525474,1573837.0,0.3329418650827259,0.6026296126910996,0.06442852222617454,0.46142626187343905,1062666.0,0.07867808219178082,0.6730769230769231,-0.037928345626975765,0.4807692307692308,1,1,1,0,1,0,0,0,0
390424,ZA4,Free State,ZA4,Free State,ZA494,Mangaung,ZA418,Lejweleputswa,2020-10-17,2020-10-20,2,2,2,878276.0397009061,282920.0076985161,471218,20201017,20201020,0.26262942751272955,0.6754982029249197,0.06187236956235082,0.4901411892511804,826621.0,0.27941650281351393,0.6617931601395349,0.058790337046951115,0.500105365269169,574193.0,0.27329104477611943,0.8269230769230769,0.29495049504950493,0.8653846153846154,1,1,1,0,1,0,0,0,0
390425,ZA5,KwaZulu-Natal,ZA2,Eastern Cape,ZA543,Sisonke,ZA244,Alfred Nzo,2020-10-17,2020-10-17,17,17,15,1654694.1673343526,825302.7576157739,177480,20201017,20201017,0.37293146983899067,0.5707096800166399,0.05635885014436937,0.4671305273563743,447117.0,0.40782127157510134,0.5221222097470932,0.07005651867780548,0.4576553946475353,788235.0,-0.2112274881516588,0.17307692307692307,-0.27396673320026615,0.11538461538461539,1,1,1,0,1,0,0,0,0
390426,ZA2,Eastern Cape,ZA1,Western Cape,ZA292,Buffalo City,ZA191,City of Cape Town,2020-10-17,2020-10-18,1,1,1,1857189.0030217897,948540.310903376,55309,20201017,20201018,0.254980022080858,0.6758306608485358,0.06918931707060617,0.48177934914042375,760840.0,0.23849582985172932,0.697186217784503,0.06431795236376775,0.4976008771049945,4436413.0,0.09585175879396986,0.6923076923076923,0.7687640750670242,0.9807692307692307,1,1,1,0,1,0,0,0,0
390427,ZA7,Gauteng,ZA6,North West,ZA798,City of Johannesburg,ZA640,Dr Kenneth Kaunda,2020-10-17,2020-10-19,2,2,2,674491.6206215848,258060.63238576235,376133,20201017,20201019,0.2220629170143196,0.7299897648810346,0.047947318104645836,0.5097433964893054,5540727.0,0.27505895171327793,0.6602340041700301,0.06470704411669191,0.5065976875287468,754431.0,0.8818060606060606,1.0,-0.10069384057971015,0.38461538461538464,1,1,1,0,1,0,0,0,0
390428,ZA4,Free State,ZA7,Gauteng,ZA420,Fezile Dabi,ZA799,City of Tshwane,2020-10-17,2020-10-17,16,16,16,5763999.975244247,2775472.3348306734,229946,20201017,20201017,0.2705098118551487,0.6604572122193,0.06903297592555128,0.5050070807202104,494300.0,0.22283079372412132,0.7204843127840075,0.056684893491871245,0.5057337597223363,3627986.0,0.2276555023923445,0.7884615384615384,0.48224212034383956,0.9038461538461539,1,1,1,0,1,0,0,0,0
390429,ZA4,Free State,ZA7,Gauteng,ZA419,Thabo Mofutsanyane,ZA799,City of Tshwane,2020-10-17,2020-10-18,1,1,1,689857.6320299619,315273.3668163361,78633,20201017,20201018,0.31143326559338835,0.6251823622683981,0.06338437213821363,0.47028720831466336,662829.0,0.22283079372412132,0.7204843127840075,0.056684893491871245,0.5057337597223363,3627986.0,0.10770218579234972,0.7115384615384616,0.48224212034383956,0.9038461538461539,1,1,1,0,1,0,0,0,0
390430,ZA6,North West,ZA6,North West,ZA640,Dr Kenneth Kaunda,ZA639,Dr Ruth Segomotsi Mompati,2020-10-17,2020-10-17,9,9,9,3046702.6129160877,967787.4487967334,128715,20201017,20201017,0.27505895171327793,0.6602340041700301,0.06470704411669191,0.5065976875287468,754431.0,0.3412335579082451,0.5850872971649528,0.07367914492680208,0.4911837461796937,473784.0,-0.10069384057971015,0.38461538461538464,-0.16626678765880218,0.2692307692307692,1,1,1,0,1,0,0,0,0
390431,ZA5,KwaZulu-Natal,ZA2,Eastern Cape,ZA521,Ugu,ZA244,Alfred Nzo,2020-10-17,2020-10-17,18,18,18,4284993.818668407,800113.7807167752,101449,20201017,20201017,0.32122674606698143,0.6016982741355622,0.07707497979745637,0.47391596021954596,714019.0,0.40782127157510134,0.5221222097470932,0.07005651867780548,0.4576553946475353,788235.0,-0.09480895915678524,0.40384615384615385,-0.27396673320026615,0.11538461538461539,1,1,1,0,1,0,0,0,0
390432,ZA8,Mpumalanga,ZA5,KwaZulu-Natal,ZA831,Nkangala,ZA527,Umkhanyakude,2020-10-17,2020-10-17,1,1,1,955432.7990580254,439845.74343618535,27715,20201017,20201017,0.27290691475673784,0.6711806877078121,0.055912397535449986,0.5109201270525474,1573837.0,0.40017378652548197,0.5489306999026919,0.05089551357182606,0.4622270789873748,643318.0,0.07867808219178082,0.6730769230769231,-0.31784377542717657,0.038461538461538464,1,1,1,0,1,0,0,0,0
390433,ZA9,Limpopo,ZA9,Limpopo,ZA933,Mopani,ZA935,Capricorn,2020-10-17,2020-10-26,1,1,1,321373.3431575274,131630.12859516125,727915,20201017,20201026,0.3329418650827259,0.6026296126910996,0.06442852222617454,0.46142626187343905,1062666.0,0.3265897738288558,0.6007690312860821,0.07264119488506209,0.472231826966417,1295656.0,-0.037928345626975765,0.4807692307692308,0.07397387387387387,0.6346153846153846,1,1,1,0,1,0,0,0,0
390434,ZA8,Mpumalanga,ZA5,KwaZulu-Natal,ZA830,Gert Sibande,ZA529,iLembe,2020-10-17,2020-10-17,2,2,2,8868017.790899988,809037.7029594128,56096,20201017,20201017,0.30688245639051287,0.6412288994160756,0.05188864419341153,0.49968312815881616,1136106.0,0.32390440311621094,0.6202867780885334,0.05580881879525565,0.4827645772056803,636799.0,-0.11248741610738255,0.36538461538461536,-0.14951617873651774,0.28846153846153844,1,1,1,0,1,0,0,0,0
390435,ZA9,Limpopo,ZA9,Limpopo,ZA936,Waterberg,ZA936,Waterberg,2020-10-17,2020-10-29,1,1,1,2785.596408259888,2785.596408259888,1002524,20201017,20201029,0.2870915348782833,0.6477210572390478,0.06518740788266879,0.5138960603357211,718513.0,0.2870915348782833,0.6477210572390478,0.06518740788266879,0.5138960603357211,718513.0,0.00236898395721925,0.5576923076923077,0.00236898395721925,0.5576923076923077,1,1,1,0,1,0,0,0,0
390436,ZA7,Gauteng,ZA9,Limpopo,ZA798,City of Johannesburg,ZA936,Waterberg,2020-10-17,2020-10-17,19,19,19,8603731.22517894,4239298.3014859725,354949,20201017,20201017,0.2220629170143196,0.7299897648810346,0.047947318104645836,0.5097433964893054,5540727.0,0.2870915348782833,0.6477210572390478,0.06518740788266879,0.5138960603357211,718513.0,0.8818060606060606,1.0,0.00236898395721925,0.5576923076923077,1,1,1,0,1,0,0,0,0
390437,ZA7,Gauteng,ZA6,North West,ZA748,West Rand,ZA637,Bojanala,2020-10-17,2020-10-18,11,11,11,1372712.1972086704,570384.7070824916,240189,20201017,20201018,0.23154887232085752,0.7207832829912092,0.047667844687933295,0.5288128906961219,856804.0,0.25082919250139085,0.6903465537718604,0.05882425372674875,0.5380589003726469,1786678.0,0.23715802469135805,0.8076923076923077,0.07430676328502415,0.6538461538461539,1,1,1,0,1,0,0,0,0
390438,ZA9,Limpopo,ZA9,Limpopo,ZA935,Capricorn,ZA934,Vhembe,2020-10-17,2020-10-18,2,2,2,571511.3495064707,290953.0090192859,60830,20201017,20201018,0.3265897738288558,0.6007690312860821,0.07264119488506209,0.472231826966417,1295656.0,0.3433867460978093,0.5887604530714541,0.06785280083073665,0.4597374214109392,1325089.0,0.07397387387387387,0.6346153846153846,-0.0767829596412556,0.4230769230769231,1,1,1,0,1,0,0,0,0
390440,ZA8,Mpumalanga,ZA6,North West,ZA831,Nkangala,ZA637,Bojanala,2020-10-17,2020-10-17,6,6,6,2013385.212233704,927980.355907497,145509,20201017,20201017,0.27290691475673784,0.6711806877078121,0.055912397535449986,0.5109201270525474,1573837.0,0.25082919250139085,0.6903465537718604,0.05882425372674875,0.5380589003726469,1786678.0,0.07867808219178082,0.6730769230769231,0.07430676328502415,0.6538461538461539,1,1,1,0,1,0,0,0,0
390441,ZA7,Gauteng,ZA7,Gauteng,ZA748,West Rand,ZA799,City of Tshwane,2020-10-17,2020-10-18,33,33,33,3987865.941233771,1783026.986709474,876384,20201017,20201018,0.23154887232085752,0.7207832829912092,0.047667844687933295,0.5288128906961219,856804.0,0.22283079372412132,0.7204843127840075,0.056684893491871245,0.5057337597223363,3627986.0,0.23715802469135805,0.8076923076923077,0.48224212034383956,0.9038461538461539,1,1,1,0,1,0,0,0,0
390442,ZA5,KwaZulu-Natal,ZA7,Gauteng,ZA521,Ugu,ZA798,City of Johannesburg,2020-10-17,2020-10-17,3,3,3,3931774.37594642,1951240.822029978,103991,20201017,20201017,0.32122674606698143,0.6016982741355622,0.07707497979745637,0.47391596021954596,714019.0,0.2220629170143196,0.7299897648810346,0.047947318104645836,0.5097433964893054,5540727.0,-0.09480895915678524,0.40384615384615385,0.8818060606060606,1.0,1,1,1,0,1,0,0,0,0
390443,ZA9,Limpopo,ZA6,North West,ZA947,Sekhukhune,ZA637,Bojanala,2020-10-17,2020-10-17,3,3,3,1293166.0220177935,694673.4745170921,54144,20201017,20201017,0.3536917516859454,0.5707075150199985,0.07560073329405607,0.46486328935523974,1125333.0,0.25082919250139085,0.6903465537718604,0.05882425372674875,0.5380589003726469,1786678.0,-0.06015677966101695,0.4423076923076923,0.07430676328502415,0.6538461538461539,1,1,1,0,1,0,0,0,0
390444,ZA1,Western Cape,ZA2,Eastern Cape,ZA104,Eden,ZA292,Buffalo City,2020-10-17,2020-10-17,1,1,1,1043513.6632226576,460791.0428063207,27231,20201017,20201017,0.24710205256745305,0.6628052101466374,0.09009273728590954,0.4993180863678119,673839.0,0.254980022080858,0.6758306608485358,0.06918931707060617,0.48177934914042375,760840.0,0.0004522691705790296,0.5384615384615384,0.09585175879396986,0.6923076923076923,1,1,1,0,1,0,0,0,0
390445,ZA5,KwaZulu-Natal,ZA5,KwaZulu-Natal,ZA524,Umzinyathi,ZA522,Umgungundlovu,2020-10-17,2020-10-17,13,13,13,1740143.049662575,794987.3125105139,245143,20201017,20201017,0.3952311253914291,0.5454951881678106,0.05927368644076033,0.451447242842509,514461.0,0.2748377359932372,0.663873035280183,0.06128922872657978,0.48236181888519014,1046905.0,-0.28225945945945946,0.07692307692307693,0.0061256544502617805,0.5769230769230769,1,1,1,0,1,0,0,0,0
390446,ZA9,Limpopo,ZA7,Gauteng,ZA947,Sekhukhune,ZA798,City of Johannesburg,2020-10-17,2020-10-18,1,1,1,869872.5787937691,356956.3715157561,51975,20201017,20201018,0.3536917516859454,0.5707075150199985,0.07560073329405607,0.46486328935523974,1125333.0,0.2220629170143196,0.7299897648810346,0.047947318104645836,0.5097433964893054,5540727.0,-0.06015677966101695,0.4423076923076923,0.8818060606060606,1.0,1,1,1,0,1,0,0,0,0
390447,ZA7,Gauteng,ZA7,Gauteng,ZA799,City of Tshwane,ZA797,Ekurhuleni,2020-10-17,2020-10-30,1,1,1,265405.75593759486,95791.03974185196,1057283,20201017,20201030,0.22283079372412132,0.7204843127840075,0.056684893491871245,0.5057337597223363,3627986.0,0.23296733680905687,0.7203157619169479,0.04671690127399521,0.5205474946472306,3739653.0,0.48224212034383956,0.9038461538461539,0.7435109289617486,0.9615384615384616,1,1,1,0,1,0,0,0,0
390448,ZA4,Free State,ZA2,Eastern Cape,ZA494,Mangaung,ZA210,Cacadu,2020-10-17,2020-10-17,2,2,2,4121923.312159572,1081826.4253054112,50234,20201017,20201017,0.26262942751272955,0.6754982029249197,0.06187236956235082,0.4901411892511804,826621.0,0.2618455236218228,0.6571170870354837,0.08103738934269357,0.4975242081945451,491156.0,0.27329104477611943,0.8269230769230769,-0.01848062015503876,0.5,1,1,1,0,1,0,0,0,0
390449,ZA4,Free State,ZA7,Gauteng,ZA416,Xhariep,ZA797,Ekurhuleni,2020-10-17,2020-10-17,1,1,1,2102880.579611881,535840.8215898459,31814,20201017,20201017,0.29515218562959183,0.6325513667867511,0.07229644758365718,0.5005153225730198,105759.0,0.23296733680905687,0.7203157619169479,0.04671690127399521,0.5205474946472306,3739653.0,0.18671264367816093,0.7692307692307693,0.7435109289617486,0.9615384615384616,1,1,1,0,1,0,0,0,0
390450,ZA2,Eastern Cape,ZA7,Gauteng,ZA293,Nelson Mandela Bay,ZA799,City of Tshwane,2020-10-17,2020-10-17,4,4,4,5117513.8380328175,3805852.671300705,68071,20201017,20201017,0.2465186661259611,0.6842154879637478,0.0692658459102911,0.4877654529777138,1230491.0,0.22283079372412132,0.7204843127840075,0.056684893491871245,0.5057337597223363,3627986.0,0.5740514018691588,0.9423076923076923,0.48224212034383956,0.9038461538461539,1,1,1,0,1,0,0,0,0
390451,ZA7,Gauteng,ZA9,Limpopo,ZA798,City of Johannesburg,ZA933,Mopani,2020-10-17,2020-10-17,10,10,10,8785367.239719797,4008316.793402792,267633,20201017,20201017,0.2220629170143196,0.7299897648810346,0.047947318104645836,0.5097433964893054,5540727.0,0.3329418650827259,0.6026296126910996,0.06442852222617454,0.46142626187343905,1062666.0,0.8818060606060606,1.0,-0.037928345626975765,0.4807692307692308,1,1,1,0,1,0,0,0,0
390452,ZA5,KwaZulu-Natal,ZA4,Free State,ZA595,eThekwini,ZA419,Thabo Mofutsanyane,2020-10-17,2020-10-17,9,9,9,8995385.017764796,2735305.411341581,141336,20201017,20201017,0.2446364969883556,0.6990922562931536,0.05627124671849075,0.494610924976595,3587907.0,0.31143326559338835,0.6251823622683981,0.06338437213821363,0.47028720831466336,662829.0,0.5666580406654343,0.9230769230769231,0.10770218579234972,0.7115384615384616,1,1,1,0,1,0,0,0,0
390453,ZA2,Eastern Cape,ZA2,Eastern Cape,ZA215,O.R.Tambo,ZA214,Joe Gqabi,2020-10-17,2020-10-17,5,5,5,2095688.7729564528,326984.15446176194,65737,20201017,20201017,0.38804558548824664,0.5482866433400703,0.06366777117168307,0.4623163104135049,1358678.0,0.3340471849013029,0.5799636495391386,0.08598916555955849,0.47733103958194023,339473.0,-0.23807536101083035,0.1346153846153846,-0.1839776119402985,0.21153846153846154,1,1,1,0,1,0,0,0,0
390454,ZA4,Free State,ZA7,Gauteng,ZA420,Fezile Dabi,ZA748,West Rand,2020-10-17,2020-10-17,14,14,14,2384203.623809335,1114684.6007042348,227100,20201017,20201017,0.2705098118551487,0.6604572122193,0.06903297592555128,0.5050070807202104,494300.0,0.23154887232085752,0.7207832829912092,0.047667844687933295,0.5288128906961219,856804.0,0.2276555023923445,0.7884615384615384,0.23715802469135805,0.8076923076923077,1,1,1,0,1,0,0,0,0
390455,ZA2,Eastern Cape,ZA2,Eastern Cape,ZA210,Cacadu,ZA292,Buffalo City,2020-10-17,2020-10-17,4,4,4,1788028.0384222523,940848.8026938124,96421,20201017,20201017,0.2618455236218228,0.6571170870354837,0.08103738934269357,0.4975242081945451,491156.0,0.254980022080858,0.6758306608485358,0.06918931707060617,0.48177934914042375,760840.0,-0.01848062015503876,0.5,0.09585175879396986,0.6923076923076923,1,1,1,0,1,0,0,0,0
390456,ZA8,Mpumalanga,ZA5,KwaZulu-Natal,ZA830,Gert Sibande,ZA524,Umzinyathi,2020-10-17,2020-10-17,1,1,1,502981.780553385,189158.6472222254,17665,20201017,20201017,0.30688245639051287,0.6412288994160756,0.05188864419341153,0.49968312815881616,1136106.0,0.3952311253914291,0.5454951881678106,0.05927368644076033,0.451447242842509,514461.0,-0.11248741610738255,0.36538461538461536,-0.28225945945945946,0.07692307692307693,1,1,1,0,1,0,0,0,0
390458,ZA5,KwaZulu-Natal,ZA8,Mpumalanga,ZA525,Amajuba,ZA831,Nkangala,2020-10-17,2020-10-17,1,1,1,1180021.7276147888,228843.1808885793,15162,20201017,20201017,0.3311353387795859,0.6144200377537888,0.05444462346662529,0.48045773982507545,502731.0,0.27290691475673784,0.6711806877078121,0.055912397535449986,0.5109201270525474,1573837.0,-0.16864155251141552,0.25,0.07867808219178082,0.6730769230769231,1,1,1,0,1,0,0,0,0
390459,ZA3,Nothern Cape,ZA4,Free State,ZA308,Z F Mgcawu,ZA494,Mangaung,2020-10-17,2020-10-17,1,1,1,1078096.6446751223,544154.6857373067,24374,20201017,20201017,0.27601757542529287,0.6641943181028425,0.059788106471864645,0.5142626583989065,258998.0,0.26262942751272955,0.6754982029249197,0.06187236956235082,0.4901411892511804,826621.0,-0.04016603773584906,0.46153846153846156,0.27329104477611943,0.8269230769230769,1,1,1,0,1,0,0,0,0
390460,ZA9,Limpopo,ZA7,Gauteng,ZA935,Capricorn,ZA798,City of Johannesburg,2020-10-17,2020-10-17,9,9,9,6530980.039603328,2896190.393341976,182699,20201017,20201017,0.3265897738288558,0.6007690312860821,0.07264119488506209,0.472231826966417,1295656.0,0.2220629170143196,0.7299897648810346,0.047947318104645836,0.5097433964893054,5540727.0,0.07397387387387387,0.6346153846153846,0.8818060606060606,1.0,1,1,1,0,1,0,0,0,0
390461,ZA1,Western Cape,ZA7,Gauteng,ZA104,Eden,ZA798,City of Johannesburg,2020-10-17,2020-10-17,2,2,2,2631725.817058126,2202621.2995540183,67857,20201017,20201017,0.24710205256745305,0.6628052101466374,0.09009273728590954,0.4993180863678119,673839.0,0.2220629170143196,0.7299897648810346,0.047947318104645836,0.5097433964893054,5540727.0,0.0004522691705790296,0.5384615384615384,0.8818060606060606,1.0,1,1,1,0,1,0,0,0,0
390462,ZA9,Limpopo,ZA7,Gauteng,ZA933,Mopani,ZA799,City of Tshwane,2020-10-17,2020-10-17,6,6,6,4471743.499347739,2292385.5555686112,117224,20201017,20201017,0.3329418650827259,0.6026296126910996,0.06442852222617454,0.46142626187343905,1062666.0,0.22283079372412132,0.7204843127840075,0.056684893491871245,0.5057337597223363,3627986.0,-0.037928345626975765,0.4807692307692308,0.48224212034383956,0.9038461538461539,1,1,1,0,1,0,0,0,0
390463,ZA5,KwaZulu-Natal,ZA5,KwaZulu-Natal,ZA529,iLembe,ZA543,Sisonke,2020-10-17,2020-10-17,5,5,5,2690461.2761346046,1318886.4121645165,55906,20201017,20201017,0.32390440311621094,0.6202867780885334,0.05580881879525565,0.4827645772056803,636799.0,0.37293146983899067,0.5707096800166399,0.05635885014436937,0.4671305273563743,447117.0,-0.14951617873651774,0.28846153846153844,-0.2112274881516588,0.17307692307692307,1,1,1,0,1,0,0,0,0
390464,ZA5,KwaZulu-Natal,ZA7,Gauteng,ZA595,eThekwini,ZA797,Ekurhuleni,2020-10-17,2020-10-18,1,1,1,1010659.543951716,508281.7430378345,16678,20201017,20201018,0.2446364969883556,0.6990922562931536,0.05627124671849075,0.494610924976595,3587907.0,0.23296733680905687,0.7203157619169479,0.04671690127399521,0.5205474946472306,3739653.0,0.5666580406654343,0.9230769230769231,0.7435109289617486,0.9615384615384616,1,1,1,0,1,0,0,0,0
390465,ZA7,Gauteng,ZA6,North West,ZA797,Ekurhuleni,ZA638,Ngaka Modiri Molema,2020-10-17,2020-10-17,2,2,2,998365.268575396,444508.9897647435,26570,20201017,20201017,0.23296733680905687,0.7203157619169479,0.04671690127399521,0.5205474946472306,3739653.0,0.3236353449196357,0.6078801705223251,0.06848448455803925,0.4964769205863341,870971.0,0.7435109289617486,0.9615384615384616,-0.18344824707846413,0.23076923076923078,1,1,1,0,1,0,0,0,0
390466,ZA5,KwaZulu-Natal,ZA2,Eastern Cape,ZA521,Ugu,ZA244,Alfred Nzo,2020-10-17,2020-10-18,3,3,3,555969.3540729897,115373.00091465004,85023,20201017,20201018,0.32122674606698143,0.6016982741355622,0.07707497979745637,0.47391596021954596,714019.0,0.40782127157510134,0.5221222097470932,0.07005651867780548,0.4576553946475353,788235.0,-0.09480895915678524,0.40384615384615385,-0.27396673320026615,0.11538461538461539,1,1,1,0,1,0,0,0,0
390467,ZA7,Gauteng,ZA9,Limpopo,ZA797,Ekurhuleni,ZA933,Mopani,2020-10-17,2020-10-17,5,5,5,4263443.962005257,2240439.3178013656,187360,20201017,20201017,0.23296733680905687,0.7203157619169479,0.04671690127399521,0.5205474946472306,3739653.0,0.3329418650827259,0.6026296126910996,0.06442852222617454,0.46142626187343905,1062666.0,0.7435109289617486,0.9615384615384616,-0.037928345626975765,0.4807692307692308,1,1,1,0,1,0,0,0,0
390468,ZA7,Gauteng,ZA9,Limpopo,ZA798,City of Johannesburg,ZA934,Vhembe,2020-10-17,2020-10-17,3,3,3,2444701.134310594,1323493.0420240343,109162,20201017,20201017,0.2220629170143196,0.7299897648810346,0.047947318104645836,0.5097433964893054,5540727.0,0.3433867460978093,0.5887604530714541,0.06785280083073665,0.4597374214109392,1325089.0,0.8818060606060606,1.0,-0.0767829596412556,0.4230769230769231,1,1,1,0,1,0,0,0,0
390469,ZA7,Gauteng,ZA2,Eastern Cape,ZA742,Sedibeng,ZA293,Nelson Mandela Bay,2020-10-17,2020-10-17,1,1,1,2467307.243932331,1036749.22964204,38275,20201017,20201017,0.24393339879416723,0.6953819961266214,0.06068460507921129,0.5059130831550246,994997.0,0.2465186661259611,0.6842154879637478,0.0692658459102911,0.4877654529777138,1230491.0,0.2808379746835443,0.8461538461538461,0.5740514018691588,0.9423076923076923,1,1,1,0,1,0,0,0,0
390470,ZA4,Free State,ZA4,Free State,ZA420,Fezile Dabi,ZA420,Fezile Dabi,2020-10-17,2020-10-19,1,1,1,1004.6312027311473,994.7992693476496,146828,20201017,20201019,0.2705098118551487,0.6604572122193,0.06903297592555128,0.5050070807202104,494300.0,0.2705098118551487,0.6604572122193,0.06903297592555128,0.5050070807202104,494300.0,0.2276555023923445,0.7884615384615384,0.2276555023923445,0.7884615384615384,1,1,1,0,1,0,0,0,0
390471,ZA4,Free State,ZA2,Eastern Cape,ZA494,Mangaung,ZA214,Joe Gqabi,2020-10-17,2020-10-17,5,5,5,2457327.486921777,1160052.3745023266,74092,20201017,20201017,0.26262942751272955,0.6754982029249197,0.06187236956235082,0.4901411892511804,826621.0,0.3340471849013029,0.5799636495391386,0.08598916555955849,0.47733103958194023,339473.0,0.27329104477611943,0.8269230769230769,-0.1839776119402985,0.21153846153846154,1,1,1,0,1,0,0,0,0
390472,ZA7,Gauteng,ZA4,Free State,ZA799,City of Tshwane,ZA416,Xhariep,2020-10-17,2020-10-17,1,1,1,1108959.5186730665,1108959.5186730665,44538,20201017,20201017,0.22283079372412132,0.7204843127840075,0.056684893491871245,0.5057337597223363,3627986.0,0.29515218562959183,0.6325513667867511,0.07229644758365718,0.5005153225730198,105759.0,0.48224212034383956,0.9038461538461539,0.18671264367816093,0.7692307692307693,1,1,1,0,1,0,0,0,0
390473,ZA2,Eastern Cape,ZA4,Free State,ZA214,Joe Gqabi,ZA416,Xhariep,2020-10-17,2020-10-17,13,13,13,2621805.13079389,739661.9713252103,152583,20201017,20201017,0.3340471849013029,0.5799636495391386,0.08598916555955849,0.47733103958194023,339473.0,0.29515218562959183,0.6325513667867511,0.07229644758365718,0.5005153225730198,105759.0,-0.1839776119402985,0.21153846153846154,0.18671264367816093,0.7692307692307693,1,1,1,0,1,0,0,0,0
390474,ZA8,Mpumalanga,ZA9,Limpopo,ZA830,Gert Sibande,ZA947,Sekhukhune,2020-10-17,2020-10-17,1,1,1,170341.79607637812,149776.77732600394,3186,20201017,20201017,0.30688245639051287,0.6412288994160756,0.05188864419341153,0.49968312815881616,1136106.0,0.3536917516859454,0.5707075150199985,0.07560073329405607,0.46486328935523974,1125333.0,-0.11248741610738255,0.36538461538461536,-0.06015677966101695,0.4423076923076923,1,1,1,0,1,0,0,0,0
390475,ZA1,Western Cape,ZA7,Gauteng,ZA191,City of Cape Town,ZA748,West Rand,2020-10-17,2020-10-17,1,1,1,2705753.7031804724,1309854.3168966228,11006,20201017,20201017,0.23849582985172932,0.697186217784503,0.06431795236376775,0.4976008771049945,4436413.0,0.23154887232085752,0.7207832829912092,0.047667844687933295,0.5288128906961219,856804.0,0.7687640750670242,0.9807692307692307,0.23715802469135805,0.8076923076923077,1,1,1,0,1,0,0,0,0
390476,ZA1,Western Cape,ZA4,Free State,ZA102,Cape Winelands,ZA416,Xhariep,2020-10-17,2020-10-17,1,1,1,1651874.9949105212,836615.3390964223,30451,20201017,20201017,0.24989252608235304,0.6902123420738123,0.059895131843834624,0.5011121214086944,909523.0,0.29515218562959183,0.6325513667867511,0.07229644758365718,0.5005153225730198,105759.0,-0.012388831437435367,0.5192307692307693,0.18671264367816093,0.7692307692307693,1,1,1,0,1,0,0,0,0
390477,ZA2,Eastern Cape,,,ZA292,Buffalo City,,,2020-10-17,2020-10-17,4,4,3,122455.24011196576,66879.57347405178,8174,20201017,20201017,0.254980022080858,0.6758306608485358,0.06918931707060617,0.48177934914042375,760840.0,,,,,,0.09585175879396986,0.6923076923076923,,,1,1,1,0,1,0,0,0,0
390479,ZA5,KwaZulu-Natal,ZA8,Mpumalanga,ZA523,Uthukela,ZA832,Ehlanzeni,2020-10-17,2020-10-17,1,1,1,1797657.7498677515,526346.1284414533,27656,20201017,20201017,0.36014331224838336,0.5864396074090654,0.05341708034255123,0.46782833191779016,652282.0,0.32438893780700045,0.6235217992770762,0.05208926291592337,0.47979089412028486,1837538.0,-0.19841226215644822,0.19230769230769232,0.1315940928270042,0.7307692307692307,1,1,1,0,1,0,0,0,0
390480,ZA7,Gauteng,ZA2,Eastern Cape,ZA798,City of Johannesburg,ZA210,Cacadu,2020-10-17,2020-10-18,1,1,1,1908362.385196723,924270.6411597535,56638,20201017,20201018,0.2220629170143196,0.7299897648810346,0.047947318104645836,0.5097433964893054,5540727.0,0.2618455236218228,0.6571170870354837,0.08103738934269357,0.4975242081945451,491156.0,0.8818060606060606,1.0,-0.01848062015503876,0.5,1,1,1,0,1,0,0,0,0
390481,ZA7,Gauteng,ZA2,Eastern Cape,ZA797,Ekurhuleni,ZA293,Nelson Mandela Bay,2020-10-17,2020-10-17,4,4,4,5908672.7719283085,3620892.3951015873,55278,20201017,20201017,0.23296733680905687,0.7203157619169479,0.04671690127399521,0.5205474946472306,3739653.0,0.2465186661259611,0.6842154879637478,0.0692658459102911,0.4877654529777138,1230491.0,0.7435109289617486,0.9615384615384616,0.5740514018691588,0.9423076923076923,1,1,1,0,1,0,0,0,0
390482,ZA6,North West,ZA7,Gauteng,ZA638,Ngaka Modiri Molema,ZA797,Ekurhuleni,2020-10-17,2020-10-18,1,1,1,461360.157664257,212531.02639515008,112578,20201017,20201018,0.3236353449196357,0.6078801705223251,0.06848448455803925,0.4964769205863341,870971.0,0.23296733680905687,0.7203157619169479,0.04671690127399521,0.5205474946472306,3739653.0,-0.18344824707846413,0.23076923076923078,0.7435109289617486,0.9615384615384616,1,1,1,0,1,0,0,0,0
390483,ZA9,Limpopo,ZA9,Limpopo,ZA936,Waterberg,ZA936,Waterberg,2020-10-17,2020-10-24,2,2,2,641116.0641044695,151883.47504501676,1200716,20201017,20201024,0.2870915348782833,0.6477210572390478,0.06518740788266879,0.5138960603357211,718513.0,0.2870915348782833,0.6477210572390478,0.06518740788266879,0.5138960603357211,718513.0,0.00236898395721925,0.5576923076923077,0.00236898395721925,0.5576923076923077,1,1,1,0,1,0,0,0,0
390484,ZA5,KwaZulu-Natal,ZA5,KwaZulu-Natal,ZA524,Umzinyathi,ZA524,Umzinyathi,2020-10-17,2020-10-31,1,1,1,4513.74814506257,1993.1273105866244,1202898,20201017,20201031,0.3952311253914291,0.5454951881678106,0.05927368644076033,0.451447242842509,514461.0,0.3952311253914291,0.5454951881678106,0.05927368644076033,0.451447242842509,514461.0,-0.28225945945945946,0.07692307692307693,-0.28225945945945946,0.07692307692307693,1,1,1,0,1,0,0,0,0
390485,ZA4,Free State,ZA1,Western Cape,ZA494,Mangaung,ZA105,Central Karoo,2020-10-17,2020-10-18,1,1,1,2748830.738366541,707128.2254558108,30073,20201017,20201018,0.26262942751272955,0.6754982029249197,0.06187236956235082,0.4901411892511804,826621.0,0.29415328297801036,0.633639246216906,0.07220747080508365,0.4979247763656518,77582.0,0.27329104477611943,0.8269230769230769,-0.12604477611940298,0.3269230769230769,1,1,1,0,1,0,0,0,0
390486,ZA9,Limpopo,ZA9,Limpopo,ZA935,Capricorn,ZA935,Capricorn,2020-10-17,2020-10-24,1,1,1,11017.7120432425,11017.7120432425,573905,20201017,20201024,0.3265897738288558,0.6007690312860821,0.07264119488506209,0.472231826966417,1295656.0,0.3265897738288558,0.6007690312860821,0.07264119488506209,0.472231826966417,1295656.0,0.07397387387387387,0.6346153846153846,0.07397387387387387,0.6346153846153846,1,1,1,0,1,0,0,0,0
390487,ZA7,Gauteng,ZA4,Free State,ZA799,City of Tshwane,ZA420,Fezile Dabi,2020-10-17,2020-10-17,17,17,17,7758625.466077657,2762797.184568968,185813,20201017,20201017,0.22283079372412132,0.7204843127840075,0.056684893491871245,0.5057337597223363,3627986.0,0.2705098118551487,0.6604572122193,0.06903297592555128,0.5050070807202104,494300.0,0.48224212034383956,0.9038461538461539,0.2276555023923445,0.7884615384615384,1,1,1,0,1,0,0,0,0
390488,ZA2,Eastern Cape,ZA2,Eastern Cape,ZA293,Nelson Mandela Bay,ZA213,Chris Hani,2020-10-17,2020-10-21,1,1,1,988144.0879909816,278132.4661699104,382184,20201017,20201021,0.2465186661259611,0.6842154879637478,0.0692658459102911,0.4877654529777138,1230491.0,0.334940582305372,0.572656560540376,0.09240285715425203,0.478383232498069,752217.0,0.5740514018691588,0.9423076923076923,-0.29251697892271666,0.057692307692307696,1,1,1,0,1,0,0,0,0
390489,ZA8,Mpumalanga,ZA9,Limpopo,ZA830,Gert Sibande,ZA934,Vhembe,2020-10-17,2020-10-29,1,1,1,2145417.719610324,448341.16931988666,1012742,20201017,20201029,0.30688245639051287,0.6412288994160756,0.05188864419341153,0.49968312815881616,1136106.0,0.3433867460978093,0.5887604530714541,0.06785280083073665,0.4597374214109392,1325089.0,-0.11248741610738255,0.36538461538461536,-0.0767829596412556,0.4230769230769231,1,1,1,0,1,0,0,0,0
390490,ZA7,Gauteng,ZA7,Gauteng,ZA799,City of Tshwane,ZA748,West Rand,2020-10-17,2020-10-18,6,6,6,739119.9417687851,317543.67157209344,137537,20201017,20201018,0.22283079372412132,0.7204843127840075,0.056684893491871245,0.5057337597223363,3627986.0,0.23154887232085752,0.7207832829912092,0.047667844687933295,0.5288128906961219,856804.0,0.48224212034383956,0.9038461538461539,0.23715802469135805,0.8076923076923077,1,1,1,0,1,0,0,0,0
390491,ZA9,Limpopo,ZA9,Limpopo,ZA935,Capricorn,ZA933,Mopani,2020-10-17,2020-10-18,5,5,5,731396.25048021,437325.7143350988,203844,20201017,20201018,0.3265897738288558,0.6007690312860821,0.07264119488506209,0.472231826966417,1295656.0,0.3329418650827259,0.6026296126910996,0.06442852222617454,0.46142626187343905,1062666.0,0.07397387387387387,0.6346153846153846,-0.037928345626975765,0.4807692307692308,1,1,1,0,1,0,0,0,0
390492,ZA9,Limpopo,ZA9,Limpopo,ZA936,Waterberg,ZA936,Waterberg,2020-10-17,2020-10-19,1,1,1,173324.4518023423,84489.10908511978,187753,20201017,20201019,0.2870915348782833,0.6477210572390478,0.06518740788266879,0.5138960603357211,718513.0,0.2870915348782833,0.6477210572390478,0.06518740788266879,0.5138960603357211,718513.0,0.00236898395721925,0.5576923076923077,0.00236898395721925,0.5576923076923077,1,1,1,0,1,0,0,0,0
390493,ZA4,Free State,ZA7,Gauteng,ZA420,Fezile Dabi,ZA799,City of Tshwane,2020-10-17,2020-10-18,3,3,3,892597.3044058993,480323.837529179,205045,20201017,20201018,0.2705098118551487,0.6604572122193,0.06903297592555128,0.5050070807202104,494300.0,0.22283079372412132,0.7204843127840075,0.056684893491871245,0.5057337597223363,3627986.0,0.2276555023923445,0.7884615384615384,0.48224212034383956,0.9038461538461539,1,1,1,0,1,0,0,0,0
390494,ZA5,KwaZulu-Natal,ZA5,KwaZulu-Natal,ZA527,Umkhanyakude,ZA595,eThekwini,2020-10-17,2020-10-17,2,2,2,1759025.2018461046,668195.8443848907,42361,20201017,20201017,0.40017378652548197,0.5489306999026919,0.05089551357182606,0.4622270789873748,643318.0,0.2446364969883556,0.6990922562931536,0.05627124671849075,0.494610924976595,3587907.0,-0.31784377542717657,0.038461538461538464,0.5666580406654343,0.9230769230769231,1,1,1,0,1,0,0,0,0
390495,ZA2,Eastern Cape,ZA2,Eastern Cape,ZA213,Chris Hani,ZA213,Chris Hani,2020-10-17,2020-10-29,1,1,1,361635.9108449708,32562.490967040914,985476,20201017,20201029,0.334940582305372,0.572656560540376,0.09240285715425203,0.478383232498069,752217.0,0.334940582305372,0.572656560540376,0.09240285715425203,0.478383232498069,752217.0,-0.29251697892271666,0.057692307692307696,-0.29251697892271666,0.057692307692307696,1,1,1,0,1,0,0,0,0
390496,ZA2,Eastern Cape,ZA4,Free State,ZA212,Amathole,ZA416,Xhariep,2020-10-17,2020-10-18,1,1,1,1041602.1721826711,347961.0218406957,59422,20201017,20201018,0.32816698449842097,0.5696178168124134,0.1022151986891656,0.47434426623917664,789726.0,0.29515218562959183,0.6325513667867511,0.07229644758365718,0.5005153225730198,105759.0,-0.3192883211678832,0.019230769230769232,0.18671264367816093,0.7692307692307693,1,1,1,0,1,0,0,0,0
390497,ZA2,Eastern Cape,ZA2,Eastern Cape,ZA292,Buffalo City,ZA213,Chris Hani,2020-10-17,2020-10-17,10,10,10,5054740.171132638,1732675.867582124,202437,20201017,20201017,0.254980022080858,0.6758306608485358,0.06918931707060617,0.48177934914042375,760840.0,0.334940582305372,0.572656560540376,0.09240285715425203,0.478383232498069,752217.0,0.09585175879396986,0.6923076923076923,-0.29251697892271666,0.057692307692307696,1,1,1,0,1,0,0,0,0
390498,ZA9,Limpopo,ZA9,Limpopo,ZA934,Vhembe,ZA934,Vhembe,2020-10-17,2020-10-24,2,2,2,85709.28155261764,85077.63996241451,1152600,20201017,20201024,0.3433867460978093,0.5887604530714541,0.06785280083073665,0.4597374214109392,1325089.0,0.3433867460978093,0.5887604530714541,0.06785280083073665,0.4597374214109392,1325089.0,-0.0767829596412556,0.4230769230769231,-0.0767829596412556,0.4230769230769231,1,1,1,0,1,0,0,0,0
390499,ZA8,Mpumalanga,ZA8,Mpumalanga,ZA831,Nkangala,ZA831,Nkangala,2020-10-17,2020-10-19,3,3,3,736611.6438262695,305088.819600596,518707,20201017,20201019,0.27290691475673784,0.6711806877078121,0.055912397535449986,0.5109201270525474,1573837.0,0.27290691475673784,0.6711806877078121,0.055912397535449986,0.5109201270525474,1573837.0,0.07867808219178082,0.6730769230769231,0.07867808219178082,0.6730769230769231,1,1,1,0,1,0,0,0,0
390500,ZA4,Free State,ZA1,Western Cape,ZA494,Mangaung,ZA105,Central Karoo,2020-10-17,2020-10-17,1,1,1,1924649.2565815568,701732.0206437797,28427,20201017,20201017,0.26262942751272955,0.6754982029249197,0.06187236956235082,0.4901411892511804,826621.0,0.29415328297801036,0.633639246216906,0.07220747080508365,0.4979247763656518,77582.0,0.27329104477611943,0.8269230769230769,-0.12604477611940298,0.3269230769230769,1,1,1,0,1,0,0,0,0
390501,ZA2,Eastern Cape,ZA3,Nothern Cape,ZA213,Chris Hani,ZA307,Pixley ka Seme,2020-10-17,2020-10-17,1,1,1,103968.655789879,51974.30169309327,14816,20201017,20201017,0.334940582305372,0.572656560540376,0.09240285715425203,0.478383232498069,752217.0,0.3060749448635213,0.6232332132979509,0.0706918418385278,0.5011842246002923,196331.0,-0.29251697892271666,0.057692307692307696,0.1854655172413793,0.75,1,1,1,0,1,0,0,0,0
390502,ZA4,Free State,ZA4,Free State,ZA419,Thabo Mofutsanyane,ZA418,Lejweleputswa,2020-10-17,2020-10-17,8,8,8,2683693.7239999184,1576435.543157582,106326,20201017,20201017,0.31143326559338835,0.6251823622683981,0.06338437213821363,0.47028720831466336,662829.0,0.27941650281351393,0.6617931601395349,0.058790337046951115,0.500105365269169,574193.0,0.10770218579234972,0.7115384615384616,0.29495049504950493,0.8653846153846154,1,1,1,0,1,0,0,0,0
390503,ZA7,Gauteng,ZA1,Western Cape,ZA797,Ekurhuleni,ZA191,City of Cape Town,2020-10-17,2020-10-22,1,1,1,2762168.7152309944,1302356.8218199883,409623,20201017,20201022,0.23296733680905687,0.7203157619169479,0.04671690127399521,0.5205474946472306,3739653.0,0.23849582985172932,0.697186217784503,0.06431795236376775,0.4976008771049945,4436413.0,0.7435109289617486,0.9615384615384616,0.7687640750670242,0.9807692307692307,1,1,1,0,1,0,0,0,0
390504,ZA2,Eastern Cape,ZA5,KwaZulu-Natal,ZA292,Buffalo City,ZA543,Sisonke,2020-10-17,2020-10-17,1,1,1,664436.6235462583,333108.4948601517,21890,20201017,20201017,0.254980022080858,0.6758306608485358,0.06918931707060617,0.48177934914042375,760840.0,0.37293146983899067,0.5707096800166399,0.05635885014436937,0.4671305273563743,447117.0,0.09585175879396986,0.6923076923076923,-0.2112274881516588,0.17307692307692307,1,1,1,0,1,0,0,0,0
390505,ZA7,Gauteng,ZA7,Gauteng,ZA797,Ekurhuleni,ZA748,West Rand,2020-10-17,2020-10-18,10,10,10,1102637.669983158,494123.7624250286,295119,20201017,20201018,0.23296733680905687,0.7203157619169479,0.04671690127399521,0.5205474946472306,3739653.0,0.23154887232085752,0.7207832829912092,0.047667844687933295,0.5288128906961219,856804.0,0.7435109289617486,0.9615384615384616,0.23715802469135805,0.8076923076923077,1,1,1,0,1,0,0,0,0
390506,ZA6,North West,ZA3,Nothern Cape,ZA639,Dr Ruth Segomotsi Mompati,ZA345,John Taolo Gaetsewe,2020-10-17,2020-10-18,1,1,1,23857.916555325668,12092.592822192346,14452,20201017,20201018,0.3412335579082451,0.5850872971649528,0.07367914492680208,0.4911837461796937,473784.0,0.31986957060536586,0.628082594956317,0.05204783443831712,0.4959027820806741,258224.0,-0.16626678765880218,0.2692307692307692,-0.13480926430517712,0.3076923076923077,1,1,1,0,1,0,0,0,0
390507,ZA4,Free State,ZA3,Nothern Cape,ZA416,Xhariep,ZA309,Frances Baard,2020-10-17,2020-10-17,16,16,14,1441323.8291033146,743227.1254666791,86261,20201017,20201017,0.29515218562959183,0.6325513667867511,0.07229644758365718,0.5005153225730198,105759.0,0.2860169290028057,0.6497360787483951,0.06424699224879928,0.49189928194398214,420580.0,0.18671264367816093,0.7692307692307693,0.29907801418439717,0.8846153846153846,1,1,1,0,1,0,0,0,0
390508,ZA5,KwaZulu-Natal,ZA8,Mpumalanga,ZA522,Umgungundlovu,ZA830,Gert Sibande,2020-10-17,2020-10-17,4,4,4,2728581.085316599,1372462.902363029,73948,20201017,20201017,0.2748377359932372,0.663873035280183,0.06128922872657978,0.48236181888519014,1046905.0,0.30688245639051287,0.6412288994160756,0.05188864419341153,0.49968312815881616,1136106.0,0.0061256544502617805,0.5769230769230769,-0.11248741610738255,0.36538461538461536,1,1,1,0,1,0,0,0,0
390509,ZA6,North West,ZA5,KwaZulu-Natal,ZA640,Dr Kenneth Kaunda,ZA525,Amajuba,2020-10-17,2020-10-17,1,1,1,356199.62619639,356199.62619639,23879,20201017,20201017,0.27505895171327793,0.6602340041700301,0.06470704411669191,0.5065976875287468,754431.0,0.3311353387795859,0.6144200377537888,0.05444462346662529,0.48045773982507545,502731.0,-0.10069384057971015,0.38461538461538464,-0.16864155251141552,0.25,1,1,1,0,1,0,0,0,0
390510,ZA7,Gauteng,ZA8,Mpumalanga,ZA748,West Rand,ZA832,Ehlanzeni,2020-10-17,2020-10-18,1,1,1,405937.3785585079,404031.71305920416,38765,20201017,20201018,0.23154887232085752,0.7207832829912092,0.047667844687933295,0.5288128906961219,856804.0,0.32438893780700045,0.6235217992770762,0.05208926291592337,0.47979089412028486,1837538.0,0.23715802469135805,0.8076923076923077,0.1315940928270042,0.7307692307692307,1,1,1,0,1,0,0,0,0
390511,ZA7,Gauteng,ZA1,Western Cape,ZA798,City of Johannesburg,ZA102,Cape Winelands,2020-10-17,2020-10-17,1,1,1,1252247.227895371,1252241.6119380528,29216,20201017,20201017,0.2220629170143196,0.7299897648810346,0.047947318104645836,0.5097433964893054,5540727.0,0.24989252608235304,0.6902123420738123,0.059895131843834624,0.5011121214086944,909523.0,0.8818060606060606,1.0,-0.012388831437435367,0.5192307692307693,1,1,1,0,1,0,0,0,0
390512,ZA2,Eastern Cape,ZA2,Eastern Cape,ZA293,Nelson Mandela Bay,ZA210,Cacadu,2020-10-17,2020-10-18,11,11,11,1355836.4216089954,644094.8027140044,334282,20201017,20201018,0.2465186661259611,0.6842154879637478,0.0692658459102911,0.4877654529777138,1230491.0,0.2618455236218228,0.6571170870354837,0.08103738934269357,0.4975242081945451,491156.0,0.5740514018691588,0.9423076923076923,-0.01848062015503876,0.5,1,1,1,0,1,0,0,0,0
390513,ZA1,Western Cape,ZA7,Gauteng,ZA101,West Coast,ZA797,Ekurhuleni,2020-10-17,2020-10-17,2,2,2,5179833.729344929,2524730.738422227,45311,20201017,20201017,0.24466466325617858,0.6852166396976793,0.0701186970461421,0.5060695297345649,497485.0,0.23296733680905687,0.7203157619169479,0.04671690127399521,0.5205474946472306,3739653.0,-0.12079976303317536,0.34615384615384615,0.7435109289617486,0.9615384615384616,1,1,1,0,1,0,0,0,0
390514,ZA3,Nothern Cape,ZA1,Western Cape,ZA306,Namakwa,ZA103,Overberg,2020-10-17,2020-10-17,1,1,1,652474.7420510924,554859.5361640566,32505,20201017,20201017,0.2479438366342976,0.6592106724059887,0.09284549095971371,0.5132337492633683,117087.0,0.22836513904770692,0.6721314716747349,0.09950338927755827,0.511077351980676,303457.0,0.06505633802816901,0.6153846153846154,0.051486772486772484,0.5961538461538461,1,1,1,0,1,0,0,0,0
390515,ZA8,Mpumalanga,ZA5,KwaZulu-Natal,ZA830,Gert Sibande,ZA526,Zululand,2020-10-17,2020-10-18,3,3,3,1162609.908097193,675878.8116075895,194782,20201017,20201018,0.30688245639051287,0.6412288994160756,0.05188864419341153,0.49968312815881616,1136106.0,0.392497537624586,0.5542130860581069,0.053289376317307055,0.4651401640222711,783796.0,-0.11248741610738255,0.36538461538461536,-0.2762355212355212,0.09615384615384616,1,1,1,0,1,0,0,0,0
390516,ZA2,Eastern Cape,ZA3,Nothern Cape,ZA293,Nelson Mandela Bay,ZA308,Z F Mgcawu,2020-10-17,2020-10-17,1,1,1,635459.5071545735,635459.5071545735,26822,20201017,20201017,0.2465186661259611,0.6842154879637478,0.0692658459102911,0.4877654529777138,1230491.0,0.27601757542529287,0.6641943181028425,0.059788106471864645,0.5142626583989065,258998.0,0.5740514018691588,0.9423076923076923,-0.04016603773584906,0.46153846153846156,1,1,1,0,1,0,0,0,0
390517,ZA5,KwaZulu-Natal,ZA7,Gauteng,ZA525,Amajuba,ZA748,West Rand,2020-10-17,2020-10-17,3,3,3,3529972.899633772,1064026.8657629336,74609,20201017,20201017,0.3311353387795859,0.6144200377537888,0.05444462346662529,0.48045773982507545,502731.0,0.23154887232085752,0.7207832829912092,0.047667844687933295,0.5288128906961219,856804.0,-0.16864155251141552,0.25,0.23715802469135805,0.8076923076923077,1,1,1,0,1,0,0,0,0
390518,ZA4,Free State,ZA3,Nothern Cape,ZA418,Lejweleputswa,ZA345,John Taolo Gaetsewe,2020-10-17,2020-10-17,1,1,1,924940.0870215128,469470.2455991968,28742,20201017,20201017,0.27941650281351393,0.6617931601395349,0.058790337046951115,0.500105365269169,574193.0,0.31986957060536586,0.628082594956317,0.05204783443831712,0.4959027820806741,258224.0,0.29495049504950493,0.8653846153846154,-0.13480926430517712,0.3076923076923077,1,1,1,0,1,0,0,0,0
390519,ZA7,Gauteng,ZA8,Mpumalanga,ZA799,City of Tshwane,ZA830,Gert Sibande,2020-10-17,2020-10-19,2,2,2,3499055.6374370963,412516.490910189,353775,20201017,20201019,0.22283079372412132,0.7204843127840075,0.056684893491871245,0.5057337597223363,3627986.0,0.30688245639051287,0.6412288994160756,0.05188864419341153,0.49968312815881616,1136106.0,0.48224212034383956,0.9038461538461539,-0.11248741610738255,0.36538461538461536,1,1,1,0,1,0,0,0,0
390520,ZA4,Free State,ZA4,Free State,ZA420,Fezile Dabi,ZA419,Thabo Mofutsanyane,2020-10-17,2020-10-17,10,10,10,3457755.929055101,975950.660189658,94105,20201017,20201017,0.2705098118551487,0.6604572122193,0.06903297592555128,0.5050070807202104,494300.0,0.31143326559338835,0.6251823622683981,0.06338437213821363,0.47028720831466336,662829.0,0.2276555023923445,0.7884615384615384,0.10770218579234972,0.7115384615384616,1,1,1,0,1,0,0,0,0
390521,ZA1,Western Cape,ZA4,Free State,ZA104,Eden,ZA420,Fezile Dabi,2020-10-17,2020-10-17,1,1,1,3695861.925907658,924260.6836775044,12666,20201017,20201017,0.24710205256745305,0.6628052101466374,0.09009273728590954,0.4993180863678119,673839.0,0.2705098118551487,0.6604572122193,0.06903297592555128,0.5050070807202104,494300.0,0.0004522691705790296,0.5384615384615384,0.2276555023923445,0.7884615384615384,1,1,1,0,1,0,0,0,0
390522,ZA5,KwaZulu-Natal,ZA5,KwaZulu-Natal,ZA521,Ugu,ZA521,Ugu,2020-10-17,2020-10-23,1,1,1,38078.161224946,760.5142087407839,469951,20201017,20201023,0.32122674606698143,0.6016982741355622,0.07707497979745637,0.47391596021954596,714019.0,0.32122674606698143,0.6016982741355622,0.07707497979745637,0.47391596021954596,714019.0,-0.09480895915678524,0.40384615384615385,-0.09480895915678524,0.40384615384615385,1,1,1,0,1,0,0,0,0
390523,ZA4,Free State,ZA7,Gauteng,ZA419,Thabo Mofutsanyane,ZA799,City of Tshwane,2020-10-17,2020-10-17,2,2,2,1236549.6746650273,760848.0895549469,64770,20201017,20201017,0.31143326559338835,0.6251823622683981,0.06338437213821363,0.47028720831466336,662829.0,0.22283079372412132,0.7204843127840075,0.056684893491871245,0.5057337597223363,3627986.0,0.10770218579234972,0.7115384615384616,0.48224212034383956,0.9038461538461539,1,1,1,0,1,0,0,0,0
390524,ZA4,Free State,ZA4,Free State,ZA494,Mangaung,ZA420,Fezile Dabi,2020-10-17,2020-10-17,3,3,3,1722010.468705556,900618.2124591387,50591,20201017,20201017,0.26262942751272955,0.6754982029249197,0.06187236956235082,0.4901411892511804,826621.0,0.2705098118551487,0.6604572122193,0.06903297592555128,0.5050070807202104,494300.0,0.27329104477611943,0.8269230769230769,0.2276555023923445,0.7884615384615384,1,1,1,0,1,0,0,0,0
390525,ZA7,Gauteng,ZA9,Limpopo,ZA799,City of Tshwane,ZA934,Vhembe,2020-10-17,2020-10-17,10,10,10,7653086.235980524,3733766.8639548062,188466,20201017,20201017,0.22283079372412132,0.7204843127840075,0.056684893491871245,0.5057337597223363,3627986.0,0.3433867460978093,0.5887604530714541,0.06785280083073665,0.4597374214109392,1325089.0,0.48224212034383956,0.9038461538461539,-0.0767829596412556,0.4230769230769231,1,1,1,0,1,0,0,0,0
390526,ZA4,Free State,ZA2,Eastern Cape,ZA416,Xhariep,ZA214,Joe Gqabi,2020-10-17,2020-10-17,8,8,8,698310.7589186942,303200.255309136,121175,20201017,20201017,0.29515218562959183,0.6325513667867511,0.07229644758365718,0.5005153225730198,105759.0,0.3340471849013029,0.5799636495391386,0.08598916555955849,0.47733103958194023,339473.0,0.18671264367816093,0.7692307692307693,-0.1839776119402985,0.21153846153846154,1,1,1,0,1,0,0,0,0
390527,ZA7,Gauteng,ZA7,Gauteng,ZA797,Ekurhuleni,ZA799,City of Tshwane,2020-10-17,2020-10-19,1,1,1,176620.01761506166,88177.5186711713,182669,20201017,20201019,0.23296733680905687,0.7203157619169479,0.04671690127399521,0.5205474946472306,3739653.0,0.22283079372412132,0.7204843127840075,0.056684893491871245,0.5057337597223363,3627986.0,0.7435109289617486,0.9615384615384616,0.48224212034383956,0.9038461538461539,1,1,1,0,1,0,0,0,0
390528,ZA5,KwaZulu-Natal,ZA7,Gauteng,ZA521,Ugu,ZA799,City of Tshwane,2020-10-17,2020-10-23,1,1,1,1382390.6877372975,608774.3454839394,503621,20201017,20201023,0.32122674606698143,0.6016982741355622,0.07707497979745637,0.47391596021954596,714019.0,0.22283079372412132,0.7204843127840075,0.056684893491871245,0.5057337597223363,3627986.0,-0.09480895915678524,0.40384615384615385,0.48224212034383956,0.9038461538461539,1,1,1,0,1,0,0,0,0
390529,ZA2,Eastern Cape,ZA4,Free State,ZA292,Buffalo City,ZA420,Fezile Dabi,2020-10-17,2020-10-17,2,2,2,2771492.3486658577,1266691.6650771883,43349,20201017,20201017,0.254980022080858,0.6758306608485358,0.06918931707060617,0.48177934914042375,760840.0,0.2705098118551487,0.6604572122193,0.06903297592555128,0.5050070807202104,494300.0,0.09585175879396986,0.6923076923076923,0.2276555023923445,0.7884615384615384,1,1,1,0,1,0,0,0,0
390530,ZA5,KwaZulu-Natal,ZA8,Mpumalanga,ZA529,iLembe,ZA832,Ehlanzeni,2020-10-17,2020-10-17,2,2,2,2141145.7514544423,1042033.9363911538,59190,20201017,20201017,0.32390440311621094,0.6202867780885334,0.05580881879525565,0.4827645772056803,636799.0,0.32438893780700045,0.6235217992770762,0.05208926291592337,0.47979089412028486,1837538.0,-0.14951617873651774,0.28846153846153844,0.1315940928270042,0.7307692307692307,1,1,1,0,1,0,0,0,0
390531,ZA7,Gauteng,ZA3,Nothern Cape,ZA799,City of Tshwane,ZA307,Pixley ka Seme,2020-10-17,2020-10-17,5,5,5,12206117.198768254,3460480.902650114,156378,20201017,20201017,0.22283079372412132,0.7204843127840075,0.056684893491871245,0.5057337597223363,3627986.0,0.3060749448635213,0.6232332132979509,0.0706918418385278,0.5011842246002923,196331.0,0.48224212034383956,0.9038461538461539,0.1854655172413793,0.75,1,1,1,0,1,0,0,0,0
390532,ZA6,North West,ZA6,North West,ZA640,Dr Kenneth Kaunda,ZA638,Ngaka Modiri Molema,2020-10-17,2020-10-24,1,1,1,248977.9160158872,114850.85962315708,613766,20201017,20201024,0.27505895171327793,0.6602340041700301,0.06470704411669191,0.5065976875287468,754431.0,0.3236353449196357,0.6078801705223251,0.06848448455803925,0.4964769205863341,870971.0,-0.10069384057971015,0.38461538461538464,-0.18344824707846413,0.23076923076923078,1,1,1,0,1,0,0,0,0
390533,ZA2,Eastern Cape,ZA1,Western Cape,ZA210,Cacadu,ZA105,Central Karoo,2020-10-17,2020-10-17,2,2,2,1467823.4426130028,265055.06921026064,10966,20201017,20201017,0.2618455236218228,0.6571170870354837,0.08103738934269357,0.4975242081945451,491156.0,0.29415328297801036,0.633639246216906,0.07220747080508365,0.4979247763656518,77582.0,-0.01848062015503876,0.5,-0.12604477611940298,0.3269230769230769,1,1,1,0,1,0,0,0,0
390534,ZA5,KwaZulu-Natal,ZA8,Mpumalanga,ZA523,Uthukela,ZA830,Gert Sibande,2020-10-17,2020-10-17,4,4,4,2451473.1956628016,943764.5699110203,67825,20201017,20201017,0.36014331224838336,0.5864396074090654,0.05341708034255123,0.46782833191779016,652282.0,0.30688245639051287,0.6412288994160756,0.05188864419341153,0.49968312815881616,1136106.0,-0.19841226215644822,0.19230769230769232,-0.11248741610738255,0.36538461538461536,1,1,1,0,1,0,0,0,0
390535,ZA5,KwaZulu-Natal,,,ZA522,Umgungundlovu,,,2020-10-17,2020-10-17,1,1,1,554683.9606627149,218706.3815538227,19124,20201017,20201017,0.2748377359932372,0.663873035280183,0.06128922872657978,0.48236181888519014,1046905.0,,,,,,0.0061256544502617805,0.5769230769230769,,,1,1,1,0,1,0,0,0,0
390536,ZA9,Limpopo,ZA8,Mpumalanga,ZA934,Vhembe,ZA832,Ehlanzeni,2020-10-17,2020-10-17,3,3,3,1905479.4588550688,876188.3640227827,75657,20201017,20201017,0.3433867460978093,0.5887604530714541,0.06785280083073665,0.4597374214109392,1325089.0,0.32438893780700045,0.6235217992770762,0.05208926291592337,0.47979089412028486,1837538.0,-0.0767829596412556,0.4230769230769231,0.1315940928270042,0.7307692307692307,1,1,1,0,1,0,0,0,0
390537,ZA3,Nothern Cape,ZA1,Western Cape,ZA306,Namakwa,ZA101,West Coast,2020-10-17,2020-10-17,6,6,6,2943594.0575860413,789899.920998372,87338,20201017,20201017,0.2479438366342976,0.6592106724059887,0.09284549095971371,0.5132337492633683,117087.0,0.24466466325617858,0.6852166396976793,0.0701186970461421,0.5060695297345649,497485.0,0.06505633802816901,0.6153846153846154,-0.12079976303317536,0.34615384615384615,1,1,1,0,1,0,0,0,0
390538,ZA1,Western Cape,ZA1,Western Cape,ZA105,Central Karoo,ZA104,Eden,2020-10-17,2020-10-23,1,1,1,849322.6904078535,747004.9905541844,546551,20201017,20201023,0.29415328297801036,0.633639246216906,0.07220747080508365,0.4979247763656518,77582.0,0.24710205256745305,0.6628052101466374,0.09009273728590954,0.4993180863678119,673839.0,-0.12604477611940298,0.3269230769230769,0.0004522691705790296,0.5384615384615384,1,1,1,0,1,0,0,0,0
390539,ZA9,Limpopo,ZA9,Limpopo,ZA935,Capricorn,ZA947,Sekhukhune,2020-10-17,2020-10-22,1,1,1,350310.63533217355,124981.96889609474,423871,20201017,20201022,0.3265897738288558,0.6007690312860821,0.07264119488506209,0.472231826966417,1295656.0,0.3536917516859454,0.5707075150199985,0.07560073329405607,0.46486328935523974,1125333.0,0.07397387387387387,0.6346153846153846,-0.06015677966101695,0.4423076923076923,1,1,1,0,1,0,0,0,0
390540,ZA1,Western Cape,ZA1,Western Cape,ZA101,West Coast,ZA103,Overberg,2020-10-17,2020-10-17,2,2,2,1099214.6389560313,472949.4656106096,20779,20201017,20201017,0.24466466325617858,0.6852166396976793,0.0701186970461421,0.5060695297345649,497485.0,0.22836513904770692,0.6721314716747349,0.09950338927755827,0.511077351980676,303457.0,-0.12079976303317536,0.34615384615384615,0.051486772486772484,0.5961538461538461,1,1,1,0,1,0,0,0,0
390541,ZA4,Free State,ZA7,Gauteng,ZA416,Xhariep,ZA798,City of Johannesburg,2020-10-17,2020-10-18,1,1,1,1098807.0939256714,562075.6515149779,88552,20201017,20201018,0.29515218562959183,0.6325513667867511,0.07229644758365718,0.5005153225730198,105759.0,0.2220629170143196,0.7299897648810346,0.047947318104645836,0.5097433964893054,5540727.0,0.18671264367816093,0.7692307692307693,0.8818060606060606,1.0,1,1,1,0,1,0,0,0,0
390542,ZA7,Gauteng,ZA7,Gauteng,ZA742,Sedibeng,ZA799,City of Tshwane,2020-10-17,2020-10-24,1,1,1,226896.8621527777,113217.65133502409,606243,20201017,20201024,0.24393339879416723,0.6953819961266214,0.06068460507921129,0.5059130831550246,994997.0,0.22283079372412132,0.7204843127840075,0.056684893491871245,0.5057337597223363,3627986.0,0.2808379746835443,0.8461538461538461,0.48224212034383956,0.9038461538461539,1,1,1,0,1,0,0,0,0
390543,ZA2,Eastern Cape,ZA1,Western Cape,ZA293,Nelson Mandela Bay,ZA191,City of Cape Town,2020-10-17,2020-10-17,7,7,7,10194651.440027485,4676616.243037328,139268,20201017,20201017,0.2465186661259611,0.6842154879637478,0.0692658459102911,0.4877654529777138,1230491.0,0.23849582985172932,0.697186217784503,0.06431795236376775,0.4976008771049945,4436413.0,0.5740514018691588,0.9423076923076923,0.7687640750670242,0.9807692307692307,1,1,1,0,1,0,0,0,0
390544,ZA7,Gauteng,ZA4,Free State,ZA799,City of Tshwane,ZA418,Lejweleputswa,2020-10-17,2020-10-17,4,4,4,2483753.9254758684,1211853.8687086564,37406,20201017,20201017,0.22283079372412132,0.7204843127840075,0.056684893491871245,0.5057337597223363,3627986.0,0.27941650281351393,0.6617931601395349,0.058790337046951115,0.500105365269169,574193.0,0.48224212034383956,0.9038461538461539,0.29495049504950493,0.8653846153846154,1,1,1,0,1,0,0,0,0
390545,ZA1,Western Cape,ZA6,North West,ZA104,Eden,ZA637,Bojanala,2020-10-17,2020-10-17,3,3,3,8594050.455385666,3864654.974612671,126518,20201017,20201017,0.24710205256745305,0.6628052101466374,0.09009273728590954,0.4993180863678119,673839.0,0.25082919250139085,0.6903465537718604,0.05882425372674875,0.5380589003726469,1786678.0,0.0004522691705790296,0.5384615384615384,0.07430676328502415,0.6538461538461539,1,1,1,0,1,0,0,0,0
390546,ZA7,Gauteng,ZA8,Mpumalanga,ZA799,City of Tshwane,ZA832,Ehlanzeni,2020-10-17,2020-10-21,1,1,1,706263.3348358332,276527.4297841144,303207,20201017,20201021,0.22283079372412132,0.7204843127840075,0.056684893491871245,0.5057337597223363,3627986.0,0.32438893780700045,0.6235217992770762,0.05208926291592337,0.47979089412028486,1837538.0,0.48224212034383956,0.9038461538461539,0.1315940928270042,0.7307692307692307,1,1,1,0,1,0,0,0,0
390547,ZA1,Western Cape,ZA1,Western Cape,ZA103,Overberg,ZA101,West Coast,2020-10-17,2020-10-17,6,6,6,3107308.3412532117,1497721.3703707708,134012,20201017,20201017,0.22836513904770692,0.6721314716747349,0.09950338927755827,0.511077351980676,303457.0,0.24466466325617858,0.6852166396976793,0.0701186970461421,0.5060695297345649,497485.0,0.051486772486772484,0.5961538461538461,-0.12079976303317536,0.34615384615384615,1,1,1,0,1,0,0,0,0
390548,ZA3,Nothern Cape,ZA3,Nothern Cape,ZA309,Frances Baard,ZA308,Z F Mgcawu,2020-10-17,2020-10-17,2,2,2,1263657.262433511,478135.249528699,40686,20201017,20201017,0.2860169290028057,0.6497360787483951,0.06424699224879928,0.49189928194398214,420580.0,0.27601757542529287,0.6641943181028425,0.059788106471864645,0.5142626583989065,258998.0,0.29907801418439717,0.8846153846153846,-0.04016603773584906,0.46153846153846156,1,1,1,0,1,0,0,0,0
390549,ZA8,Mpumalanga,ZA7,Gauteng,ZA831,Nkangala,ZA799,City of Tshwane,2020-10-17,2020-10-20,1,1,1,309244.6680109887,127697.66703910987,267599,20201017,20201020,0.27290691475673784,0.6711806877078121,0.055912397535449986,0.5109201270525474,1573837.0,0.22283079372412132,0.7204843127840075,0.056684893491871245,0.5057337597223363,3627986.0,0.07867808219178082,0.6730769230769231,0.48224212034383956,0.9038461538461539,1,1,1,0,1,0,0,0,0
390550,ZA5,KwaZulu-Natal,ZA5,KwaZulu-Natal,ZA522,Umgungundlovu,ZA529,iLembe,2020-10-17,2020-10-18,2,2,2,327403.4386268929,158276.25155459845,83166,20201017,20201018,0.2748377359932372,0.663873035280183,0.06128922872657978,0.48236181888519014,1046905.0,0.32390440311621094,0.6202867780885334,0.05580881879525565,0.4827645772056803,636799.0,0.0061256544502617805,0.5769230769230769,-0.14951617873651774,0.28846153846153844,1,1,1,0,1,0,0,0,0
390551,ZA1,Western Cape,ZA1,Western Cape,ZA101,West Coast,ZA191,City of Cape Town,2020-10-17,2020-10-27,1,1,1,320125.370973692,154952.94403507895,814265,20201017,20201027,0.24466466325617858,0.6852166396976793,0.0701186970461421,0.5060695297345649,497485.0,0.23849582985172932,0.697186217784503,0.06431795236376775,0.4976008771049945,4436413.0,-0.12079976303317536,0.34615384615384615,0.7687640750670242,0.9807692307692307,1,1,1,0,1,0,0,0,0
390552,ZA2,Eastern Cape,ZA7,Gauteng,ZA210,Cacadu,ZA797,Ekurhuleni,2020-10-17,2020-10-17,1,1,1,1021862.24780257,1021592.5463252296,26851,20201017,20201017,0.2618455236218228,0.6571170870354837,0.08103738934269357,0.4975242081945451,491156.0,0.23296733680905687,0.7203157619169479,0.04671690127399521,0.5205474946472306,3739653.0,-0.01848062015503876,0.5,0.7435109289617486,0.9615384615384616,1,1,1,0,1,0,0,0,0
390553,ZA5,KwaZulu-Natal,ZA5,KwaZulu-Natal,ZA525,Amajuba,ZA524,Umzinyathi,2020-10-17,2020-10-17,7,7,7,762378.9997669132,388286.5142423059,74501,20201017,20201017,0.3311353387795859,0.6144200377537888,0.05444462346662529,0.48045773982507545,502731.0,0.3952311253914291,0.5454951881678106,0.05927368644076033,0.451447242842509,514461.0,-0.16864155251141552,0.25,-0.28225945945945946,0.07692307692307693,1,1,1,0,1,0,0,0,0
390554,ZA5,KwaZulu-Natal,ZA5,KwaZulu-Natal,ZA521,Ugu,ZA595,eThekwini,2020-10-17,2020-10-26,1,1,1,134487.9983849661,134487.9983849661,826919,20201017,20201026,0.32122674606698143,0.6016982741355622,0.07707497979745637,0.47391596021954596,714019.0,0.2446364969883556,0.6990922562931536,0.05627124671849075,0.494610924976595,3587907.0,-0.09480895915678524,0.40384615384615385,0.5666580406654343,0.9230769230769231,1,1,1,0,1,0,0,0,0
390555,ZA7,Gauteng,ZA8,Mpumalanga,ZA798,City of Johannesburg,ZA831,Nkangala,2020-10-17,2020-10-18,1,1,1,114251.17148214237,57103.0644550173,47069,20201017,20201018,0.2220629170143196,0.7299897648810346,0.047947318104645836,0.5097433964893054,5540727.0,0.27290691475673784,0.6711806877078121,0.055912397535449986,0.5109201270525474,1573837.0,0.8818060606060606,1.0,0.07867808219178082,0.6730769230769231,1,1,1,0,1,0,0,0,0
390556,ZA7,Gauteng,ZA4,Free State,ZA742,Sedibeng,ZA494,Mangaung,2020-10-17,2020-10-24,1,1,1,620405.0663381093,308653.9944386801,615643,20201017,20201024,0.24393339879416723,0.6953819961266214,0.06068460507921129,0.5059130831550246,994997.0,0.26262942751272955,0.6754982029249197,0.06187236956235082,0.4901411892511804,826621.0,0.2808379746835443,0.8461538461538461,0.27329104477611943,0.8269230769230769,1,1,1,0,1,0,0,0,0
390557,ZA5,KwaZulu-Natal,ZA5,KwaZulu-Natal,ZA522,Umgungundlovu,ZA595,eThekwini,2020-10-17,2020-10-19,1,1,1,663464.9065836458,67495.15861517357,181841,20201017,20201019,0.2748377359932372,0.663873035280183,0.06128922872657978,0.48236181888519014,1046905.0,0.2446364969883556,0.6990922562931536,0.05627124671849075,0.494610924976595,3587907.0,0.0061256544502617805,0.5769230769230769,0.5666580406654343,0.9230769230769231,1,1,1,0,1,0,0,0,0
390558,ZA5,KwaZulu-Natal,ZA7,Gauteng,ZA522,Umgungundlovu,ZA797,Ekurhuleni,2020-10-17,2020-10-17,2,2,2,2358165.1105084447,827530.6775128751,36368,20201017,20201017,0.2748377359932372,0.663873035280183,0.06128922872657978,0.48236181888519014,1046905.0,0.23296733680905687,0.7203157619169479,0.04671690127399521,0.5205474946472306,3739653.0,0.0061256544502617805,0.5769230769230769,0.7435109289617486,0.9615384615384616,1,1,1,0,1,0,0,0,0
390559,ZA8,Mpumalanga,ZA8,Mpumalanga,ZA830,Gert Sibande,ZA830,Gert Sibande,2020-10-17,2020-10-25,1,1,1,164144.56011824388,5249.380813543863,668110,20201017,20201025,0.30688245639051287,0.6412288994160756,0.05188864419341153,0.49968312815881616,1136106.0,0.30688245639051287,0.6412288994160756,0.05188864419341153,0.49968312815881616,1136106.0,-0.11248741610738255,0.36538461538461536,-0.11248741610738255,0.36538461538461536,1,1,1,0,1,0,0,0,0
390560,ZA7,Gauteng,ZA8,Mpumalanga,ZA797,Ekurhuleni,ZA832,Ehlanzeni,2020-10-17,2020-10-17,15,15,15,11623445.821732638,5446552.456727379,344291,20201017,20201017,0.23296733680905687,0.7203157619169479,0.04671690127399521,0.5205474946472306,3739653.0,0.32438893780700045,0.6235217992770762,0.05208926291592337,0.47979089412028486,1837538.0,0.7435109289617486,0.9615384615384616,0.1315940928270042,0.7307692307692307,1,1,1,0,1,0,0,0,0
390561,ZA7,Gauteng,ZA9,Limpopo,ZA797,Ekurhuleni,ZA934,Vhembe,2020-10-17,2020-10-22,1,1,1,462676.59577804274,462676.59577804274,474662,20201017,20201022,0.23296733680905687,0.7203157619169479,0.04671690127399521,0.5205474946472306,3739653.0,0.3433867460978093,0.5887604530714541,0.06785280083073665,0.4597374214109392,1325089.0,0.7435109289617486,0.9615384615384616,-0.0767829596412556,0.4230769230769231,1,1,1,0,1,0,0,0,0
390562,ZA5,KwaZulu-Natal,ZA5,KwaZulu-Natal,ZA529,iLembe,ZA524,Umzinyathi,2020-10-17,2020-10-17,4,4,4,781339.84971316,457873.8301927618,98161,20201017,20201017,0.32390440311621094,0.6202867780885334,0.05580881879525565,0.4827645772056803,636799.0,0.3952311253914291,0.5454951881678106,0.05927368644076033,0.451447242842509,514461.0,-0.14951617873651774,0.28846153846153844,-0.28225945945945946,0.07692307692307693,1,1,1,0,1,0,0,0,0
390563,ZA1,Western Cape,ZA1,Western Cape,ZA103,Overberg,ZA191,City of Cape Town,2020-10-17,2020-10-19,2,2,2,356889.9416780225,202147.42405905365,299385,20201017,20201019,0.22836513904770692,0.6721314716747349,0.09950338927755827,0.511077351980676,303457.0,0.23849582985172932,0.697186217784503,0.06431795236376775,0.4976008771049945,4436413.0,0.051486772486772484,0.5961538461538461,0.7687640750670242,0.9807692307692307,1,1,1,0,1,0,0,0,0
390564,ZA1,Western Cape,ZA7,Gauteng,ZA191,City of Cape Town,ZA797,Ekurhuleni,2020-10-17,2020-10-26,1,1,1,2697134.715337174,1287081.6323434254,801989,20201017,20201026,0.23849582985172932,0.697186217784503,0.06431795236376775,0.4976008771049945,4436413.0,0.23296733680905687,0.7203157619169479,0.04671690127399521,0.5205474946472306,3739653.0,0.7687640750670242,0.9807692307692307,0.7435109289617486,0.9615384615384616,1,1,1,0,1,0,0,0,0
390565,ZA9,Limpopo,ZA9,Limpopo,ZA933,Mopani,ZA947,Sekhukhune,2020-10-17,2020-10-17,4,4,4,1018115.1681905616,527999.6330992432,24103,20201017,20201017,0.3329418650827259,0.6026296126910996,0.06442852222617454,0.46142626187343905,1062666.0,0.3536917516859454,0.5707075150199985,0.07560073329405607,0.46486328935523974,1125333.0,-0.037928345626975765,0.4807692307692308,-0.06015677966101695,0.4423076923076923,1,1,1,0,1,0,0,0,0
390566,ZA7,Gauteng,ZA6,North West,ZA748,West Rand,ZA640,Dr Kenneth Kaunda,2020-10-17,2020-10-18,3,3,3,430959.1817647684,200427.10667751188,90454,20201017,20201018,0.23154887232085752,0.7207832829912092,0.047667844687933295,0.5288128906961219,856804.0,0.27505895171327793,0.6602340041700301,0.06470704411669191,0.5065976875287468,754431.0,0.23715802469135805,0.8076923076923077,-0.10069384057971015,0.38461538461538464,1,1,1,0,1,0,0,0,0
390567,ZA5,KwaZulu-Natal,ZA5,KwaZulu-Natal,ZA528,Uthungulu,ZA527,Umkhanyakude,2020-10-17,2020-10-18,1,1,1,148819.5736728083,74380.73986589618,45242,20201017,20201018,0.3398562749304085,0.6096443299200878,0.05049939514950375,0.4759701217345943,889476.0,0.40017378652548197,0.5489306999026919,0.05089551357182606,0.4622270789873748,643318.0,-0.2202014106583072,0.15384615384615385,-0.31784377542717657,0.038461538461538464,1,1,1,0,1,0,0,0,0
390568,ZA5,KwaZulu-Natal,ZA5,KwaZulu-Natal,ZA595,eThekwini,ZA523,Uthukela,2020-10-17,2020-10-27,1,1,1,396098.5903363711,187796.59549669208,819721,20201017,20201027,0.2446364969883556,0.6990922562931536,0.05627124671849075,0.494610924976595,3587907.0,0.36014331224838336,0.5864396074090654,0.05341708034255123,0.46782833191779016,652282.0,0.5666580406654343,0.9230769230769231,-0.19841226215644822,0.19230769230769232,1,1,1,0,1,0,0,0,0
390569,ZA8,Mpumalanga,ZA5,KwaZulu-Natal,ZA831,Nkangala,ZA526,Zululand,2020-10-17,2020-10-17,1,1,1,672165.8892809188,317849.37082009675,24881,20201017,20201017,0.27290691475673784,0.6711806877078121,0.055912397535449986,0.5109201270525474,1573837.0,0.392497537624586,0.5542130860581069,0.053289376317307055,0.4651401640222711,783796.0,0.07867808219178082,0.6730769230769231,-0.2762355212355212,0.09615384615384616,1,1,1,0,1,0,0,0,0
390570,ZA5,KwaZulu-Natal,ZA5,KwaZulu-Natal,ZA543,Sisonke,ZA522,Umgungundlovu,2020-10-17,2020-10-17,12,12,12,3778309.063271871,1349887.0076905256,167324,20201017,20201017,0.37293146983899067,0.5707096800166399,0.05635885014436937,0.4671305273563743,447117.0,0.2748377359932372,0.663873035280183,0.06128922872657978,0.48236181888519014,1046905.0,-0.2112274881516588,0.17307692307692307,0.0061256544502617805,0.5769230769230769,1,1,1,0,1,0,0,0,0
390571,ZA9,Limpopo,ZA9,Limpopo,ZA934,Vhembe,ZA935,Capricorn,2020-10-17,2020-10-17,22,22,22,7680711.786625373,2717585.863116828,336643,20201017,20201017,0.3433867460978093,0.5887604530714541,0.06785280083073665,0.4597374214109392,1325089.0,0.3265897738288558,0.6007690312860821,0.07264119488506209,0.472231826966417,1295656.0,-0.0767829596412556,0.4230769230769231,0.07397387387387387,0.6346153846153846,1,1,1,0,1,0,0,0,0
390572,ZA3,Nothern Cape,ZA1,Western Cape,ZA307,Pixley ka Seme,ZA102,Cape Winelands,2020-10-17,2020-10-17,1,1,1,910904.2236235342,439442.8738210887,23494,20201017,20201017,0.3060749448635213,0.6232332132979509,0.0706918418385278,0.5011842246002923,196331.0,0.24989252608235304,0.6902123420738123,0.059895131843834624,0.5011121214086944,909523.0,0.1854655172413793,0.75,-0.012388831437435367,0.5192307692307693,1,1,1,0,1,0,0,0,0
390573,ZA6,North West,ZA4,Free State,ZA637,Bojanala,ZA420,Fezile Dabi,2020-10-17,2020-10-17,2,2,2,1216268.967737968,535084.8783469805,47462,20201017,20201017,0.25082919250139085,0.6903465537718604,0.05882425372674875,0.5380589003726469,1786678.0,0.2705098118551487,0.6604572122193,0.06903297592555128,0.5050070807202104,494300.0,0.07430676328502415,0.6538461538461539,0.2276555023923445,0.7884615384615384,1,1,1,0,1,0,0,0,0
390574,ZA1,Western Cape,ZA8,Mpumalanga,ZA191,City of Cape Town,ZA832,Ehlanzeni,2020-10-17,2020-10-17,3,3,3,8612561.60768129,4757813.041670119,79709,20201017,20201017,0.23849582985172932,0.697186217784503,0.06431795236376775,0.4976008771049945,4436413.0,0.32438893780700045,0.6235217992770762,0.05208926291592337,0.47979089412028486,1837538.0,0.7687640750670242,0.9807692307692307,0.1315940928270042,0.7307692307692307,1,1,1,0,1,0,0,0,0
390575,ZA6,North West,ZA7,Gauteng,ZA637,Bojanala,ZA742,Sedibeng,2020-10-17,2020-10-18,1,1,1,204807.6756440292,104085.77698771084,46332,20201017,20201018,0.25082919250139085,0.6903465537718604,0.05882425372674875,0.5380589003726469,1786678.0,0.24393339879416723,0.6953819961266214,0.06068460507921129,0.5059130831550246,994997.0,0.07430676328502415,0.6538461538461539,0.2808379746835443,0.8461538461538461,1,1,1,0,1,0,0,0,0
390576,ZA6,North West,ZA2,Eastern Cape,ZA637,Bojanala,ZA213,Chris Hani,2020-10-17,2020-10-17,1,1,1,1262321.1494908396,631220.3868124996,3224,20201017,20201017,0.25082919250139085,0.6903465537718604,0.05882425372674875,0.5380589003726469,1786678.0,0.334940582305372,0.572656560540376,0.09240285715425203,0.478383232498069,752217.0,0.07430676328502415,0.6538461538461539,-0.29251697892271666,0.057692307692307696,1,1,1,0,1,0,0,0,0
390577,ZA9,Limpopo,ZA7,Gauteng,ZA936,Waterberg,ZA799,City of Tshwane,2020-10-17,2020-10-22,1,1,1,113895.94145346456,113439.96910525888,408683,20201017,20201022,0.2870915348782833,0.6477210572390478,0.06518740788266879,0.5138960603357211,718513.0,0.22283079372412132,0.7204843127840075,0.056684893491871245,0.5057337597223363,3627986.0,0.00236898395721925,0.5576923076923077,0.48224212034383956,0.9038461538461539,1,1,1,0,1,0,0,0,0
390578,ZA7,Gauteng,ZA7,Gauteng,ZA748,West Rand,ZA799,City of Tshwane,2020-10-17,2020-10-28,1,1,1,263435.33655823814,109672.26064155242,907245,20201017,20201028,0.23154887232085752,0.7207832829912092,0.047667844687933295,0.5288128906961219,856804.0,0.22283079372412132,0.7204843127840075,0.056684893491871245,0.5057337597223363,3627986.0,0.23715802469135805,0.8076923076923077,0.48224212034383956,0.9038461538461539,1,1,1,0,1,0,0,0,0
390579,ZA5,KwaZulu-Natal,ZA7,Gauteng,ZA529,iLembe,ZA797,Ekurhuleni,2020-10-17,2020-10-17,3,3,3,3402946.65401822,1566846.7168501385,44683,20201017,20201017,0.32390440311621094,0.6202867780885334,0.05580881879525565,0.4827645772056803,636799.0,0.23296733680905687,0.7203157619169479,0.04671690127399521,0.5205474946472306,3739653.0,-0.14951617873651774,0.28846153846153844,0.7435109289617486,0.9615384615384616,1,1,1,0,1,0,0,0,0
390580,ZA4,Free State,ZA7,Gauteng,ZA418,Lejweleputswa,ZA798,City of Johannesburg,2020-10-17,2020-10-17,7,7,7,5030824.00601046,1780572.428821315,111765,20201017,20201017,0.27941650281351393,0.6617931601395349,0.058790337046951115,0.500105365269169,574193.0,0.2220629170143196,0.7299897648810346,0.047947318104645836,0.5097433964893054,5540727.0,0.29495049504950493,0.8653846153846154,0.8818060606060606,1.0,1,1,1,0,1,0,0,0,0
390581,ZA4,Free State,ZA6,North West,ZA420,Fezile Dabi,ZA637,Bojanala,2020-10-17,2020-10-18,1,1,1,110459.25164654107,110434.74022100503,28749,20201017,20201018,0.2705098118551487,0.6604572122193,0.06903297592555128,0.5050070807202104,494300.0,0.25082919250139085,0.6903465537718604,0.05882425372674875,0.5380589003726469,1786678.0,0.2276555023923445,0.7884615384615384,0.07430676328502415,0.6538461538461539,1,1,1,0,1,0,0,0,0
390582,ZA2,Eastern Cape,ZA3,Nothern Cape,ZA214,Joe Gqabi,ZA307,Pixley ka Seme,2020-10-17,2020-10-17,1,1,1,405130.4038252712,209098.09491803945,29373,20201017,20201017,0.3340471849013029,0.5799636495391386,0.08598916555955849,0.47733103958194023,339473.0,0.3060749448635213,0.6232332132979509,0.0706918418385278,0.5011842246002923,196331.0,-0.1839776119402985,0.21153846153846154,0.1854655172413793,0.75,1,1,1,0,1,0,0,0,0
390583,ZA6,North West,ZA6,North West,ZA640,Dr Kenneth Kaunda,ZA640,Dr Kenneth Kaunda,2020-10-17,2020-10-22,2,2,2,1783276.2106566213,1498612.3455516112,903161,20201017,20201022,0.27505895171327793,0.6602340041700301,0.06470704411669191,0.5065976875287468,754431.0,0.27505895171327793,0.6602340041700301,0.06470704411669191,0.5065976875287468,754431.0,-0.10069384057971015,0.38461538461538464,-0.10069384057971015,0.38461538461538464,1,1,1,0,1,0,0,0,0
390584,ZA7,Gauteng,ZA5,KwaZulu-Natal,ZA798,City of Johannesburg,ZA527,Umkhanyakude,2020-10-17,2020-10-19,1,1,1,786203.365208071,469648.5283193148,125649,20201017,20201019,0.2220629170143196,0.7299897648810346,0.047947318104645836,0.5097433964893054,5540727.0,0.40017378652548197,0.5489306999026919,0.05089551357182606,0.4622270789873748,643318.0,0.8818060606060606,1.0,-0.31784377542717657,0.038461538461538464,1,1,1,0,1,0,0,0,0
390585,ZA6,North West,ZA6,North West,ZA640,Dr Kenneth Kaunda,ZA638,Ngaka Modiri Molema,2020-10-17,2020-10-18,1,1,1,138981.5553704438,40047.33660578554,16805,20201017,20201018,0.27505895171327793,0.6602340041700301,0.06470704411669191,0.5065976875287468,754431.0,0.3236353449196357,0.6078801705223251,0.06848448455803925,0.4964769205863341,870971.0,-0.10069384057971015,0.38461538461538464,-0.18344824707846413,0.23076923076923078,1,1,1,0,1,0,0,0,0
390586,ZA8,Mpumalanga,ZA5,KwaZulu-Natal,ZA832,Ehlanzeni,ZA525,Amajuba,2020-10-17,2020-10-17,1,1,1,1144111.3065334228,309647.02904658264,24779,20201017,20201017,0.32438893780700045,0.6235217992770762,0.05208926291592337,0.47979089412028486,1837538.0,0.3311353387795859,0.6144200377537888,0.05444462346662529,0.48045773982507545,502731.0,0.1315940928270042,0.7307692307692307,-0.16864155251141552,0.25,1,1,1,0,1,0,0,0,0
390587,ZA9,Limpopo,ZA9,Limpopo,ZA935,Capricorn,ZA935,Capricorn,2020-10-17,2020-10-19,2,2,2,278936.5210113934,1194.91437975213,299534,20201017,20201019,0.3265897738288558,0.6007690312860821,0.07264119488506209,0.472231826966417,1295656.0,0.3265897738288558,0.6007690312860821,0.07264119488506209,0.472231826966417,1295656.0,0.07397387387387387,0.6346153846153846,0.07397387387387387,0.6346153846153846,1,1,1,0,1,0,0,0,0
390588,ZA9,Limpopo,ZA9,Limpopo,ZA933,Mopani,ZA947,Sekhukhune,2020-10-17,2020-10-31,1,1,1,107758.2089257041,107609.18577649962,1261063,20201017,20201031,0.3329418650827259,0.6026296126910996,0.06442852222617454,0.46142626187343905,1062666.0,0.3536917516859454,0.5707075150199985,0.07560073329405607,0.46486328935523974,1125333.0,-0.037928345626975765,0.4807692307692308,-0.06015677966101695,0.4423076923076923,1,1,1,0,1,0,0,0,0
390589,ZA5,KwaZulu-Natal,ZA2,Eastern Cape,ZA595,eThekwini,ZA210,Cacadu,2020-10-17,2020-10-18,1,1,1,1595379.9252485102,753930.3000677377,85913,20201017,20201018,0.2446364969883556,0.6990922562931536,0.05627124671849075,0.494610924976595,3587907.0,0.2618455236218228,0.6571170870354837,0.08103738934269357,0.4975242081945451,491156.0,0.5666580406654343,0.9230769230769231,-0.01848062015503876,0.5,1,1,1,0,1,0,0,0,0
390590,ZA9,Limpopo,ZA7,Gauteng,ZA936,Waterberg,ZA799,City of Tshwane,2020-10-17,2020-10-23,2,2,2,417807.43908805866,203378.21770280445,981001,20201017,20201023,0.2870915348782833,0.6477210572390478,0.06518740788266879,0.5138960603357211,718513.0,0.22283079372412132,0.7204843127840075,0.056684893491871245,0.5057337597223363,3627986.0,0.00236898395721925,0.5576923076923077,0.48224212034383956,0.9038461538461539,1,1,1,0,1,0,0,0,0
390591,ZA5,KwaZulu-Natal,ZA5,KwaZulu-Natal,ZA526,Zululand,ZA522,Umgungundlovu,2020-10-17,2020-10-17,2,2,2,842505.4000665527,454152.99841390416,44812,20201017,20201017,0.392497537624586,0.5542130860581069,0.053289376317307055,0.4651401640222711,783796.0,0.2748377359932372,0.663873035280183,0.06128922872657978,0.48236181888519014,1046905.0,-0.2762355212355212,0.09615384615384616,0.0061256544502617805,0.5769230769230769,1,1,1,0,1,0,0,0,0
390592,ZA5,KwaZulu-Natal,ZA7,Gauteng,ZA595,eThekwini,ZA798,City of Johannesburg,2020-10-17,2020-10-20,1,1,1,519137.29661601246,518742.2604475348,246407,20201017,20201020,0.2446364969883556,0.6990922562931536,0.05627124671849075,0.494610924976595,3587907.0,0.2220629170143196,0.7299897648810346,0.047947318104645836,0.5097433964893054,5540727.0,0.5666580406654343,0.9230769230769231,0.8818060606060606,1.0,1,1,1,0,1,0,0,0,0
390593,ZA8,Mpumalanga,ZA7,Gauteng,ZA832,Ehlanzeni,ZA797,Ekurhuleni,2020-10-17,2020-10-17,7,7,7,6730323.405898992,2527193.3001064085,180740,20201017,20201017,0.32438893780700045,0.6235217992770762,0.05208926291592337,0.47979089412028486,1837538.0,0.23296733680905687,0.7203157619169479,0.04671690127399521,0.5205474946472306,3739653.0,0.1315940928270042,0.7307692307692307,0.7435109289617486,0.9615384615384616,1,1,1,0,1,0,0,0,0
390594,ZA4,Free State,ZA3,Nothern Cape,ZA418,Lejweleputswa,ZA308,Z F Mgcawu,2020-10-17,2020-10-17,2,2,2,2162808.087773564,1143876.2351472029,44328,20201017,20201017,0.27941650281351393,0.6617931601395349,0.058790337046951115,0.500105365269169,574193.0,0.27601757542529287,0.6641943181028425,0.059788106471864645,0.5142626583989065,258998.0,0.29495049504950493,0.8653846153846154,-0.04016603773584906,0.46153846153846156,1,1,1,0,1,0,0,0,0
390595,ZA3,Nothern Cape,ZA5,KwaZulu-Natal,ZA307,Pixley ka Seme,ZA595,eThekwini,2020-10-17,2020-10-19,1,1,1,2057896.717362157,579434.8648768495,171779,20201017,20201019,0.3060749448635213,0.6232332132979509,0.0706918418385278,0.5011842246002923,196331.0,0.2446364969883556,0.6990922562931536,0.05627124671849075,0.494610924976595,3587907.0,0.1854655172413793,0.75,0.5666580406654343,0.9230769230769231,1,1,1,0,1,0,0,0,0
390596,ZA8,Mpumalanga,ZA7,Gauteng,ZA832,Ehlanzeni,ZA797,Ekurhuleni,2020-10-17,2020-10-23,1,1,1,605652.7426251479,286796.57682264573,503992,20201017,20201023,0.32438893780700045,0.6235217992770762,0.05208926291592337,0.47979089412028486,1837538.0,0.23296733680905687,0.7203157619169479,0.04671690127399521,0.5205474946472306,3739653.0,0.1315940928270042,0.7307692307692307,0.7435109289617486,0.9615384615384616,1,1,1,0,1,0,0,0,0
390597,ZA6,North West,ZA1,Western Cape,ZA638,Ngaka Modiri Molema,ZA191,City of Cape Town,2020-10-17,2020-10-17,1,1,1,2711839.119803588,1225883.9102002883,50135,20201017,20201017,0.3236353449196357,0.6078801705223251,0.06848448455803925,0.4964769205863341,870971.0,0.23849582985172932,0.697186217784503,0.06431795236376775,0.4976008771049945,4436413.0,-0.18344824707846413,0.23076923076923078,0.7687640750670242,0.9807692307692307,1,1,1,0,1,0,0,0,0
390598,ZA5,KwaZulu-Natal,ZA5,KwaZulu-Natal,ZA523,Uthukela,ZA523,Uthukela,2020-10-17,2020-10-19,2,2,2,667795.6559569663,19877.81886938909,342907,20201017,20201019,0.36014331224838336,0.5864396074090654,0.05341708034255123,0.46782833191779016,652282.0,0.36014331224838336,0.5864396074090654,0.05341708034255123,0.46782833191779016,652282.0,-0.19841226215644822,0.19230769230769232,-0.19841226215644822,0.19230769230769232,1,1,1,0,1,0,0,0,0
390599,ZA2,Eastern Cape,ZA7,Gauteng,ZA293,Nelson Mandela Bay,ZA742,Sedibeng,2020-10-17,2020-10-17,1,1,1,2152149.860149231,891276.0938374916,18577,20201017,20201017,0.2465186661259611,0.6842154879637478,0.0692658459102911,0.4877654529777138,1230491.0,0.24393339879416723,0.6953819961266214,0.06068460507921129,0.5059130831550246,994997.0,0.5740514018691588,0.9423076923076923,0.2808379746835443,0.8461538461538461,1,1,1,0,1,0,0,0,0
390600,ZA7,Gauteng,ZA5,KwaZulu-Natal,ZA748,West Rand,ZA595,eThekwini,2020-10-17,2020-10-17,1,1,1,1249582.3974101115,561355.7591446089,51193,20201017,20201017,0.23154887232085752,0.7207832829912092,0.047667844687933295,0.5288128906961219,856804.0,0.2446364969883556,0.6990922562931536,0.05627124671849075,0.494610924976595,3587907.0,0.23715802469135805,0.8076923076923077,0.5666580406654343,0.9230769230769231,1,1,1,0,1,0,0,0,0
390601,ZA8,Mpumalanga,ZA5,KwaZulu-Natal,ZA832,Ehlanzeni,ZA522,Umgungundlovu,2020-10-17,2020-10-19,1,1,1,962484.3752380844,477126.4692185136,185035,20201017,20201019,0.32438893780700045,0.6235217992770762,0.05208926291592337,0.47979089412028486,1837538.0,0.2748377359932372,0.663873035280183,0.06128922872657978,0.48236181888519014,1046905.0,0.1315940928270042,0.7307692307692307,0.0061256544502617805,0.5769230769230769,1,1,1,0,1,0,0,0,0
390602,ZA2,Eastern Cape,ZA1,Western Cape,ZA292,Buffalo City,ZA191,City of Cape Town,2020-10-17,2020-10-17,3,3,3,3702839.7778060352,2691812.3149911365,81247,20201017,20201017,0.254980022080858,0.6758306608485358,0.06918931707060617,0.48177934914042375,760840.0,0.23849582985172932,0.697186217784503,0.06431795236376775,0.4976008771049945,4436413.0,0.09585175879396986,0.6923076923076923,0.7687640750670242,0.9807692307692307,1,1,1,0,1,0,0,0,0
390603,ZA4,Free State,ZA4,Free State,ZA420,Fezile Dabi,ZA420,Fezile Dabi,2020-10-17,2020-10-23,1,1,1,12053.522333395073,6026.761166697536,543514,20201017,20201023,0.2705098118551487,0.6604572122193,0.06903297592555128,0.5050070807202104,494300.0,0.2705098118551487,0.6604572122193,0.06903297592555128,0.5050070807202104,494300.0,0.2276555023923445,0.7884615384615384,0.2276555023923445,0.7884615384615384,1,1,1,0,1,0,0,0,0
390604,ZA7,Gauteng,ZA9,Limpopo,ZA799,City of Tshwane,ZA947,Sekhukhune,2020-10-17,2020-10-28,1,1,1,245467.1512061561,214786.6208618721,965821,20201017,20201028,0.22283079372412132,0.7204843127840075,0.056684893491871245,0.5057337597223363,3627986.0,0.3536917516859454,0.5707075150199985,0.07560073329405607,0.46486328935523974,1125333.0,0.48224212034383956,0.9038461538461539,-0.06015677966101695,0.4423076923076923,1,1,1,0,1,0,0,0,0
390605,ZA4,Free State,ZA6,North West,ZA418,Lejweleputswa,ZA638,Ngaka Modiri Molema,2020-10-17,2020-10-17,2,2,2,619528.367305842,273472.67240681825,33942,20201017,20201017,0.27941650281351393,0.6617931601395349,0.058790337046951115,0.500105365269169,574193.0,0.3236353449196357,0.6078801705223251,0.06848448455803925,0.4964769205863341,870971.0,0.29495049504950493,0.8653846153846154,-0.18344824707846413,0.23076923076923078,1,1,1,0,1,0,0,0,0
390606,ZA5,KwaZulu-Natal,ZA5,KwaZulu-Natal,ZA525,Amajuba,ZA524,Umzinyathi,2020-10-17,2020-10-18,3,3,3,306222.48635630927,138611.7094169887,131871,20201017,20201018,0.3311353387795859,0.6144200377537888,0.05444462346662529,0.48045773982507545,502731.0,0.3952311253914291,0.5454951881678106,0.05927368644076033,0.451447242842509,514461.0,-0.16864155251141552,0.25,-0.28225945945945946,0.07692307692307693,1,1,1,0,1,0,0,0,0
390607,ZA4,Free State,ZA7,Gauteng,ZA419,Thabo Mofutsanyane,ZA797,Ekurhuleni,2020-10-17,2020-10-28,1,1,1,627887.4384698769,259041.4159952629,901255,20201017,20201028,0.31143326559338835,0.6251823622683981,0.06338437213821363,0.47028720831466336,662829.0,0.23296733680905687,0.7203157619169479,0.04671690127399521,0.5205474946472306,3739653.0,0.10770218579234972,0.7115384615384616,0.7435109289617486,0.9615384615384616,1,1,1,0,1,0,0,0,0
390608,ZA3,Nothern Cape,ZA2,Eastern Cape,ZA307,Pixley ka Seme,ZA213,Chris Hani,2020-10-17,2020-10-17,2,2,2,2195966.7914951164,470009.5887754687,25573,20201017,20201017,0.3060749448635213,0.6232332132979509,0.0706918418385278,0.5011842246002923,196331.0,0.334940582305372,0.572656560540376,0.09240285715425203,0.478383232498069,752217.0,0.1854655172413793,0.75,-0.29251697892271666,0.057692307692307696,1,1,1,0,1,0,0,0,0
390609,ZA2,Eastern Cape,ZA2,Eastern Cape,ZA213,Chris Hani,ZA292,Buffalo City,2020-10-17,2020-10-23,1,1,1,310544.6838236927,152434.7918491338,472101,20201017,20201023,0.334940582305372,0.572656560540376,0.09240285715425203,0.478383232498069,752217.0,0.254980022080858,0.6758306608485358,0.06918931707060617,0.48177934914042375,760840.0,-0.29251697892271666,0.057692307692307696,0.09585175879396986,0.6923076923076923,1,1,1,0,1,0,0,0,0
390610,ZA7,Gauteng,ZA4,Free State,ZA799,City of Tshwane,ZA418,Lejweleputswa,2020-10-17,2020-10-28,1,1,1,267990.4930505384,267990.4930505384,901771,20201017,20201028,0.22283079372412132,0.7204843127840075,0.056684893491871245,0.5057337597223363,3627986.0,0.27941650281351393,0.6617931601395349,0.058790337046951115,0.500105365269169,574193.0,0.48224212034383956,0.9038461538461539,0.29495049504950493,0.8653846153846154,1,1,1,0,1,0,0,0,0
390611,ZA4,Free State,ZA2,Eastern Cape,ZA416,Xhariep,ZA214,Joe Gqabi,2020-10-17,2020-10-18,1,1,1,221581.9962121253,109460.85445945837,46153,20201017,20201018,0.29515218562959183,0.6325513667867511,0.07229644758365718,0.5005153225730198,105759.0,0.3340471849013029,0.5799636495391386,0.08598916555955849,0.47733103958194023,339473.0,0.18671264367816093,0.7692307692307693,-0.1839776119402985,0.21153846153846154,1,1,1,0,1,0,0,0,0
390612,ZA2,Eastern Cape,ZA2,Eastern Cape,ZA293,Nelson Mandela Bay,ZA210,Cacadu,2020-10-17,2020-10-27,1,1,1,169284.71624391145,81691.45539568833,840387,20201017,20201027,0.2465186661259611,0.6842154879637478,0.0692658459102911,0.4877654529777138,1230491.0,0.2618455236218228,0.6571170870354837,0.08103738934269357,0.4975242081945451,491156.0,0.5740514018691588,0.9423076923076923,-0.01848062015503876,0.5,1,1,1,0,1,0,0,0,0
390613,ZA4,Free State,ZA4,Free State,ZA419,Thabo Mofutsanyane,ZA419,Thabo Mofutsanyane,2020-10-17,2020-10-26,1,1,1,11389.666345624206,1011.2043556454458,781543,20201017,20201026,0.31143326559338835,0.6251823622683981,0.06338437213821363,0.47028720831466336,662829.0,0.31143326559338835,0.6251823622683981,0.06338437213821363,0.47028720831466336,662829.0,0.10770218579234972,0.7115384615384616,0.10770218579234972,0.7115384615384616,1,1,1,0,1,0,0,0,0
390614,ZA5,KwaZulu-Natal,ZA5,KwaZulu-Natal,ZA524,Umzinyathi,ZA529,iLembe,2020-10-17,2020-10-18,3,3,3,401309.7010509451,165367.6864971528,102934,20201017,20201018,0.3952311253914291,0.5454951881678106,0.05927368644076033,0.451447242842509,514461.0,0.32390440311621094,0.6202867780885334,0.05580881879525565,0.4827645772056803,636799.0,-0.28225945945945946,0.07692307692307693,-0.14951617873651774,0.28846153846153844,1,1,1,0,1,0,0,0,0
390615,ZA1,Western Cape,ZA1,Western Cape,ZA105,Central Karoo,ZA191,City of Cape Town,2020-10-17,2020-10-18,1,1,1,1020316.6375275308,496914.8183769897,83118,20201017,20201018,0.29415328297801036,0.633639246216906,0.07220747080508365,0.4979247763656518,77582.0,0.23849582985172932,0.697186217784503,0.06431795236376775,0.4976008771049945,4436413.0,-0.12604477611940298,0.3269230769230769,0.7687640750670242,0.9807692307692307,1,1,1,0,1,0,0,0,0
390616,ZA9,Limpopo,ZA9,Limpopo,ZA936,Waterberg,ZA933,Mopani,2020-10-17,2020-10-17,5,5,5,2230425.9356756266,1047888.9241392596,73564,20201017,20201017,0.2870915348782833,0.6477210572390478,0.06518740788266879,0.5138960603357211,718513.0,0.3329418650827259,0.6026296126910996,0.06442852222617454,0.46142626187343905,1062666.0,0.00236898395721925,0.5576923076923077,-0.037928345626975765,0.4807692307692308,1,1,1,0,1,0,0,0,0
390617,ZA2,Eastern Cape,ZA5,KwaZulu-Natal,ZA244,Alfred Nzo,ZA521,Ugu,2020-10-17,2020-10-18,1,1,1,65913.69889654107,32686.38747963757,15097,20201017,20201018,0.40782127157510134,0.5221222097470932,0.07005651867780548,0.4576553946475353,788235.0,0.32122674606698143,0.6016982741355622,0.07707497979745637,0.47391596021954596,714019.0,-0.27396673320026615,0.11538461538461539,-0.09480895915678524,0.40384615384615385,1,1,1,0,1,0,0,0,0
390618,ZA8,Mpumalanga,ZA8,Mpumalanga,ZA832,Ehlanzeni,ZA832,Ehlanzeni,2020-10-17,2020-10-19,3,3,3,954511.1335922194,39110.250204599455,533997,20201017,20201019,0.32438893780700045,0.6235217992770762,0.05208926291592337,0.47979089412028486,1837538.0,0.32438893780700045,0.6235217992770762,0.05208926291592337,0.47979089412028486,1837538.0,0.1315940928270042,0.7307692307692307,0.1315940928270042,0.7307692307692307,1,1,1,0,1,0,0,0,0
390619,ZA1,Western Cape,ZA8,Mpumalanga,ZA191,City of Cape Town,ZA832,Ehlanzeni,2020-10-17,2020-10-27,1,1,1,1551608.3139067795,1551608.3139067795,930967,20201017,20201027,0.23849582985172932,0.697186217784503,0.06431795236376775,0.4976008771049945,4436413.0,0.32438893780700045,0.6235217992770762,0.05208926291592337,0.47979089412028486,1837538.0,0.7687640750670242,0.9807692307692307,0.1315940928270042,0.7307692307692307,1,1,1,0,1,0,0,0,0
390620,ZA7,Gauteng,ZA5,KwaZulu-Natal,ZA799,City of Tshwane,ZA525,Amajuba,2020-10-17,2020-10-17,3,3,3,1963841.57949966,986926.2506948764,55335,20201017,20201017,0.22283079372412132,0.7204843127840075,0.056684893491871245,0.5057337597223363,3627986.0,0.3311353387795859,0.6144200377537888,0.05444462346662529,0.48045773982507545,502731.0,0.48224212034383956,0.9038461538461539,-0.16864155251141552,0.25,1,1,1,0,1,0,0,0,0
390621,ZA8,Mpumalanga,ZA8,Mpumalanga,ZA832,Ehlanzeni,ZA832,Ehlanzeni,2020-10-17,2020-10-23,2,2,2,977050.3429971824,197168.1331345184,1070091,20201017,20201023,0.32438893780700045,0.6235217992770762,0.05208926291592337,0.47979089412028486,1837538.0,0.32438893780700045,0.6235217992770762,0.05208926291592337,0.47979089412028486,1837538.0,0.1315940928270042,0.7307692307692307,0.1315940928270042,0.7307692307692307,1,1,1,0,1,0,0,0,0
390622,ZA3,Nothern Cape,ZA1,Western Cape,ZA306,Namakwa,ZA105,Central Karoo,2020-10-17,2020-10-17,2,2,2,2478533.3211230715,216581.8002838489,27799,20201017,20201017,0.2479438366342976,0.6592106724059887,0.09284549095971371,0.5132337492633683,117087.0,0.29415328297801036,0.633639246216906,0.07220747080508365,0.4979247763656518,77582.0,0.06505633802816901,0.6153846153846154,-0.12604477611940298,0.3269230769230769,1,1,1,0,1,0,0,0,0
390623,ZA7,Gauteng,ZA4,Free State,ZA742,Sedibeng,ZA494,Mangaung,2020-10-17,2020-10-17,1,1,1,666392.1254913236,336313.2784300431,12248,20201017,20201017,0.24393339879416723,0.6953819961266214,0.06068460507921129,0.5059130831550246,994997.0,0.26262942751272955,0.6754982029249197,0.06187236956235082,0.4901411892511804,826621.0,0.2808379746835443,0.8461538461538461,0.27329104477611943,0.8269230769230769,1,1,1,0,1,0,0,0,0
390624,ZA5,KwaZulu-Natal,ZA5,KwaZulu-Natal,ZA595,eThekwini,ZA524,Umzinyathi,2020-10-17,2020-10-17,7,7,7,3000558.236252891,1596214.0499023602,108463,20201017,20201017,0.2446364969883556,0.6990922562931536,0.05627124671849075,0.494610924976595,3587907.0,0.3952311253914291,0.5454951881678106,0.05927368644076033,0.451447242842509,514461.0,0.5666580406654343,0.9230769230769231,-0.28225945945945946,0.07692307692307693,1,1,1,0,1,0,0,0,0
390625,ZA5,KwaZulu-Natal,ZA2,Eastern Cape,ZA543,Sisonke,ZA215,O.R.Tambo,2020-10-17,2020-10-17,2,2,2,309716.78835595,167119.54736595118,32397,20201017,20201017,0.37293146983899067,0.5707096800166399,0.05635885014436937,0.4671305273563743,447117.0,0.38804558548824664,0.5482866433400703,0.06366777117168307,0.4623163104135049,1358678.0,-0.2112274881516588,0.17307692307692307,-0.23807536101083035,0.1346153846153846,1,1,1,0,1,0,0,0,0
390626,ZA1,Western Cape,ZA5,KwaZulu-Natal,ZA191,City of Cape Town,ZA522,Umgungundlovu,2020-10-17,2020-10-18,1,1,1,1505119.2138445373,1437169.1487038012,73069,20201017,20201018,0.23849582985172932,0.697186217784503,0.06431795236376775,0.4976008771049945,4436413.0,0.2748377359932372,0.663873035280183,0.06128922872657978,0.48236181888519014,1046905.0,0.7687640750670242,0.9807692307692307,0.0061256544502617805,0.5769230769230769,1,1,1,0,1,0,0,0,0
390627,ZA8,Mpumalanga,ZA7,Gauteng,ZA830,Gert Sibande,ZA799,City of Tshwane,2020-10-17,2020-10-18,1,1,1,242856.56008593988,242856.56008593988,50331,20201017,20201018,0.30688245639051287,0.6412288994160756,0.05188864419341153,0.49968312815881616,1136106.0,0.22283079372412132,0.7204843127840075,0.056684893491871245,0.5057337597223363,3627986.0,-0.11248741610738255,0.36538461538461536,0.48224212034383956,0.9038461538461539,1,1,1,0,1,0,0,0,0
390628,ZA5,KwaZulu-Natal,ZA5,KwaZulu-Natal,ZA526,Zululand,ZA526,Zululand,2020-10-17,2020-10-19,1,1,1,507602.2243136901,27821.945156529106,162286,20201017,20201019,0.392497537624586,0.5542130860581069,0.053289376317307055,0.4651401640222711,783796.0,0.392497537624586,0.5542130860581069,0.053289376317307055,0.4651401640222711,783796.0,-0.2762355212355212,0.09615384615384616,-0.2762355212355212,0.09615384615384616,1,1,1,0,1,0,0,0,0
390629,ZA7,Gauteng,ZA4,Free State,ZA798,City of Johannesburg,ZA416,Xhariep,2020-10-17,2020-10-17,3,3,3,5556096.359557591,1789679.7166897468,94542,20201017,20201017,0.2220629170143196,0.7299897648810346,0.047947318104645836,0.5097433964893054,5540727.0,0.29515218562959183,0.6325513667867511,0.07229644758365718,0.5005153225730198,105759.0,0.8818060606060606,1.0,0.18671264367816093,0.7692307692307693,1,1,1,0,1,0,0,0,0
390630,ZA2,Eastern Cape,ZA7,Gauteng,ZA292,Buffalo City,ZA798,City of Johannesburg,2020-10-17,2020-10-17,4,4,4,6672626.7370110415,3102191.344855851,69088,20201017,20201017,0.254980022080858,0.6758306608485358,0.06918931707060617,0.48177934914042375,760840.0,0.2220629170143196,0.7299897648810346,0.047947318104645836,0.5097433964893054,5540727.0,0.09585175879396986,0.6923076923076923,0.8818060606060606,1.0,1,1,1,0,1,0,0,0,0
390631,ZA7,Gauteng,ZA5,KwaZulu-Natal,ZA798,City of Johannesburg,ZA529,iLembe,2020-10-17,2020-10-31,1,1,1,568696.6899008336,483776.8941295831,1162836,20201017,20201031,0.2220629170143196,0.7299897648810346,0.047947318104645836,0.5097433964893054,5540727.0,0.32390440311621094,0.6202867780885334,0.05580881879525565,0.4827645772056803,636799.0,0.8818060606060606,1.0,-0.14951617873651774,0.28846153846153844,1,1,1,0,1,0,0,0,0
390632,ZA4,Free State,ZA7,Gauteng,ZA420,Fezile Dabi,ZA742,Sedibeng,2020-10-17,2020-10-31,1,1,1,32840.22891320172,16334.080647192526,1207011,20201017,20201031,0.2705098118551487,0.6604572122193,0.06903297592555128,0.5050070807202104,494300.0,0.24393339879416723,0.6953819961266214,0.06068460507921129,0.5059130831550246,994997.0,0.2276555023923445,0.7884615384615384,0.2808379746835443,0.8461538461538461,1,1,1,0,1,0,0,0,0
390633,ZA2,Eastern Cape,ZA3,Nothern Cape,ZA214,Joe Gqabi,ZA309,Frances Baard,2020-10-17,2020-10-17,2,2,1,1148306.6980440505,573974.5787622803,2067,20201017,20201017,0.3340471849013029,0.5799636495391386,0.08598916555955849,0.47733103958194023,339473.0,0.2860169290028057,0.6497360787483951,0.06424699224879928,0.49189928194398214,420580.0,-0.1839776119402985,0.21153846153846154,0.29907801418439717,0.8846153846153846,1,1,1,0,1,0,0,0,0
390634,ZA2,Eastern Cape,ZA1,Western Cape,ZA293,Nelson Mandela Bay,ZA104,Eden,2020-10-17,2020-10-17,5,5,5,3110261.6933454126,1301144.9117417317,111631,20201017,20201017,0.2465186661259611,0.6842154879637478,0.0692658459102911,0.4877654529777138,1230491.0,0.24710205256745305,0.6628052101466374,0.09009273728590954,0.4993180863678119,673839.0,0.5740514018691588,0.9423076923076923,0.0004522691705790296,0.5384615384615384,1,1,1,0,1,0,0,0,0
390635,ZA4,Free State,ZA6,North West,ZA418,Lejweleputswa,ZA637,Bojanala,2020-10-17,2020-10-18,1,1,1,496750.3225323271,255091.93363172855,57056,20201017,20201018,0.27941650281351393,0.6617931601395349,0.058790337046951115,0.500105365269169,574193.0,0.25082919250139085,0.6903465537718604,0.05882425372674875,0.5380589003726469,1786678.0,0.29495049504950493,0.8653846153846154,0.07430676328502415,0.6538461538461539,1,1,1,0,1,0,0,0,0
390636,ZA2,Eastern Cape,ZA2,Eastern Cape,ZA293,Nelson Mandela Bay,ZA292,Buffalo City,2020-10-17,2020-10-18,1,1,1,484718.3486720094,235222.90348238545,12475,20201017,20201018,0.2465186661259611,0.6842154879637478,0.0692658459102911,0.4877654529777138,1230491.0,0.254980022080858,0.6758306608485358,0.06918931707060617,0.48177934914042375,760840.0,0.5740514018691588,0.9423076923076923,0.09585175879396986,0.6923076923076923,1,1,1,0,1,0,0,0,0
390637,ZA1,Western Cape,ZA7,Gauteng,ZA104,Eden,ZA798,City of Johannesburg,2020-10-17,2020-10-28,1,1,1,1016967.9339176612,1003123.3284045708,872382,20201017,20201028,0.24710205256745305,0.6628052101466374,0.09009273728590954,0.4993180863678119,673839.0,0.2220629170143196,0.7299897648810346,0.047947318104645836,0.5097433964893054,5540727.0,0.0004522691705790296,0.5384615384615384,0.8818060606060606,1.0,1,1,1,0,1,0,0,0,0
390638,ZA2,Eastern Cape,ZA5,KwaZulu-Natal,ZA215,O.R.Tambo,ZA595,eThekwini,2020-10-17,2020-10-21,1,1,1,268914.5477808848,268914.5477808848,339090,20201017,20201021,0.38804558548824664,0.5482866433400703,0.06366777117168307,0.4623163104135049,1358678.0,0.2446364969883556,0.6990922562931536,0.05627124671849075,0.494610924976595,3587907.0,-0.23807536101083035,0.1346153846153846,0.5666580406654343,0.9230769230769231,1,1,1,0,1,0,0,0,0
390639,ZA4,Free State,ZA6,North West,ZA416,Xhariep,ZA640,Dr Kenneth Kaunda,2020-10-17,2020-10-17,2,2,2,2112058.326249548,1038791.2233860056,74944,20201017,20201017,0.29515218562959183,0.6325513667867511,0.07229644758365718,0.5005153225730198,105759.0,0.27505895171327793,0.6602340041700301,0.06470704411669191,0.5065976875287468,754431.0,0.18671264367816093,0.7692307692307693,-0.10069384057971015,0.38461538461538464,1,1,1,0,1,0,0,0,0
390640,ZA1,Western Cape,ZA4,Free State,ZA105,Central Karoo,ZA420,Fezile Dabi,2020-10-17,2020-10-17,1,1,1,2949008.485843752,725511.8934822719,26702,20201017,20201017,0.29415328297801036,0.633639246216906,0.07220747080508365,0.4979247763656518,77582.0,0.2705098118551487,0.6604572122193,0.06903297592555128,0.5050070807202104,494300.0,-0.12604477611940298,0.3269230769230769,0.2276555023923445,0.7884615384615384,1,1,1,0,1,0,0,0,0
390641,ZA9,Limpopo,ZA8,Mpumalanga,ZA947,Sekhukhune,ZA831,Nkangala,2020-10-17,2020-10-20,1,1,1,216669.2341851058,108333.25707945332,290285,20201017,20201020,0.3536917516859454,0.5707075150199985,0.07560073329405607,0.46486328935523974,1125333.0,0.27290691475673784,0.6711806877078121,0.055912397535449986,0.5109201270525474,1573837.0,-0.06015677966101695,0.4423076923076923,0.07867808219178082,0.6730769230769231,1,1,1,0,1,0,0,0,0
390642,ZA3,Nothern Cape,ZA3,Nothern Cape,ZA309,Frances Baard,ZA306,Namakwa,2020-10-17,2020-10-17,1,1,1,4032656.1089538895,1233593.3487629418,36232,20201017,20201017,0.2860169290028057,0.6497360787483951,0.06424699224879928,0.49189928194398214,420580.0,0.2479438366342976,0.6592106724059887,0.09284549095971371,0.5132337492633683,117087.0,0.29907801418439717,0.8846153846153846,0.06505633802816901,0.6153846153846154,1,1,1,0,1,0,0,0,0
390643,ZA6,North West,ZA3,Nothern Cape,ZA640,Dr Kenneth Kaunda,ZA307,Pixley ka Seme,2020-10-17,2020-10-17,2,2,2,6558661.382933684,1109200.6990477575,54046,20201017,20201017,0.27505895171327793,0.6602340041700301,0.06470704411669191,0.5065976875287468,754431.0,0.3060749448635213,0.6232332132979509,0.0706918418385278,0.5011842246002923,196331.0,-0.10069384057971015,0.38461538461538464,0.1854655172413793,0.75,1,1,1,0,1,0,0,0,0
390644,ZA7,Gauteng,ZA5,KwaZulu-Natal,ZA799,City of Tshwane,ZA521,Ugu,2020-10-17,2020-10-18,1,1,1,1244324.6042493223,624172.879651136,92966,20201017,20201018,0.22283079372412132,0.7204843127840075,0.056684893491871245,0.5057337597223363,3627986.0,0.32122674606698143,0.6016982741355622,0.07707497979745637,0.47391596021954596,714019.0,0.48224212034383956,0.9038461538461539,-0.09480895915678524,0.40384615384615385,1,1,1,0,1,0,0,0,0
390645,ZA4,Free State,ZA7,Gauteng,ZA416,Xhariep,ZA798,City of Johannesburg,2020-10-17,2020-10-17,1,1,1,1546324.2631957796,589213.2722390597,30589,20201017,20201017,0.29515218562959183,0.6325513667867511,0.07229644758365718,0.5005153225730198,105759.0,0.2220629170143196,0.7299897648810346,0.047947318104645836,0.5097433964893054,5540727.0,0.18671264367816093,0.7692307692307693,0.8818060606060606,1.0,1,1,1,0,1,0,0,0,0
390646,ZA1,Western Cape,ZA3,Nothern Cape,ZA102,Cape Winelands,ZA306,Namakwa,2020-10-17,2020-10-17,2,2,2,933048.6017599852,465161.2691795956,41696,20201017,20201017,0.24989252608235304,0.6902123420738123,0.059895131843834624,0.5011121214086944,909523.0,0.2479438366342976,0.6592106724059887,0.09284549095971371,0.5132337492633683,117087.0,-0.012388831437435367,0.5192307692307693,0.06505633802816901,0.6153846153846154,1,1,1,0,1,0,0,0,0
390647,ZA3,Nothern Cape,ZA7,Gauteng,ZA309,Frances Baard,ZA798,City of Johannesburg,2020-10-17,2020-10-25,1,1,1,829452.9952516427,410065.7493446248,622833,20201017,20201025,0.2860169290028057,0.6497360787483951,0.06424699224879928,0.49189928194398214,420580.0,0.2220629170143196,0.7299897648810346,0.047947318104645836,0.5097433964893054,5540727.0,0.29907801418439717,0.8846153846153846,0.8818060606060606,1.0,1,1,1,0,1,0,0,0,0
390648,ZA8,Mpumalanga,ZA8,Mpumalanga,ZA831,Nkangala,ZA831,Nkangala,2020-10-17,2020-10-31,1,1,1,116813.65020686534,13046.863217073353,1166536,20201017,20201031,0.27290691475673784,0.6711806877078121,0.055912397535449986,0.5109201270525474,1573837.0,0.27290691475673784,0.6711806877078121,0.055912397535449986,0.5109201270525474,1573837.0,0.07867808219178082,0.6730769230769231,0.07867808219178082,0.6730769230769231,1,1,1,0,1,0,0,0,0
390649,ZA5,KwaZulu-Natal,ZA5,KwaZulu-Natal,ZA522,Umgungundlovu,ZA528,Uthungulu,2020-10-17,2020-10-17,4,4,4,1419728.2746634004,801067.3292984087,72474,20201017,20201017,0.2748377359932372,0.663873035280183,0.06128922872657978,0.48236181888519014,1046905.0,0.3398562749304085,0.6096443299200878,0.05049939514950375,0.4759701217345943,889476.0,0.0061256544502617805,0.5769230769230769,-0.2202014106583072,0.15384615384615385,1,1,1,0,1,0,0,0,0
390650,ZA5,KwaZulu-Natal,ZA8,Mpumalanga,ZA528,Uthungulu,ZA830,Gert Sibande,2020-10-17,2020-10-17,3,3,3,3800151.682199623,1092055.655311224,88024,20201017,20201017,0.3398562749304085,0.6096443299200878,0.05049939514950375,0.4759701217345943,889476.0,0.30688245639051287,0.6412288994160756,0.05188864419341153,0.49968312815881616,1136106.0,-0.2202014106583072,0.15384615384615385,-0.11248741610738255,0.36538461538461536,1,1,1,0,1,0,0,0,0
390651,ZA9,Limpopo,ZA9,Limpopo,ZA933,Mopani,ZA933,Mopani,2020-10-17,2020-10-23,1,1,1,4437.713243348698,4437.713243348698,507477,20201017,20201023,0.3329418650827259,0.6026296126910996,0.06442852222617454,0.46142626187343905,1062666.0,0.3329418650827259,0.6026296126910996,0.06442852222617454,0.46142626187343905,1062666.0,-0.037928345626975765,0.4807692307692308,-0.037928345626975765,0.4807692307692308,1,1,1,0,1,0,0,0,0
390652,ZA9,Limpopo,ZA9,Limpopo,ZA934,Vhembe,ZA934,Vhembe,2020-10-17,2020-10-19,1,1,1,939557.266915115,40111.03792506246,181637,20201017,20201019,0.3433867460978093,0.5887604530714541,0.06785280083073665,0.4597374214109392,1325089.0,0.3433867460978093,0.5887604530714541,0.06785280083073665,0.4597374214109392,1325089.0,-0.0767829596412556,0.4230769230769231,-0.0767829596412556,0.4230769230769231,1,1,1,0,1,0,0,0,0
390653,ZA1,Western Cape,,,ZA103,Overberg,,,2020-10-17,2020-10-18,1,1,1,20906.243637051823,1577.0618500089902,24024,20201017,20201018,0.22836513904770692,0.6721314716747349,0.09950338927755827,0.511077351980676,303457.0,,,,,,0.051486772486772484,0.5961538461538461,,,1,1,1,0,1,0,0,0,0
390654,ZA3,Nothern Cape,ZA3,Nothern Cape,ZA308,Z F Mgcawu,ZA306,Namakwa,2020-10-17,2020-10-17,1,1,1,2781685.7583410437,178991.7621824424,17793,20201017,20201017,0.27601757542529287,0.6641943181028425,0.059788106471864645,0.5142626583989065,258998.0,0.2479438366342976,0.6592106724059887,0.09284549095971371,0.5132337492633683,117087.0,-0.04016603773584906,0.46153846153846156,0.06505633802816901,0.6153846153846154,1,1,1,0,1,0,0,0,0
390655,ZA7,Gauteng,ZA1,Western Cape,ZA799,City of Tshwane,ZA105,Central Karoo,2020-10-17,2020-10-20,1,1,1,2849168.357462438,842292.9071541537,295825,20201017,20201020,0.22283079372412132,0.7204843127840075,0.056684893491871245,0.5057337597223363,3627986.0,0.29415328297801036,0.633639246216906,0.07220747080508365,0.4979247763656518,77582.0,0.48224212034383956,0.9038461538461539,-0.12604477611940298,0.3269230769230769,1,1,1,0,1,0,0,0,0
390656,ZA1,Western Cape,ZA1,Western Cape,ZA102,Cape Winelands,ZA105,Central Karoo,2020-10-17,2020-10-18,1,1,1,3552719.480714081,422749.5545656214,33675,20201017,20201018,0.24989252608235304,0.6902123420738123,0.059895131843834624,0.5011121214086944,909523.0,0.29415328297801036,0.633639246216906,0.07220747080508365,0.4979247763656518,77582.0,-0.012388831437435367,0.5192307692307693,-0.12604477611940298,0.3269230769230769,1,1,1,0,1,0,0,0,0
390657,ZA5,KwaZulu-Natal,ZA5,KwaZulu-Natal,ZA528,Uthungulu,ZA595,eThekwini,2020-10-17,2020-10-18,3,3,3,749741.2894402996,439916.42425967066,181528,20201017,20201018,0.3398562749304085,0.6096443299200878,0.05049939514950375,0.4759701217345943,889476.0,0.2446364969883556,0.6990922562931536,0.05627124671849075,0.494610924976595,3587907.0,-0.2202014106583072,0.15384615384615385,0.5666580406654343,0.9230769230769231,1,1,1,0,1,0,0,0,0
390658,ZA1,Western Cape,ZA1,Western Cape,ZA104,Eden,ZA104,Eden,2020-10-17,2020-10-23,1,1,1,111170.55116991625,111166.69968096096,472934,20201017,20201023,0.24710205256745305,0.6628052101466374,0.09009273728590954,0.4993180863678119,673839.0,0.24710205256745305,0.6628052101466374,0.09009273728590954,0.4993180863678119,673839.0,0.0004522691705790296,0.5384615384615384,0.0004522691705790296,0.5384615384615384,1,1,1,0,1,0,0,0,0
390659,ZA6,North West,ZA4,Free State,ZA637,Bojanala,ZA420,Fezile Dabi,2020-10-17,2020-10-18,2,2,2,545116.1545928788,249971.3931459226,73406,20201017,20201018,0.25082919250139085,0.6903465537718604,0.05882425372674875,0.5380589003726469,1786678.0,0.2705098118551487,0.6604572122193,0.06903297592555128,0.5050070807202104,494300.0,0.07430676328502415,0.6538461538461539,0.2276555023923445,0.7884615384615384,1,1,1,0,1,0,0,0,0
390660,ZA5,KwaZulu-Natal,ZA5,KwaZulu-Natal,ZA526,Zululand,ZA524,Umzinyathi,2020-10-17,2020-10-17,2,2,2,515684.6944791589,141949.6528042801,9025,20201017,20201017,0.392497537624586,0.5542130860581069,0.053289376317307055,0.4651401640222711,783796.0,0.3952311253914291,0.5454951881678106,0.05927368644076033,0.451447242842509,514461.0,-0.2762355212355212,0.09615384615384616,-0.28225945945945946,0.07692307692307693,1,1,1,0,1,0,0,0,0
390661,ZA3,Nothern Cape,ZA2,Eastern Cape,ZA308,Z F Mgcawu,ZA293,Nelson Mandela Bay,2020-10-17,2020-10-17,3,3,3,6615103.594153663,2967820.5260169804,106353,20201017,20201017,0.27601757542529287,0.6641943181028425,0.059788106471864645,0.5142626583989065,258998.0,0.2465186661259611,0.6842154879637478,0.0692658459102911,0.4877654529777138,1230491.0,-0.04016603773584906,0.46153846153846156,0.5740514018691588,0.9423076923076923,1,1,1,0,1,0,0,0,0
390662,ZA4,Free State,ZA2,Eastern Cape,ZA494,Mangaung,ZA213,Chris Hani,2020-10-17,2020-10-17,2,2,2,1466196.6829978514,600906.4147863496,34439,20201017,20201017,0.26262942751272955,0.6754982029249197,0.06187236956235082,0.4901411892511804,826621.0,0.334940582305372,0.572656560540376,0.09240285715425203,0.478383232498069,752217.0,0.27329104477611943,0.8269230769230769,-0.29251697892271666,0.057692307692307696,1,1,1,0,1,0,0,0,0
390663,ZA7,Gauteng,ZA5,KwaZulu-Natal,ZA797,Ekurhuleni,ZA526,Zululand,2020-10-17,2020-10-17,1,1,1,1487349.79672169,375563.8951956818,20553,20201017,20201017,0.23296733680905687,0.7203157619169479,0.04671690127399521,0.5205474946472306,3739653.0,0.392497537624586,0.5542130860581069,0.053289376317307055,0.4651401640222711,783796.0,0.7435109289617486,0.9615384615384616,-0.2762355212355212,0.09615384615384616,1,1,1,0,1,0,0,0,0
390664,ZA9,Limpopo,ZA9,Limpopo,ZA934,Vhembe,ZA935,Capricorn,2020-10-17,2020-10-29,1,1,1,650185.2620356386,135687.4325447439,1033531,20201017,20201029,0.3433867460978093,0.5887604530714541,0.06785280083073665,0.4597374214109392,1325089.0,0.3265897738288558,0.6007690312860821,0.07264119488506209,0.472231826966417,1295656.0,-0.0767829596412556,0.4230769230769231,0.07397387387387387,0.6346153846153846,1,1,1,0,1,0,0,0,0
390665,ZA4,Free State,ZA1,Western Cape,ZA416,Xhariep,ZA104,Eden,2020-10-17,2020-10-17,2,2,2,5444777.412567055,1333101.275557459,63087,20201017,20201017,0.29515218562959183,0.6325513667867511,0.07229644758365718,0.5005153225730198,105759.0,0.24710205256745305,0.6628052101466374,0.09009273728590954,0.4993180863678119,673839.0,0.18671264367816093,0.7692307692307693,0.0004522691705790296,0.5384615384615384,1,1,1,0,1,0,0,0,0
390666,ZA6,North West,ZA6,North West,ZA638,Ngaka Modiri Molema,ZA640,Dr Kenneth Kaunda,2020-10-17,2020-10-22,1,1,1,317198.5430985418,158427.44972449,394766,20201017,20201022,0.3236353449196357,0.6078801705223251,0.06848448455803925,0.4964769205863341,870971.0,0.27505895171327793,0.6602340041700301,0.06470704411669191,0.5065976875287468,754431.0,-0.18344824707846413,0.23076923076923078,-0.10069384057971015,0.38461538461538464,1,1,1,0,1,0,0,0,0
390667,ZA7,Gauteng,ZA8,Mpumalanga,ZA742,Sedibeng,ZA831,Nkangala,2020-10-17,2020-10-18,2,2,2,149305.18254912316,74652.59127456158,106521,20201017,20201018,0.24393339879416723,0.6953819961266214,0.06068460507921129,0.5059130831550246,994997.0,0.27290691475673784,0.6711806877078121,0.055912397535449986,0.5109201270525474,1573837.0,0.2808379746835443,0.8461538461538461,0.07867808219178082,0.6730769230769231,1,1,1,0,1,0,0,0,0
390668,ZA9,Limpopo,ZA9,Limpopo,ZA934,Vhembe,ZA936,Waterberg,2020-10-17,2020-10-27,1,1,1,481582.46514888166,239263.4966598715,851405,20201017,20201027,0.3433867460978093,0.5887604530714541,0.06785280083073665,0.4597374214109392,1325089.0,0.2870915348782833,0.6477210572390478,0.06518740788266879,0.5138960603357211,718513.0,-0.0767829596412556,0.4230769230769231,0.00236898395721925,0.5576923076923077,1,1,1,0,1,0,0,0,0
390669,ZA9,Limpopo,ZA9,Limpopo,ZA947,Sekhukhune,ZA947,Sekhukhune,2020-10-17,2020-10-19,2,2,2,310707.5326190672,3642.428114216016,305999,20201017,20201019,0.3536917516859454,0.5707075150199985,0.07560073329405607,0.46486328935523974,1125333.0,0.3536917516859454,0.5707075150199985,0.07560073329405607,0.46486328935523974,1125333.0,-0.06015677966101695,0.4423076923076923,-0.06015677966101695,0.4423076923076923,1,1,1,0,1,0,0,0,0
390670,ZA8,Mpumalanga,ZA3,Nothern Cape,ZA830,Gert Sibande,ZA307,Pixley ka Seme,2020-10-17,2020-10-17,1,1,1,2624970.421410506,742768.833877483,32661,20201017,20201017,0.30688245639051287,0.6412288994160756,0.05188864419341153,0.49968312815881616,1136106.0,0.3060749448635213,0.6232332132979509,0.0706918418385278,0.5011842246002923,196331.0,-0.11248741610738255,0.36538461538461536,0.1854655172413793,0.75,1,1,1,0,1,0,0,0,0
390671,ZA7,Gauteng,ZA1,Western Cape,ZA799,City of Tshwane,ZA102,Cape Winelands,2020-10-17,2020-10-17,1,1,1,3119360.444501733,1413892.4710058484,24748,20201017,20201017,0.22283079372412132,0.7204843127840075,0.056684893491871245,0.5057337597223363,3627986.0,0.24989252608235304,0.6902123420738123,0.059895131843834624,0.5011121214086944,909523.0,0.48224212034383956,0.9038461538461539,-0.012388831437435367,0.5192307692307693,1,1,1,0,1,0,0,0,0
390672,ZA6,North West,ZA6,North West,ZA639,Dr Ruth Segomotsi Mompati,ZA640,Dr Kenneth Kaunda,2020-10-17,2020-10-18,2,2,2,596796.5082995513,281734.93305263127,137028,20201017,20201018,0.3412335579082451,0.5850872971649528,0.07367914492680208,0.4911837461796937,473784.0,0.27505895171327793,0.6602340041700301,0.06470704411669191,0.5065976875287468,754431.0,-0.16626678765880218,0.2692307692307692,-0.10069384057971015,0.38461538461538464,1,1,1,0,1,0,0,0,0
390673,ZA8,Mpumalanga,ZA5,KwaZulu-Natal,ZA832,Ehlanzeni,ZA529,iLembe,2020-10-17,2020-10-17,1,1,1,1205337.0908324048,552085.3762672296,29088,20201017,20201017,0.32438893780700045,0.6235217992770762,0.05208926291592337,0.47979089412028486,1837538.0,0.32390440311621094,0.6202867780885334,0.05580881879525565,0.4827645772056803,636799.0,0.1315940928270042,0.7307692307692307,-0.14951617873651774,0.28846153846153844,1,1,1,0,1,0,0,0,0
390674,ZA1,Western Cape,ZA1,Western Cape,ZA101,West Coast,ZA101,West Coast,2020-10-17,2020-10-21,1,1,1,211229.7984780813,97917.83549888503,313168,20201017,20201021,0.24466466325617858,0.6852166396976793,0.0701186970461421,0.5060695297345649,497485.0,0.24466466325617858,0.6852166396976793,0.0701186970461421,0.5060695297345649,497485.0,-0.12079976303317536,0.34615384615384615,-0.12079976303317536,0.34615384615384615,1,1,1,0,1,0,0,0,0
390675,ZA4,Free State,ZA2,Eastern Cape,ZA419,Thabo Mofutsanyane,ZA214,Joe Gqabi,2020-10-17,2020-10-17,1,1,1,1214831.82019554,232038.92520928636,12457,20201017,20201017,0.31143326559338835,0.6251823622683981,0.06338437213821363,0.47028720831466336,662829.0,0.3340471849013029,0.5799636495391386,0.08598916555955849,0.47733103958194023,339473.0,0.10770218579234972,0.7115384615384616,-0.1839776119402985,0.21153846153846154,1,1,1,0,1,0,0,0,0
390676,ZA2,Eastern Cape,ZA7,Gauteng,ZA214,Joe Gqabi,ZA742,Sedibeng,2020-10-17,2020-10-17,1,1,1,670457.2677352036,564639.7593339283,17620,20201017,20201017,0.3340471849013029,0.5799636495391386,0.08598916555955849,0.47733103958194023,339473.0,0.24393339879416723,0.6953819961266214,0.06068460507921129,0.5059130831550246,994997.0,-0.1839776119402985,0.21153846153846154,0.2808379746835443,0.8461538461538461,1,1,1,0,1,0,0,0,0
390677,ZA9,Limpopo,ZA8,Mpumalanga,ZA933,Mopani,ZA832,Ehlanzeni,2020-10-17,2020-10-18,3,3,3,532612.8105840336,194679.1288809337,203191,20201017,20201018,0.3329418650827259,0.6026296126910996,0.06442852222617454,0.46142626187343905,1062666.0,0.32438893780700045,0.6235217992770762,0.05208926291592337,0.47979089412028486,1837538.0,-0.037928345626975765,0.4807692307692308,0.1315940928270042,0.7307692307692307,1,1,1,0,1,0,0,0,0
390678,ZA1,Western Cape,ZA1,Western Cape,ZA104,Eden,ZA102,Cape Winelands,2020-10-17,2020-10-17,5,5,5,3697979.446332314,1826265.8527484457,115461,20201017,20201017,0.24710205256745305,0.6628052101466374,0.09009273728590954,0.4993180863678119,673839.0,0.24989252608235304,0.6902123420738123,0.059895131843834624,0.5011121214086944,909523.0,0.0004522691705790296,0.5384615384615384,-0.012388831437435367,0.5192307692307693,1,1,1,0,1,0,0,0,0
390679,ZA5,KwaZulu-Natal,ZA5,KwaZulu-Natal,ZA528,Uthungulu,ZA528,Uthungulu,2020-10-17,2020-10-19,1,1,1,720108.0756245587,17455.6758933059,168079,20201017,20201019,0.3398562749304085,0.6096443299200878,0.05049939514950375,0.4759701217345943,889476.0,0.3398562749304085,0.6096443299200878,0.05049939514950375,0.4759701217345943,889476.0,-0.2202014106583072,0.15384615384615385,-0.2202014106583072,0.15384615384615385,1,1,1,0,1,0,0,0,0
390680,ZA9,Limpopo,ZA9,Limpopo,ZA947,Sekhukhune,ZA936,Waterberg,2020-10-17,2020-10-18,1,1,1,469866.1993049535,233172.10643710048,76838,20201017,20201018,0.3536917516859454,0.5707075150199985,0.07560073329405607,0.46486328935523974,1125333.0,0.2870915348782833,0.6477210572390478,0.06518740788266879,0.5138960603357211,718513.0,-0.06015677966101695,0.4423076923076923,0.00236898395721925,0.5576923076923077,1,1,1,0,1,0,0,0,0
390681,ZA8,Mpumalanga,ZA8,Mpumalanga,ZA830,Gert Sibande,ZA831,Nkangala,2020-10-17,2020-10-24,1,1,1,312767.1466112203,127090.12322031498,614573,20201017,20201024,0.30688245639051287,0.6412288994160756,0.05188864419341153,0.49968312815881616,1136106.0,0.27290691475673784,0.6711806877078121,0.055912397535449986,0.5109201270525474,1573837.0,-0.11248741610738255,0.36538461538461536,0.07867808219178082,0.6730769230769231,1,1,1,0,1,0,0,0,0
390682,ZA9,Limpopo,ZA9,Limpopo,ZA935,Capricorn,ZA947,Sekhukhune,2020-10-17,2020-10-21,1,1,1,88897.46698019661,88897.46698019661,375933,20201017,20201021,0.3265897738288558,0.6007690312860821,0.07264119488506209,0.472231826966417,1295656.0,0.3536917516859454,0.5707075150199985,0.07560073329405607,0.46486328935523974,1125333.0,0.07397387387387387,0.6346153846153846,-0.06015677966101695,0.4423076923076923,1,1,1,0,1,0,0,0,0
390683,ZA4,Free State,ZA4,Free State,ZA420,Fezile Dabi,ZA494,Mangaung,2020-10-17,2020-10-26,1,1,1,393741.0972067735,185153.46398767683,780732,20201017,20201026,0.2705098118551487,0.6604572122193,0.06903297592555128,0.5050070807202104,494300.0,0.26262942751272955,0.6754982029249197,0.06187236956235082,0.4901411892511804,826621.0,0.2276555023923445,0.7884615384615384,0.27329104477611943,0.8269230769230769,1,1,1,0,1,0,0,0,0
390684,ZA9,Limpopo,ZA5,KwaZulu-Natal,ZA936,Waterberg,ZA595,eThekwini,2020-10-17,2020-10-17,2,2,2,2736264.410711566,1321192.4423100166,60106,20201017,20201017,0.2870915348782833,0.6477210572390478,0.06518740788266879,0.5138960603357211,718513.0,0.2446364969883556,0.6990922562931536,0.05627124671849075,0.494610924976595,3587907.0,0.00236898395721925,0.5576923076923077,0.5666580406654343,0.9230769230769231,1,1,1,0,1,0,0,0,0
390685,ZA5,KwaZulu-Natal,ZA4,Free State,ZA526,Zululand,ZA419,Thabo Mofutsanyane,2020-10-17,2020-10-29,1,1,1,244816.6081095055,187734.17893784496,1054857,20201017,20201029,0.392497537624586,0.5542130860581069,0.053289376317307055,0.4651401640222711,783796.0,0.31143326559338835,0.6251823622683981,0.06338437213821363,0.47028720831466336,662829.0,-0.2762355212355212,0.09615384615384616,0.10770218579234972,0.7115384615384616,1,1,1,0,1,0,0,0,0
390686,ZA9,Limpopo,ZA7,Gauteng,ZA936,Waterberg,ZA798,City of Johannesburg,2020-10-17,2020-10-23,1,1,1,526696.3050627214,232335.43811605131,499842,20201017,20201023,0.2870915348782833,0.6477210572390478,0.06518740788266879,0.5138960603357211,718513.0,0.2220629170143196,0.7299897648810346,0.047947318104645836,0.5097433964893054,5540727.0,0.00236898395721925,0.5576923076923077,0.8818060606060606,1.0,1,1,1,0,1,0,0,0,0
390687,ZA4,Free State,ZA2,Eastern Cape,ZA419,Thabo Mofutsanyane,ZA214,Joe Gqabi,2020-10-17,2020-10-18,1,1,1,727253.528586855,400661.7922429447,70524,20201017,20201018,0.31143326559338835,0.6251823622683981,0.06338437213821363,0.47028720831466336,662829.0,0.3340471849013029,0.5799636495391386,0.08598916555955849,0.47733103958194023,339473.0,0.10770218579234972,0.7115384615384616,-0.1839776119402985,0.21153846153846154,1,1,1,0,1,0,0,0,0
390688,ZA2,Eastern Cape,ZA2,Eastern Cape,ZA215,O.R.Tambo,ZA292,Buffalo City,2020-10-17,2020-10-17,2,2,2,858307.7814002883,423585.6318638792,36941,20201017,20201017,0.38804558548824664,0.5482866433400703,0.06366777117168307,0.4623163104135049,1358678.0,0.254980022080858,0.6758306608485358,0.06918931707060617,0.48177934914042375,760840.0,-0.23807536101083035,0.1346153846153846,0.09585175879396986,0.6923076923076923,1,1,1,0,1,0,0,0,0
390689,ZA5,KwaZulu-Natal,ZA5,KwaZulu-Natal,ZA521,Ugu,ZA521,Ugu,2020-10-17,2020-10-19,1,1,1,33811.56164740783,16894.152196539355,192572,20201017,20201019,0.32122674606698143,0.6016982741355622,0.07707497979745637,0.47391596021954596,714019.0,0.32122674606698143,0.6016982741355622,0.07707497979745637,0.47391596021954596,714019.0,-0.09480895915678524,0.40384615384615385,-0.09480895915678524,0.40384615384615385,1,1,1,0,1,0,0,0,0
390690,ZA6,North West,ZA1,Western Cape,ZA637,Bojanala,ZA191,City of Cape Town,2020-10-17,2020-10-17,1,1,1,2715501.306139409,1407717.225725502,55589,20201017,20201017,0.25082919250139085,0.6903465537718604,0.05882425372674875,0.5380589003726469,1786678.0,0.23849582985172932,0.697186217784503,0.06431795236376775,0.4976008771049945,4436413.0,0.07430676328502415,0.6538461538461539,0.7687640750670242,0.9807692307692307,1,1,1,0,1,0,0,0,0
390691,ZA5,KwaZulu-Natal,ZA2,Eastern Cape,ZA521,Ugu,ZA215,O.R.Tambo,2020-10-17,2020-10-17,1,1,1,240997.2539055889,114282.7752226698,5689,20201017,20201017,0.32122674606698143,0.6016982741355622,0.07707497979745637,0.47391596021954596,714019.0,0.38804558548824664,0.5482866433400703,0.06366777117168307,0.4623163104135049,1358678.0,-0.09480895915678524,0.40384615384615385,-0.23807536101083035,0.1346153846153846,1,1,1,0,1,0,0,0,0
390692,ZA1,Western Cape,ZA3,Nothern Cape,ZA104,Eden,ZA307,Pixley ka Seme,2020-10-17,2020-10-17,1,1,1,1155960.727340562,532252.5606082798,25694,20201017,20201017,0.24710205256745305,0.6628052101466374,0.09009273728590954,0.4993180863678119,673839.0,0.3060749448635213,0.6232332132979509,0.0706918418385278,0.5011842246002923,196331.0,0.0004522691705790296,0.5384615384615384,0.1854655172413793,0.75,1,1,1,0,1,0,0,0,0
390693,ZA8,Mpumalanga,ZA8,Mpumalanga,ZA832,Ehlanzeni,ZA832,Ehlanzeni,2020-10-17,2020-10-20,3,3,3,2524709.318072113,1159604.4757071326,856204,20201017,20201020,0.32438893780700045,0.6235217992770762,0.05208926291592337,0.47979089412028486,1837538.0,0.32438893780700045,0.6235217992770762,0.05208926291592337,0.47979089412028486,1837538.0,0.1315940928270042,0.7307692307692307,0.1315940928270042,0.7307692307692307,1,1,1,0,1,0,0,0,0
390694,ZA5,KwaZulu-Natal,ZA5,KwaZulu-Natal,ZA529,iLembe,ZA528,Uthungulu,2020-10-17,2020-10-19,1,1,1,166706.47588623196,111358.99244834777,182859,20201017,20201019,0.32390440311621094,0.6202867780885334,0.05580881879525565,0.4827645772056803,636799.0,0.3398562749304085,0.6096443299200878,0.05049939514950375,0.4759701217345943,889476.0,-0.14951617873651774,0.28846153846153844,-0.2202014106583072,0.15384615384615385,1,1,1,0,1,0,0,0,0
390696,ZA3,Nothern Cape,ZA3,Nothern Cape,ZA308,Z F Mgcawu,ZA309,Frances Baard,2020-10-17,2020-10-17,5,5,5,2106835.42824999,1080688.598711065,72719,20201017,20201017,0.27601757542529287,0.6641943181028425,0.059788106471864645,0.5142626583989065,258998.0,0.2860169290028057,0.6497360787483951,0.06424699224879928,0.49189928194398214,420580.0,-0.04016603773584906,0.46153846153846156,0.29907801418439717,0.8846153846153846,1,1,1,0,1,0,0,0,0
390697,ZA5,KwaZulu-Natal,ZA5,KwaZulu-Natal,ZA523,Uthukela,ZA524,Umzinyathi,2020-10-17,2020-10-18,3,3,3,258998.31052972784,113983.79723488806,137512,20201017,20201018,0.36014331224838336,0.5864396074090654,0.05341708034255123,0.46782833191779016,652282.0,0.3952311253914291,0.5454951881678106,0.05927368644076033,0.451447242842509,514461.0,-0.19841226215644822,0.19230769230769232,-0.28225945945945946,0.07692307692307693,1,1,1,0,1,0,0,0,0
390698,ZA3,Nothern Cape,ZA3,Nothern Cape,ZA309,Frances Baard,ZA307,Pixley ka Seme,2020-10-17,2020-10-18,1,1,1,156396.3728451315,78198.18642256575,30792,20201017,20201018,0.2860169290028057,0.6497360787483951,0.06424699224879928,0.49189928194398214,420580.0,0.3060749448635213,0.6232332132979509,0.0706918418385278,0.5011842246002923,196331.0,0.29907801418439717,0.8846153846153846,0.1854655172413793,0.75,1,1,1,0,1,0,0,0,0
390699,ZA4,Free State,ZA6,North West,ZA416,Xhariep,ZA639,Dr Ruth Segomotsi Mompati,2020-10-17,2020-10-17,1,1,1,683325.171945976,428392.06850164046,29492,20201017,20201017,0.29515218562959183,0.6325513667867511,0.07229644758365718,0.5005153225730198,105759.0,0.3412335579082451,0.5850872971649528,0.07367914492680208,0.4911837461796937,473784.0,0.18671264367816093,0.7692307692307693,-0.16626678765880218,0.2692307692307692,1,1,1,0,1,0,0,0,0
390700,ZA7,Gauteng,ZA4,Free State,ZA797,Ekurhuleni,ZA494,Mangaung,2020-10-17,2020-10-17,2,2,2,1716585.9008839603,903084.5396682956,60942,20201017,20201017,0.23296733680905687,0.7203157619169479,0.04671690127399521,0.5205474946472306,3739653.0,0.26262942751272955,0.6754982029249197,0.06187236956235082,0.4901411892511804,826621.0,0.7435109289617486,0.9615384615384616,0.27329104477611943,0.8269230769230769,1,1,1,0,1,0,0,0,0
390701,ZA7,Gauteng,ZA3,Nothern Cape,ZA798,City of Johannesburg,ZA309,Frances Baard,2020-10-17,2020-10-17,1,1,1,829452.9952516427,417803.11572076834,21182,20201017,20201017,0.2220629170143196,0.7299897648810346,0.047947318104645836,0.5097433964893054,5540727.0,0.2860169290028057,0.6497360787483951,0.06424699224879928,0.49189928194398214,420580.0,0.8818060606060606,1.0,0.29907801418439717,0.8846153846153846,1,1,1,0,1,0,0,0,0
390702,ZA7,Gauteng,ZA9,Limpopo,ZA742,Sedibeng,ZA936,Waterberg,2020-10-17,2020-10-17,4,4,4,2322792.4771101177,1217321.5185538572,80009,20201017,20201017,0.24393339879416723,0.6953819961266214,0.06068460507921129,0.5059130831550246,994997.0,0.2870915348782833,0.6477210572390478,0.06518740788266879,0.5138960603357211,718513.0,0.2808379746835443,0.8461538461538461,0.00236898395721925,0.5576923076923077,1,1,1,0,1,0,0,0,0
390703,ZA4,Free State,ZA4,Free State,ZA420,Fezile Dabi,ZA419,Thabo Mofutsanyane,2020-10-17,2020-10-18,2,2,2,707032.4890644928,439877.7772718112,102864,20201017,20201018,0.2705098118551487,0.6604572122193,0.06903297592555128,0.5050070807202104,494300.0,0.31143326559338835,0.6251823622683981,0.06338437213821363,0.47028720831466336,662829.0,0.2276555023923445,0.7884615384615384,0.10770218579234972,0.7115384615384616,1,1,1,0,1,0,0,0,0
390704,ZA6,North West,ZA6,North West,ZA637,Bojanala,ZA640,Dr Kenneth Kaunda,2020-10-17,2020-10-18,2,2,2,1393001.0446993576,798871.9723376863,131276,20201017,20201018,0.25082919250139085,0.6903465537718604,0.05882425372674875,0.5380589003726469,1786678.0,0.27505895171327793,0.6602340041700301,0.06470704411669191,0.5065976875287468,754431.0,0.07430676328502415,0.6538461538461539,-0.10069384057971015,0.38461538461538464,1,1,1,0,1,0,0,0,0
390705,ZA7,Gauteng,ZA8,Mpumalanga,ZA798,City of Johannesburg,ZA832,Ehlanzeni,2020-10-17,2020-10-19,1,1,1,699354.4327521978,310478.0235994242,157300,20201017,20201019,0.2220629170143196,0.7299897648810346,0.047947318104645836,0.5097433964893054,5540727.0,0.32438893780700045,0.6235217992770762,0.05208926291592337,0.47979089412028486,1837538.0,0.8818060606060606,1.0,0.1315940928270042,0.7307692307692307,1,1,1,0,1,0,0,0,0
390706,ZA1,Western Cape,ZA5,KwaZulu-Natal,ZA104,Eden,ZA595,eThekwini,2020-10-17,2020-10-17,1,1,1,2867203.837258047,1574250.864225375,31325,20201017,20201017,0.24710205256745305,0.6628052101466374,0.09009273728590954,0.4993180863678119,673839.0,0.2446364969883556,0.6990922562931536,0.05627124671849075,0.494610924976595,3587907.0,0.0004522691705790296,0.5384615384615384,0.5666580406654343,0.9230769230769231,1,1,1,0,1,0,0,0,0
390707,ZA2,Eastern Cape,ZA2,Eastern Cape,ZA212,Amathole,ZA293,Nelson Mandela Bay,2020-10-17,2020-10-17,1,1,1,159776.37857681295,159776.37857681295,393,20201017,20201017,0.32816698449842097,0.5696178168124134,0.1022151986891656,0.47434426623917664,789726.0,0.2465186661259611,0.6842154879637478,0.0692658459102911,0.4877654529777138,1230491.0,-0.3192883211678832,0.019230769230769232,0.5740514018691588,0.9423076923076923,1,1,1,0,1,0,0,0,0
390708,ZA7,Gauteng,ZA7,Gauteng,ZA748,West Rand,ZA797,Ekurhuleni,2020-10-17,2020-10-22,1,1,1,260742.0996434792,87359.99677043389,439092,20201017,20201022,0.23154887232085752,0.7207832829912092,0.047667844687933295,0.5288128906961219,856804.0,0.23296733680905687,0.7203157619169479,0.04671690127399521,0.5205474946472306,3739653.0,0.23715802469135805,0.8076923076923077,0.7435109289617486,0.9615384615384616,1,1,1,0,1,0,0,0,0
390709,ZA2,Eastern Cape,ZA2,Eastern Cape,ZA292,Buffalo City,ZA212,Amathole,2020-10-17,2020-10-24,1,1,1,231619.4563380953,19919.403464402407,612423,20201017,20201024,0.254980022080858,0.6758306608485358,0.06918931707060617,0.48177934914042375,760840.0,0.32816698449842097,0.5696178168124134,0.1022151986891656,0.47434426623917664,789726.0,0.09585175879396986,0.6923076923076923,-0.3192883211678832,0.019230769230769232,1,1,1,0,1,0,0,0,0
390710,ZA4,Free State,ZA4,Free State,ZA419,Thabo Mofutsanyane,ZA420,Fezile Dabi,2020-10-17,2020-10-18,1,1,1,200991.4893829695,35763.28333542159,18462,20201017,20201018,0.31143326559338835,0.6251823622683981,0.06338437213821363,0.47028720831466336,662829.0,0.2705098118551487,0.6604572122193,0.06903297592555128,0.5050070807202104,494300.0,0.10770218579234972,0.7115384615384616,0.2276555023923445,0.7884615384615384,1,1,1,0,1,0,0,0,0
390711,ZA5,KwaZulu-Natal,ZA1,Western Cape,ZA528,Uthungulu,ZA191,City of Cape Town,2020-10-17,2020-10-17,1,1,1,2054377.9473586087,1372701.2958136164,36537,20201017,20201017,0.3398562749304085,0.6096443299200878,0.05049939514950375,0.4759701217345943,889476.0,0.23849582985172932,0.697186217784503,0.06431795236376775,0.4976008771049945,4436413.0,-0.2202014106583072,0.15384615384615385,0.7687640750670242,0.9807692307692307,1,1,1,0,1,0,0,0,0
390712,ZA5,KwaZulu-Natal,ZA8,Mpumalanga,ZA595,eThekwini,ZA830,Gert Sibande,2020-10-17,2020-10-18,1,1,1,305097.97683370195,294539.005486548,85116,20201017,20201018,0.2446364969883556,0.6990922562931536,0.05627124671849075,0.494610924976595,3587907.0,0.30688245639051287,0.6412288994160756,0.05188864419341153,0.49968312815881616,1136106.0,0.5666580406654343,0.9230769230769231,-0.11248741610738255,0.36538461538461536,1,1,1,0,1,0,0,0,0
390713,ZA5,KwaZulu-Natal,ZA2,Eastern Cape,ZA529,iLembe,ZA293,Nelson Mandela Bay,2020-10-17,2020-10-24,1,1,1,724714.5380038375,724714.5380038375,539293,20201017,20201024,0.32390440311621094,0.6202867780885334,0.05580881879525565,0.4827645772056803,636799.0,0.2465186661259611,0.6842154879637478,0.0692658459102911,0.4877654529777138,1230491.0,-0.14951617873651774,0.28846153846153844,0.5740514018691588,0.9423076923076923,1,1,1,0,1,0,0,0,0
390714,ZA1,Western Cape,ZA1,Western Cape,ZA101,West Coast,ZA101,West Coast,2020-10-17,2020-10-29,1,1,1,93892.1367186968,93892.1367186968,1052557,20201017,20201029,0.24466466325617858,0.6852166396976793,0.0701186970461421,0.5060695297345649,497485.0,0.24466466325617858,0.6852166396976793,0.0701186970461421,0.5060695297345649,497485.0,-0.12079976303317536,0.34615384615384615,-0.12079976303317536,0.34615384615384615,1,1,1,0,1,0,0,0,0
390715,ZA6,North West,ZA6,North West,ZA637,Bojanala,ZA637,Bojanala,2020-10-17,2020-10-23,1,1,1,4485.439632183876,1986.39107718404,551971,20201017,20201023,0.25082919250139085,0.6903465537718604,0.05882425372674875,0.5380589003726469,1786678.0,0.25082919250139085,0.6903465537718604,0.05882425372674875,0.5380589003726469,1786678.0,0.07430676328502415,0.6538461538461539,0.07430676328502415,0.6538461538461539,1,1,1,0,1,0,0,0,0
390716,ZA1,Western Cape,ZA3,Nothern Cape,ZA191,City of Cape Town,ZA308,Z F Mgcawu,2020-10-17,2020-10-18,1,1,1,2139262.3431172734,1022811.5842345224,113180,20201017,20201018,0.23849582985172932,0.697186217784503,0.06431795236376775,0.4976008771049945,4436413.0,0.27601757542529287,0.6641943181028425,0.059788106471864645,0.5142626583989065,258998.0,0.7687640750670242,0.9807692307692307,-0.04016603773584906,0.46153846153846156,1,1,1,0,1,0,0,0,0
390717,ZA1,Western Cape,ZA7,Gauteng,ZA104,Eden,ZA798,City of Johannesburg,2020-10-17,2020-10-24,1,1,1,1007493.7144065144,1007493.7144065144,565365,20201017,20201024,0.24710205256745305,0.6628052101466374,0.09009273728590954,0.4993180863678119,673839.0,0.2220629170143196,0.7299897648810346,0.047947318104645836,0.5097433964893054,5540727.0,0.0004522691705790296,0.5384615384615384,0.8818060606060606,1.0,1,1,1,0,1,0,0,0,0
390718,ZA5,KwaZulu-Natal,ZA7,Gauteng,ZA595,eThekwini,ZA799,City of Tshwane,2020-10-17,2020-10-18,1,1,1,687081.4332558706,592106.6369301262,51782,20201017,20201018,0.2446364969883556,0.6990922562931536,0.05627124671849075,0.494610924976595,3587907.0,0.22283079372412132,0.7204843127840075,0.056684893491871245,0.5057337597223363,3627986.0,0.5666580406654343,0.9230769230769231,0.48224212034383956,0.9038461538461539,1,1,1,0,1,0,0,0,0
390719,ZA1,Western Cape,ZA2,Eastern Cape,ZA101,West Coast,ZA210,Cacadu,2020-10-17,2020-10-19,1,1,1,580643.5249746337,485683.4350250205,177956,20201017,20201019,0.24466466325617858,0.6852166396976793,0.0701186970461421,0.5060695297345649,497485.0,0.2618455236218228,0.6571170870354837,0.08103738934269357,0.4975242081945451,491156.0,-0.12079976303317536,0.34615384615384615,-0.01848062015503876,0.5,1,1,1,0,1,0,0,0,0
390720,ZA2,Eastern Cape,ZA2,Eastern Cape,ZA214,Joe Gqabi,ZA215,O.R.Tambo,2020-10-17,2020-10-19,1,1,1,452330.5664683681,52241.97039635,156393,20201017,20201019,0.3340471849013029,0.5799636495391386,0.08598916555955849,0.47733103958194023,339473.0,0.38804558548824664,0.5482866433400703,0.06366777117168307,0.4623163104135049,1358678.0,-0.1839776119402985,0.21153846153846154,-0.23807536101083035,0.1346153846153846,1,1,1,0,1,0,0,0,0
390721,ZA4,Free State,ZA5,KwaZulu-Natal,ZA420,Fezile Dabi,ZA595,eThekwini,2020-10-17,2020-10-17,4,4,4,4435544.192722019,1907526.2800909225,92530,20201017,20201017,0.2705098118551487,0.6604572122193,0.06903297592555128,0.5050070807202104,494300.0,0.2446364969883556,0.6990922562931536,0.05627124671849075,0.494610924976595,3587907.0,0.2276555023923445,0.7884615384615384,0.5666580406654343,0.9230769230769231,1,1,1,0,1,0,0,0,0
390722,ZA2,Eastern Cape,ZA2,Eastern Cape,ZA213,Chris Hani,ZA215,O.R.Tambo,2020-10-17,2020-10-18,1,1,1,792304.7078875517,96493.83288050596,53213,20201017,20201018,0.334940582305372,0.572656560540376,0.09240285715425203,0.478383232498069,752217.0,0.38804558548824664,0.5482866433400703,0.06366777117168307,0.4623163104135049,1358678.0,-0.29251697892271666,0.057692307692307696,-0.23807536101083035,0.1346153846153846,1,1,1,0,1,0,0,0,0
390723,ZA1,Western Cape,ZA1,Western Cape,ZA101,West Coast,ZA101,West Coast,2020-10-17,2020-10-31,1,1,1,114778.40674395268,114639.11444841596,1261186,20201017,20201031,0.24466466325617858,0.6852166396976793,0.0701186970461421,0.5060695297345649,497485.0,0.24466466325617858,0.6852166396976793,0.0701186970461421,0.5060695297345649,497485.0,-0.12079976303317536,0.34615384615384615,-0.12079976303317536,0.34615384615384615,1,1,1,0,1,0,0,0,0
390724,ZA7,Gauteng,ZA1,Western Cape,ZA798,City of Johannesburg,ZA105,Central Karoo,2020-10-17,2020-10-17,2,2,2,3869325.6139626,1847433.6980852631,69572,20201017,20201017,0.2220629170143196,0.7299897648810346,0.047947318104645836,0.5097433964893054,5540727.0,0.29415328297801036,0.633639246216906,0.07220747080508365,0.4979247763656518,77582.0,0.8818060606060606,1.0,-0.12604477611940298,0.3269230769230769,1,1,1,0,1,0,0,0,0
390725,ZA1,Western Cape,ZA5,KwaZulu-Natal,ZA191,City of Cape Town,ZA595,eThekwini,2020-10-17,2020-10-23,1,1,1,2573400.423649521,1285638.604487677,483401,20201017,20201023,0.23849582985172932,0.697186217784503,0.06431795236376775,0.4976008771049945,4436413.0,0.2446364969883556,0.6990922562931536,0.05627124671849075,0.494610924976595,3587907.0,0.7687640750670242,0.9807692307692307,0.5666580406654343,0.9230769230769231,1,1,1,0,1,0,0,0,0
390726,ZA7,Gauteng,ZA9,Limpopo,ZA797,Ekurhuleni,ZA936,Waterberg,2020-10-17,2020-10-29,1,1,1,611850.5866604671,153410.12888088226,1009816,20201017,20201029,0.23296733680905687,0.7203157619169479,0.04671690127399521,0.5205474946472306,3739653.0,0.2870915348782833,0.6477210572390478,0.06518740788266879,0.5138960603357211,718513.0,0.7435109289617486,0.9615384615384616,0.00236898395721925,0.5576923076923077,1,1,1,0,1,0,0,0,0
390727,ZA1,Western Cape,ZA1,Western Cape,ZA104,Eden,ZA101,West Coast,2020-10-17,2020-10-29,1,1,1,589564.3412364629,431624.9225445301,1023492,20201017,20201029,0.24710205256745305,0.6628052101466374,0.09009273728590954,0.4993180863678119,673839.0,0.24466466325617858,0.6852166396976793,0.0701186970461421,0.5060695297345649,497485.0,0.0004522691705790296,0.5384615384615384,-0.12079976303317536,0.34615384615384615,1,1,1,0,1,0,0,0,0
390728,ZA7,Gauteng,ZA8,Mpumalanga,ZA798,City of Johannesburg,ZA832,Ehlanzeni,2020-10-17,2020-10-18,1,1,1,773834.7204676669,369116.1145449731,82863,20201017,20201018,0.2220629170143196,0.7299897648810346,0.047947318104645836,0.5097433964893054,5540727.0,0.32438893780700045,0.6235217992770762,0.05208926291592337,0.47979089412028486,1837538.0,0.8818060606060606,1.0,0.1315940928270042,0.7307692307692307,1,1,1,0,1,0,0,0,0
390729,ZA1,Western Cape,ZA1,Western Cape,ZA104,Eden,ZA104,Eden,2020-10-17,2020-10-24,1,1,1,222837.32656434705,109401.9208737521,621697,20201017,20201024,0.24710205256745305,0.6628052101466374,0.09009273728590954,0.4993180863678119,673839.0,0.24710205256745305,0.6628052101466374,0.09009273728590954,0.4993180863678119,673839.0,0.0004522691705790296,0.5384615384615384,0.0004522691705790296,0.5384615384615384,1,1,1,0,1,0,0,0,0
390730,ZA8,Mpumalanga,ZA5,KwaZulu-Natal,ZA830,Gert Sibande,ZA526,Zululand,2020-10-17,2020-10-21,1,1,1,648340.5263915837,98385.57831711909,281228,20201017,20201021,0.30688245639051287,0.6412288994160756,0.05188864419341153,0.49968312815881616,1136106.0,0.392497537624586,0.5542130860581069,0.053289376317307055,0.4651401640222711,783796.0,-0.11248741610738255,0.36538461538461536,-0.2762355212355212,0.09615384615384616,1,1,1,0,1,0,0,0,0
390731,ZA3,Nothern Cape,ZA1,Western Cape,ZA309,Frances Baard,ZA191,City of Cape Town,2020-10-17,2020-10-17,1,1,1,938850.8618193716,868807.858699124,37062,20201017,20201017,0.2860169290028057,0.6497360787483951,0.06424699224879928,0.49189928194398214,420580.0,0.23849582985172932,0.697186217784503,0.06431795236376775,0.4976008771049945,4436413.0,0.29907801418439717,0.8846153846153846,0.7687640750670242,0.9807692307692307,1,1,1,0,1,0,0,0,0
390732,ZA7,Gauteng,ZA4,Free State,ZA798,City of Johannesburg,ZA420,Fezile Dabi,2020-10-17,2020-10-19,1,1,1,2777671.1936514443,114490.54187267298,129879,20201017,20201019,0.2220629170143196,0.7299897648810346,0.047947318104645836,0.5097433964893054,5540727.0,0.2705098118551487,0.6604572122193,0.06903297592555128,0.5050070807202104,494300.0,0.8818060606060606,1.0,0.2276555023923445,0.7884615384615384,1,1,1,0,1,0,0,0,0
390733,ZA5,KwaZulu-Natal,ZA4,Free State,ZA523,Uthukela,ZA419,Thabo Mofutsanyane,2020-10-17,2020-10-18,2,2,2,388307.0323427637,46083.66741466003,109327,20201017,20201018,0.36014331224838336,0.5864396074090654,0.05341708034255123,0.46782833191779016,652282.0,0.31143326559338835,0.6251823622683981,0.06338437213821363,0.47028720831466336,662829.0,-0.19841226215644822,0.19230769230769232,0.10770218579234972,0.7115384615384616,1,1,1,0,1,0,0,0,0
390734,ZA1,Western Cape,ZA1,Western Cape,ZA102,Cape Winelands,ZA191,City of Cape Town,2020-10-17,2020-10-25,1,1,1,264386.6660512654,126547.60756173683,660408,20201017,20201025,0.24989252608235304,0.6902123420738123,0.059895131843834624,0.5011121214086944,909523.0,0.23849582985172932,0.697186217784503,0.06431795236376775,0.4976008771049945,4436413.0,-0.012388831437435367,0.5192307692307693,0.7687640750670242,0.9807692307692307,1,1,1,0,1,0,0,0,0
390735,ZA4,Free State,ZA5,KwaZulu-Natal,ZA420,Fezile Dabi,ZA521,Ugu,2020-10-17,2020-10-22,1,1,1,638842.0224757291,528092.6130940033,407495,20201017,20201022,0.2705098118551487,0.6604572122193,0.06903297592555128,0.5050070807202104,494300.0,0.32122674606698143,0.6016982741355622,0.07707497979745637,0.47391596021954596,714019.0,0.2276555023923445,0.7884615384615384,-0.09480895915678524,0.40384615384615385,1,1,1,0,1,0,0,0,0
390736,ZA7,Gauteng,ZA6,North West,ZA748,West Rand,ZA637,Bojanala,2020-10-17,2020-10-22,1,1,1,188798.09082783147,94071.68810309882,451547,20201017,20201022,0.23154887232085752,0.7207832829912092,0.047667844687933295,0.5288128906961219,856804.0,0.25082919250139085,0.6903465537718604,0.05882425372674875,0.5380589003726469,1786678.0,0.23715802469135805,0.8076923076923077,0.07430676328502415,0.6538461538461539,1,1,1,0,1,0,0,0,0
390737,ZA5,KwaZulu-Natal,ZA5,KwaZulu-Natal,ZA525,Amajuba,ZA595,eThekwini,2020-10-17,2020-10-18,1,1,1,576825.578540968,302917.2457677227,107463,20201017,20201018,0.3311353387795859,0.6144200377537888,0.05444462346662529,0.48045773982507545,502731.0,0.2446364969883556,0.6990922562931536,0.05627124671849075,0.494610924976595,3587907.0,-0.16864155251141552,0.25,0.5666580406654343,0.9230769230769231,1,1,1,0,1,0,0,0,0
390738,ZA7,Gauteng,ZA6,North West,ZA798,City of Johannesburg,ZA637,Bojanala,2020-10-17,2020-10-21,1,1,1,191998.13819222563,95704.9273350592,386519,20201017,20201021,0.2220629170143196,0.7299897648810346,0.047947318104645836,0.5097433964893054,5540727.0,0.25082919250139085,0.6903465537718604,0.05882425372674875,0.5380589003726469,1786678.0,0.8818060606060606,1.0,0.07430676328502415,0.6538461538461539,1,1,1,0,1,0,0,0,0
390739,ZA2,Eastern Cape,ZA2,Eastern Cape,ZA214,Joe Gqabi,ZA212,Amathole,2020-10-17,2020-10-17,2,2,2,2735561.013257321,525639.4048152016,43955,20201017,20201017,0.3340471849013029,0.5799636495391386,0.08598916555955849,0.47733103958194023,339473.0,0.32816698449842097,0.5696178168124134,0.1022151986891656,0.47434426623917664,789726.0,-0.1839776119402985,0.21153846153846154,-0.3192883211678832,0.019230769230769232,1,1,1,0,1,0,0,0,0
390740,ZA5,KwaZulu-Natal,ZA8,Mpumalanga,ZA523,Uthukela,ZA830,Gert Sibande,2020-10-17,2020-10-18,1,1,1,694909.4324125787,355423.8856408749,89084,20201017,20201018,0.36014331224838336,0.5864396074090654,0.05341708034255123,0.46782833191779016,652282.0,0.30688245639051287,0.6412288994160756,0.05188864419341153,0.49968312815881616,1136106.0,-0.19841226215644822,0.19230769230769232,-0.11248741610738255,0.36538461538461536,1,1,1,0,1,0,0,0,0
390741,ZA7,Gauteng,ZA8,Mpumalanga,ZA799,City of Tshwane,ZA832,Ehlanzeni,2020-10-17,2020-10-19,1,1,1,689238.1834630367,284313.6075471094,213032,20201017,20201019,0.22283079372412132,0.7204843127840075,0.056684893491871245,0.5057337597223363,3627986.0,0.32438893780700045,0.6235217992770762,0.05208926291592337,0.47979089412028486,1837538.0,0.48224212034383956,0.9038461538461539,0.1315940928270042,0.7307692307692307,1,1,1,0,1,0,0,0,0
390742,ZA4,Free State,ZA2,Eastern Cape,ZA420,Fezile Dabi,ZA293,Nelson Mandela Bay,2020-10-17,2020-10-17,1,1,1,2362679.2377404887,893100.3584994299,37610,20201017,20201017,0.2705098118551487,0.6604572122193,0.06903297592555128,0.5050070807202104,494300.0,0.2465186661259611,0.6842154879637478,0.0692658459102911,0.4877654529777138,1230491.0,0.2276555023923445,0.7884615384615384,0.5740514018691588,0.9423076923076923,1,1,1,0,1,0,0,0,0
390743,ZA5,KwaZulu-Natal,ZA5,KwaZulu-Natal,ZA543,Sisonke,ZA595,eThekwini,2020-10-17,2020-10-30,1,1,1,367705.46008026815,178461.16212170236,1132102,20201017,20201030,0.37293146983899067,0.5707096800166399,0.05635885014436937,0.4671305273563743,447117.0,0.2446364969883556,0.6990922562931536,0.05627124671849075,0.494610924976595,3587907.0,-0.2112274881516588,0.17307692307692307,0.5666580406654343,0.9230769230769231,1,1,1,0,1,0,0,0,0
390744,ZA2,Eastern Cape,ZA5,KwaZulu-Natal,ZA215,O.R.Tambo,ZA595,eThekwini,2020-10-17,2020-10-19,1,1,1,253412.52867614472,211613.3909475224,182396,20201017,20201019,0.38804558548824664,0.5482866433400703,0.06366777117168307,0.4623163104135049,1358678.0,0.2446364969883556,0.6990922562931536,0.05627124671849075,0.494610924976595,3587907.0,-0.23807536101083035,0.1346153846153846,0.5666580406654343,0.9230769230769231,1,1,1,0,1,0,0,0,0
390745,ZA5,KwaZulu-Natal,ZA5,KwaZulu-Natal,ZA543,Sisonke,ZA521,Ugu,2020-10-17,2020-10-17,4,4,4,727897.0160682178,456858.201567117,112118,20201017,20201017,0.37293146983899067,0.5707096800166399,0.05635885014436937,0.4671305273563743,447117.0,0.32122674606698143,0.6016982741355622,0.07707497979745637,0.47391596021954596,714019.0,-0.2112274881516588,0.17307692307692307,-0.09480895915678524,0.40384615384615385,1,1,1,0,1,0,0,0,0
390746,ZA1,Western Cape,ZA1,Western Cape,ZA104,Eden,ZA104,Eden,2020-10-17,2020-10-22,1,1,1,220106.6279391101,95460.51331759238,451461,20201017,20201022,0.24710205256745305,0.6628052101466374,0.09009273728590954,0.4993180863678119,673839.0,0.24710205256745305,0.6628052101466374,0.09009273728590954,0.4993180863678119,673839.0,0.0004522691705790296,0.5384615384615384,0.0004522691705790296,0.5384615384615384,1,1,1,0,1,0,0,0,0
390747,ZA7,Gauteng,ZA9,Limpopo,ZA798,City of Johannesburg,ZA947,Sekhukhune,2020-10-17,2020-10-20,1,1,1,542139.2135291523,270256.21350492246,274464,20201017,20201020,0.2220629170143196,0.7299897648810346,0.047947318104645836,0.5097433964893054,5540727.0,0.3536917516859454,0.5707075150199985,0.07560073329405607,0.46486328935523974,1125333.0,0.8818060606060606,1.0,-0.06015677966101695,0.4423076923076923,1,1,1,0,1,0,0,0,0
390748,ZA7,Gauteng,ZA9,Limpopo,ZA742,Sedibeng,ZA947,Sekhukhune,2020-10-17,2020-10-19,1,1,1,730383.7545109289,280617.6774727284,185459,20201017,20201019,0.24393339879416723,0.6953819961266214,0.06068460507921129,0.5059130831550246,994997.0,0.3536917516859454,0.5707075150199985,0.07560073329405607,0.46486328935523974,1125333.0,0.2808379746835443,0.8461538461538461,-0.06015677966101695,0.4423076923076923,1,1,1,0,1,0,0,0,0
390749,ZA9,Limpopo,ZA8,Mpumalanga,ZA947,Sekhukhune,ZA830,Gert Sibande,2020-10-17,2020-10-17,2,2,2,514715.4117293812,324472.3590974711,35839,20201017,20201017,0.3536917516859454,0.5707075150199985,0.07560073329405607,0.46486328935523974,1125333.0,0.30688245639051287,0.6412288994160756,0.05188864419341153,0.49968312815881616,1136106.0,-0.06015677966101695,0.4423076923076923,-0.11248741610738255,0.36538461538461536,1,1,1,0,1,0,0,0,0
390750,ZA6,North West,ZA9,Limpopo,ZA640,Dr Kenneth Kaunda,ZA947,Sekhukhune,2020-10-17,2020-10-17,1,1,1,1016769.5655566192,331883.6940636575,19309,20201017,20201017,0.27505895171327793,0.6602340041700301,0.06470704411669191,0.5065976875287468,754431.0,0.3536917516859454,0.5707075150199985,0.07560073329405607,0.46486328935523974,1125333.0,-0.10069384057971015,0.38461538461538464,-0.06015677966101695,0.4423076923076923,1,1,1,0,1,0,0,0,0
390751,ZA7,Gauteng,ZA5,KwaZulu-Natal,ZA797,Ekurhuleni,ZA528,Uthungulu,2020-10-17,2020-10-17,1,1,1,1361623.4210542853,631321.0403531268,26886,20201017,20201017,0.23296733680905687,0.7203157619169479,0.04671690127399521,0.5205474946472306,3739653.0,0.3398562749304085,0.6096443299200878,0.05049939514950375,0.4759701217345943,889476.0,0.7435109289617486,0.9615384615384616,-0.2202014106583072,0.15384615384615385,1,1,1,0,1,0,0,0,0
390752,ZA1,Western Cape,ZA1,Western Cape,ZA102,Cape Winelands,ZA102,Cape Winelands,2020-10-17,2020-10-24,1,1,1,530255.6400257364,5871.887874620198,580777,20201017,20201024,0.24989252608235304,0.6902123420738123,0.059895131843834624,0.5011121214086944,909523.0,0.24989252608235304,0.6902123420738123,0.059895131843834624,0.5011121214086944,909523.0,-0.012388831437435367,0.5192307692307693,-0.012388831437435367,0.5192307692307693,1,1,1,0,1,0,0,0,0
390753,ZA3,Nothern Cape,ZA3,Nothern Cape,ZA308,Z F Mgcawu,ZA345,John Taolo Gaetsewe,2020-10-17,2020-10-29,1,1,1,194673.4198793992,194673.4198793992,979507,20201017,20201029,0.27601757542529287,0.6641943181028425,0.059788106471864645,0.5142626583989065,258998.0,0.31986957060536586,0.628082594956317,0.05204783443831712,0.4959027820806741,258224.0,-0.04016603773584906,0.46153846153846156,-0.13480926430517712,0.3076923076923077,1,1,1,0,1,0,0,0,0
390754,ZA7,Gauteng,ZA1,Western Cape,ZA799,City of Tshwane,ZA191,City of Cape Town,2020-10-17,2020-10-20,1,1,1,3025910.2932114867,1293775.7347331196,275005,20201017,20201020,0.22283079372412132,0.7204843127840075,0.056684893491871245,0.5057337597223363,3627986.0,0.23849582985172932,0.697186217784503,0.06431795236376775,0.4976008771049945,4436413.0,0.48224212034383956,0.9038461538461539,0.7687640750670242,0.9807692307692307,1,1,1,0,1,0,0,0,0
390755,ZA7,Gauteng,ZA7,Gauteng,ZA799,City of Tshwane,ZA799,City of Tshwane,2020-10-17,2020-10-27,1,1,1,303535.4191981837,303535.4191981837,864000,20201017,20201027,0.22283079372412132,0.7204843127840075,0.056684893491871245,0.5057337597223363,3627986.0,0.22283079372412132,0.7204843127840075,0.056684893491871245,0.5057337597223363,3627986.0,0.48224212034383956,0.9038461538461539,0.48224212034383956,0.9038461538461539,1,1,1,0,1,0,0,0,0
390756,ZA2,Eastern Cape,ZA5,KwaZulu-Natal,ZA293,Nelson Mandela Bay,ZA595,eThekwini,2020-10-17,2020-10-17,1,1,1,3208768.958833741,742523.6633490816,26106,20201017,20201017,0.2465186661259611,0.6842154879637478,0.0692658459102911,0.4877654529777138,1230491.0,0.2446364969883556,0.6990922562931536,0.05627124671849075,0.494610924976595,3587907.0,0.5740514018691588,0.9423076923076923,0.5666580406654343,0.9230769230769231,1,1,1,0,1,0,0,0,0
390757,ZA2,Eastern Cape,ZA9,Limpopo,ZA213,Chris Hani,ZA933,Mopani,2020-10-17,2020-10-18,1,1,1,1057051.7838190186,1057051.7838190186,140779,20201017,20201018,0.334940582305372,0.572656560540376,0.09240285715425203,0.478383232498069,752217.0,0.3329418650827259,0.6026296126910996,0.06442852222617454,0.46142626187343905,1062666.0,-0.29251697892271666,0.057692307692307696,-0.037928345626975765,0.4807692307692308,1,1,1,0,1,0,0,0,0
390758,ZA5,KwaZulu-Natal,ZA4,Free State,ZA529,iLembe,ZA420,Fezile Dabi,2020-10-17,2020-10-17,2,2,2,2309611.125132988,1095408.5784423389,58605,20201017,20201017,0.32390440311621094,0.6202867780885334,0.05580881879525565,0.4827645772056803,636799.0,0.2705098118551487,0.6604572122193,0.06903297592555128,0.5050070807202104,494300.0,-0.14951617873651774,0.28846153846153844,0.2276555023923445,0.7884615384615384,1,1,1,0,1,0,0,0,0
390759,ZA3,Nothern Cape,ZA2,Eastern Cape,ZA309,Frances Baard,ZA293,Nelson Mandela Bay,2020-10-17,2020-10-17,1,1,1,1456151.3914832894,546522.4188650543,2776,20201017,20201017,0.2860169290028057,0.6497360787483951,0.06424699224879928,0.49189928194398214,420580.0,0.2465186661259611,0.6842154879637478,0.0692658459102911,0.4877654529777138,1230491.0,0.29907801418439717,0.8846153846153846,0.5740514018691588,0.9423076923076923,1,1,1,0,1,0,0,0,0
390760,ZA6,North West,ZA8,Mpumalanga,ZA638,Ngaka Modiri Molema,ZA832,Ehlanzeni,2020-10-17,2020-10-18,1,1,1,1290135.8549022337,648369.0813721076,123476,20201017,20201018,0.3236353449196357,0.6078801705223251,0.06848448455803925,0.4964769205863341,870971.0,0.32438893780700045,0.6235217992770762,0.05208926291592337,0.47979089412028486,1837538.0,-0.18344824707846413,0.23076923076923078,0.1315940928270042,0.7307692307692307,1,1,1,0,1,0,0,0,0
390761,ZA6,North West,ZA4,Free State,ZA638,Ngaka Modiri Molema,ZA418,Lejweleputswa,2020-10-17,2020-10-20,1,1,1,666361.394976188,138545.24309422128,226191,20201017,20201020,0.3236353449196357,0.6078801705223251,0.06848448455803925,0.4964769205863341,870971.0,0.27941650281351393,0.6617931601395349,0.058790337046951115,0.500105365269169,574193.0,-0.18344824707846413,0.23076923076923078,0.29495049504950493,0.8653846153846154,1,1,1,0,1,0,0,0,0
390762,ZA1,Western Cape,ZA1,Western Cape,ZA105,Central Karoo,ZA104,Eden,2020-10-17,2020-10-18,1,1,1,2065183.8567406773,69377.93131891266,36726,20201017,20201018,0.29415328297801036,0.633639246216906,0.07220747080508365,0.4979247763656518,77582.0,0.24710205256745305,0.6628052101466374,0.09009273728590954,0.4993180863678119,673839.0,-0.12604477611940298,0.3269230769230769,0.0004522691705790296,0.5384615384615384,1,1,1,0,1,0,0,0,0
390763,ZA7,Gauteng,ZA4,Free State,ZA798,City of Johannesburg,ZA418,Lejweleputswa,2020-10-17,2020-10-18,1,1,1,218046.6007819129,218046.6007819129,69383,20201017,20201018,0.2220629170143196,0.7299897648810346,0.047947318104645836,0.5097433964893054,5540727.0,0.27941650281351393,0.6617931601395349,0.058790337046951115,0.500105365269169,574193.0,0.8818060606060606,1.0,0.29495049504950493,0.8653846153846154,1,1,1,0,1,0,0,0,0
390764,ZA9,Limpopo,ZA9,Limpopo,ZA935,Capricorn,ZA936,Waterberg,2020-10-17,2020-10-18,4,4,4,1153428.3097358595,493589.603289113,83739,20201017,20201018,0.3265897738288558,0.6007690312860821,0.07264119488506209,0.472231826966417,1295656.0,0.2870915348782833,0.6477210572390478,0.06518740788266879,0.5138960603357211,718513.0,0.07397387387387387,0.6346153846153846,0.00236898395721925,0.5576923076923077,1,1,1,0,1,0,0,0,0
390765,ZA2,Eastern Cape,ZA2,Eastern Cape,ZA212,Amathole,ZA213,Chris Hani,2020-10-17,2020-10-29,1,1,1,397923.4505364522,139656.6475007263,1039986,20201017,20201029,0.32816698449842097,0.5696178168124134,0.1022151986891656,0.47434426623917664,789726.0,0.334940582305372,0.572656560540376,0.09240285715425203,0.478383232498069,752217.0,-0.3192883211678832,0.019230769230769232,-0.29251697892271666,0.057692307692307696,1,1,1,0,1,0,0,0,0
390766,ZA9,Limpopo,ZA7,Gauteng,ZA934,Vhembe,ZA797,Ekurhuleni,2020-10-17,2020-10-17,2,2,2,1220471.131377832,799518.1857418368,38593,20201017,20201017,0.3433867460978093,0.5887604530714541,0.06785280083073665,0.4597374214109392,1325089.0,0.23296733680905687,0.7203157619169479,0.04671690127399521,0.5205474946472306,3739653.0,-0.0767829596412556,0.4230769230769231,0.7435109289617486,0.9615384615384616,1,1,1,0,1,0,0,0,0
390767,ZA7,Gauteng,ZA4,Free State,ZA748,West Rand,ZA419,Thabo Mofutsanyane,2020-10-17,2020-10-23,1,1,1,2657645.606441338,275377.8457456845,465152,20201017,20201023,0.23154887232085752,0.7207832829912092,0.047667844687933295,0.5288128906961219,856804.0,0.31143326559338835,0.6251823622683981,0.06338437213821363,0.47028720831466336,662829.0,0.23715802469135805,0.8076923076923077,0.10770218579234972,0.7115384615384616,1,1,1,0,1,0,0,0,0
390768,ZA5,KwaZulu-Natal,ZA4,Free State,ZA595,eThekwini,ZA420,Fezile Dabi,2020-10-17,2020-10-17,1,1,1,959489.9086916944,447602.3221087326,18819,20201017,20201017,0.2446364969883556,0.6990922562931536,0.05627124671849075,0.494610924976595,3587907.0,0.2705098118551487,0.6604572122193,0.06903297592555128,0.5050070807202104,494300.0,0.5666580406654343,0.9230769230769231,0.2276555023923445,0.7884615384615384,1,1,1,0,1,0,0,0,0
390769,ZA9,Limpopo,ZA4,Free State,ZA936,Waterberg,ZA420,Fezile Dabi,2020-10-17,2020-10-23,1,1,1,686953.8388789843,296043.77022201626,477377,20201017,20201023,0.2870915348782833,0.6477210572390478,0.06518740788266879,0.5138960603357211,718513.0,0.2705098118551487,0.6604572122193,0.06903297592555128,0.5050070807202104,494300.0,0.00236898395721925,0.5576923076923077,0.2276555023923445,0.7884615384615384,1,1,1,0,1,0,0,0,0
390770,ZA5,KwaZulu-Natal,ZA5,KwaZulu-Natal,ZA523,Uthukela,ZA522,Umgungundlovu,2020-10-17,2020-10-27,1,1,1,410755.3463874743,114905.28066322766,841495,20201017,20201027,0.36014331224838336,0.5864396074090654,0.05341708034255123,0.46782833191779016,652282.0,0.2748377359932372,0.663873035280183,0.06128922872657978,0.48236181888519014,1046905.0,-0.19841226215644822,0.19230769230769232,0.0061256544502617805,0.5769230769230769,1,1,1,0,1,0,0,0,0
390771,ZA4,Free State,ZA2,Eastern Cape,ZA420,Fezile Dabi,ZA292,Buffalo City,2020-10-17,2020-10-17,1,1,1,1253501.9157228204,604730.37903082,5949,20201017,20201017,0.2705098118551487,0.6604572122193,0.06903297592555128,0.5050070807202104,494300.0,0.254980022080858,0.6758306608485358,0.06918931707060617,0.48177934914042375,760840.0,0.2276555023923445,0.7884615384615384,0.09585175879396986,0.6923076923076923,1,1,1,0,1,0,0,0,0
390772,ZA2,Eastern Cape,ZA2,Eastern Cape,ZA292,Buffalo City,ZA213,Chris Hani,2020-10-17,2020-10-21,1,1,1,154260.8234731684,146695.91923469224,301140,20201017,20201021,0.254980022080858,0.6758306608485358,0.06918931707060617,0.48177934914042375,760840.0,0.334940582305372,0.572656560540376,0.09240285715425203,0.478383232498069,752217.0,0.09585175879396986,0.6923076923076923,-0.29251697892271666,0.057692307692307696,1,1,1,0,1,0,0,0,0
390773,ZA2,Eastern Cape,ZA7,Gauteng,ZA293,Nelson Mandela Bay,ZA799,City of Tshwane,2020-10-17,2020-10-19,1,1,1,947886.7168060424,947886.7168060424,187362,20201017,20201019,0.2465186661259611,0.6842154879637478,0.0692658459102911,0.4877654529777138,1230491.0,0.22283079372412132,0.7204843127840075,0.056684893491871245,0.5057337597223363,3627986.0,0.5740514018691588,0.9423076923076923,0.48224212034383956,0.9038461538461539,1,1,1,0,1,0,0,0,0
390774,ZA5,KwaZulu-Natal,ZA4,Free State,ZA522,Umgungundlovu,ZA419,Thabo Mofutsanyane,2020-10-17,2020-10-17,1,1,1,968166.547836542,206163.06463834335,15438,20201017,20201017,0.2748377359932372,0.663873035280183,0.06128922872657978,0.48236181888519014,1046905.0,0.31143326559338835,0.6251823622683981,0.06338437213821363,0.47028720831466336,662829.0,0.0061256544502617805,0.5769230769230769,0.10770218579234972,0.7115384615384616,1,1,1,0,1,0,0,0,0
390775,ZA5,KwaZulu-Natal,ZA7,Gauteng,ZA526,Zululand,ZA799,City of Tshwane,2020-10-17,2020-10-18,1,1,1,744697.1416285371,346983.5378096621,71176,20201017,20201018,0.392497537624586,0.5542130860581069,0.053289376317307055,0.4651401640222711,783796.0,0.22283079372412132,0.7204843127840075,0.056684893491871245,0.5057337597223363,3627986.0,-0.2762355212355212,0.09615384615384616,0.48224212034383956,0.9038461538461539,1,1,1,0,1,0,0,0,0
390776,ZA9,Limpopo,ZA8,Mpumalanga,ZA935,Capricorn,ZA831,Nkangala,2020-10-17,2020-10-17,1,1,1,316193.8508034024,130360.35906242568,44861,20201017,20201017,0.3265897738288558,0.6007690312860821,0.07264119488506209,0.472231826966417,1295656.0,0.27290691475673784,0.6711806877078121,0.055912397535449986,0.5109201270525474,1573837.0,0.07397387387387387,0.6346153846153846,0.07867808219178082,0.6730769230769231,1,1,1,0,1,0,0,0,0
390777,ZA7,Gauteng,ZA6,North West,ZA799,City of Tshwane,ZA640,Dr Kenneth Kaunda,2020-10-17,2020-10-21,1,1,1,290052.42739712953,145026.21369856477,378963,20201017,20201021,0.22283079372412132,0.7204843127840075,0.056684893491871245,0.5057337597223363,3627986.0,0.27505895171327793,0.6602340041700301,0.06470704411669191,0.5065976875287468,754431.0,0.48224212034383956,0.9038461538461539,-0.10069384057971015,0.38461538461538464,1,1,1,0,1,0,0,0,0
390778,ZA4,Free State,ZA7,Gauteng,ZA418,Lejweleputswa,ZA748,West Rand,2020-10-17,2020-10-17,1,1,1,473952.402512293,226617.8717001421,17262,20201017,20201017,0.27941650281351393,0.6617931601395349,0.058790337046951115,0.500105365269169,574193.0,0.23154887232085752,0.7207832829912092,0.047667844687933295,0.5288128906961219,856804.0,0.29495049504950493,0.8653846153846154,0.23715802469135805,0.8076923076923077,1,1,1,0,1,0,0,0,0
390779,ZA5,KwaZulu-Natal,ZA5,KwaZulu-Natal,ZA525,Amajuba,ZA595,eThekwini,2020-10-17,2020-10-19,1,1,1,333213.1067149615,260055.9546895325,243062,20201017,20201019,0.3311353387795859,0.6144200377537888,0.05444462346662529,0.48045773982507545,502731.0,0.2446364969883556,0.6990922562931536,0.05627124671849075,0.494610924976595,3587907.0,-0.16864155251141552,0.25,0.5666580406654343,0.9230769230769231,1,1,1,0,1,0,0,0,0
390780,ZA5,KwaZulu-Natal,ZA5,KwaZulu-Natal,ZA521,Ugu,ZA522,Umgungundlovu,2020-10-17,2020-10-17,2,2,2,917813.967452585,373029.3525271583,15106,20201017,20201017,0.32122674606698143,0.6016982741355622,0.07707497979745637,0.47391596021954596,714019.0,0.2748377359932372,0.663873035280183,0.06128922872657978,0.48236181888519014,1046905.0,-0.09480895915678524,0.40384615384615385,0.0061256544502617805,0.5769230769230769,1,1,1,0,1,0,0,0,0
390781,ZA2,Eastern Cape,ZA7,Gauteng,ZA293,Nelson Mandela Bay,ZA748,West Rand,2020-10-17,2020-10-17,1,1,1,3511514.0259025707,899886.4945566194,15774,20201017,20201017,0.2465186661259611,0.6842154879637478,0.0692658459102911,0.4877654529777138,1230491.0,0.23154887232085752,0.7207832829912092,0.047667844687933295,0.5288128906961219,856804.0,0.5740514018691588,0.9423076923076923,0.23715802469135805,0.8076923076923077,1,1,1,0,1,0,0,0,0
390782,ZA1,Western Cape,ZA1,Western Cape,ZA102,Cape Winelands,ZA191,City of Cape Town,2020-10-17,2020-10-30,1,1,1,231869.01436782832,102955.37219090814,1079417,20201017,20201030,0.24989252608235304,0.6902123420738123,0.059895131843834624,0.5011121214086944,909523.0,0.23849582985172932,0.697186217784503,0.06431795236376775,0.4976008771049945,4436413.0,-0.012388831437435367,0.5192307692307693,0.7687640750670242,0.9807692307692307,1,1,1,0,1,0,0,0,0
390783,ZA2,Eastern Cape,ZA2,Eastern Cape,ZA214,Joe Gqabi,ZA210,Cacadu,2020-10-17,2020-10-17,1,1,1,1214831.82019554,298253.769201455,15484,20201017,20201017,0.3340471849013029,0.5799636495391386,0.08598916555955849,0.47733103958194023,339473.0,0.2618455236218228,0.6571170870354837,0.08103738934269357,0.4975242081945451,491156.0,-0.1839776119402985,0.21153846153846154,-0.01848062015503876,0.5,1,1,1,0,1,0,0,0,0
390784,ZA4,Free State,ZA4,Free State,ZA419,Thabo Mofutsanyane,ZA419,Thabo Mofutsanyane,2020-10-17,2020-10-31,1,1,1,1059.4610777528917,528.0758880791366,1171773,20201017,20201031,0.31143326559338835,0.6251823622683981,0.06338437213821363,0.47028720831466336,662829.0,0.31143326559338835,0.6251823622683981,0.06338437213821363,0.47028720831466336,662829.0,0.10770218579234972,0.7115384615384616,0.10770218579234972,0.7115384615384616,1,1,1,0,1,0,0,0,0
390785,ZA7,Gauteng,ZA5,KwaZulu-Natal,ZA798,City of Johannesburg,ZA524,Umzinyathi,2020-10-17,2020-10-17,1,1,1,473577.76455334376,445097.3360933355,27458,20201017,20201017,0.2220629170143196,0.7299897648810346,0.047947318104645836,0.5097433964893054,5540727.0,0.3952311253914291,0.5454951881678106,0.05927368644076033,0.451447242842509,514461.0,0.8818060606060606,1.0,-0.28225945945945946,0.07692307692307693,1,1,1,0,1,0,0,0,0
390786,ZA2,Eastern Cape,ZA4,Free State,ZA214,Joe Gqabi,ZA418,Lejweleputswa,2020-10-17,2020-10-25,1,1,1,668196.5104745654,314624.8636913549,675447,20201017,20201025,0.3340471849013029,0.5799636495391386,0.08598916555955849,0.47733103958194023,339473.0,0.27941650281351393,0.6617931601395349,0.058790337046951115,0.500105365269169,574193.0,-0.1839776119402985,0.21153846153846154,0.29495049504950493,0.8653846153846154,1,1,1,0,1,0,0,0,0
390787,ZA5,KwaZulu-Natal,ZA5,KwaZulu-Natal,ZA524,Umzinyathi,ZA526,Zululand,2020-10-17,2020-10-17,1,1,1,144386.38560990998,67994.27223198336,2916,20201017,20201017,0.3952311253914291,0.5454951881678106,0.05927368644076033,0.451447242842509,514461.0,0.392497537624586,0.5542130860581069,0.053289376317307055,0.4651401640222711,783796.0,-0.28225945945945946,0.07692307692307693,-0.2762355212355212,0.09615384615384616,1,1,1,0,1,0,0,0,0
390788,ZA8,Mpumalanga,ZA6,North West,ZA830,Gert Sibande,ZA640,Dr Kenneth Kaunda,2020-10-17,2020-10-17,1,1,1,441336.566602419,225173.40049130737,18537,20201017,20201017,0.30688245639051287,0.6412288994160756,0.05188864419341153,0.49968312815881616,1136106.0,0.27505895171327793,0.6602340041700301,0.06470704411669191,0.5065976875287468,754431.0,-0.11248741610738255,0.36538461538461536,-0.10069384057971015,0.38461538461538464,1,1,1,0,1,0,0,0,0
390789,ZA6,North West,ZA7,Gauteng,ZA640,Dr Kenneth Kaunda,ZA748,West Rand,2020-10-17,2020-10-18,5,5,5,851470.3718884592,370443.8634497264,174096,20201017,20201018,0.27505895171327793,0.6602340041700301,0.06470704411669191,0.5065976875287468,754431.0,0.23154887232085752,0.7207832829912092,0.047667844687933295,0.5288128906961219,856804.0,-0.10069384057971015,0.38461538461538464,0.23715802469135805,0.8076923076923077,1,1,1,0,1,0,0,0,0
390790,ZA7,Gauteng,ZA1,Western Cape,ZA799,City of Tshwane,ZA104,Eden,2020-10-17,2020-10-17,1,1,1,2232457.0671214275,1105598.7891326055,45832,20201017,20201017,0.22283079372412132,0.7204843127840075,0.056684893491871245,0.5057337597223363,3627986.0,0.24710205256745305,0.6628052101466374,0.09009273728590954,0.4993180863678119,673839.0,0.48224212034383956,0.9038461538461539,0.0004522691705790296,0.5384615384615384,1,1,1,0,1,0,0,0,0
390791,ZA2,Eastern Cape,ZA2,Eastern Cape,ZA210,Cacadu,ZA210,Cacadu,2020-10-17,2020-10-21,1,1,1,497547.1437809418,248770.56025844385,344822,20201017,20201021,0.2618455236218228,0.6571170870354837,0.08103738934269357,0.4975242081945451,491156.0,0.2618455236218228,0.6571170870354837,0.08103738934269357,0.4975242081945451,491156.0,-0.01848062015503876,0.5,-0.01848062015503876,0.5,1,1,1,0,1,0,0,0,0
390792,ZA3,Nothern Cape,ZA7,Gauteng,ZA345,John Taolo Gaetsewe,ZA742,Sedibeng,2020-10-17,2020-10-17,1,1,1,559463.819454808,444987.2029651077,21280,20201017,20201017,0.31986957060536586,0.628082594956317,0.05204783443831712,0.4959027820806741,258224.0,0.24393339879416723,0.6953819961266214,0.06068460507921129,0.5059130831550246,994997.0,-0.13480926430517712,0.3076923076923077,0.2808379746835443,0.8461538461538461,1,1,1,0,1,0,0,0,0
390793,ZA9,Limpopo,ZA7,Gauteng,ZA936,Waterberg,ZA797,Ekurhuleni,2020-10-17,2020-10-29,1,1,1,205783.46541336065,180645.1429771492,1040193,20201017,20201029,0.2870915348782833,0.6477210572390478,0.06518740788266879,0.5138960603357211,718513.0,0.23296733680905687,0.7203157619169479,0.04671690127399521,0.5205474946472306,3739653.0,0.00236898395721925,0.5576923076923077,0.7435109289617486,0.9615384615384616,1,1,1,0,1,0,0,0,0
390794,ZA3,Nothern Cape,ZA7,Gauteng,ZA309,Frances Baard,ZA797,Ekurhuleni,2020-10-17,2020-10-18,2,2,2,5549539.426139378,990861.809280319,102239,20201017,20201018,0.2860169290028057,0.6497360787483951,0.06424699224879928,0.49189928194398214,420580.0,0.23296733680905687,0.7203157619169479,0.04671690127399521,0.5205474946472306,3739653.0,0.29907801418439717,0.8846153846153846,0.7435109289617486,0.9615384615384616,1,1,1,0,1,0,0,0,0
390795,ZA1,Western Cape,ZA3,Nothern Cape,ZA101,West Coast,ZA309,Frances Baard,2020-10-17,2020-10-20,1,1,1,1343820.6001480229,682143.1439887325,239480,20201017,20201020,0.24466466325617858,0.6852166396976793,0.0701186970461421,0.5060695297345649,497485.0,0.2860169290028057,0.6497360787483951,0.06424699224879928,0.49189928194398214,420580.0,-0.12079976303317536,0.34615384615384615,0.29907801418439717,0.8846153846153846,1,1,1,0,1,0,0,0,0
390796,ZA1,Western Cape,ZA1,Western Cape,ZA102,Cape Winelands,ZA101,West Coast,2020-10-17,2020-10-30,1,1,1,170687.40563489724,170529.06677133395,1102687,20201017,20201030,0.24989252608235304,0.6902123420738123,0.059895131843834624,0.5011121214086944,909523.0,0.24466466325617858,0.6852166396976793,0.0701186970461421,0.5060695297345649,497485.0,-0.012388831437435367,0.5192307692307693,-0.12079976303317536,0.34615384615384615,1,1,1,0,1,0,0,0,0
390797,ZA5,KwaZulu-Natal,ZA5,KwaZulu-Natal,ZA525,Amajuba,ZA595,eThekwini,2020-10-17,2020-10-17,2,2,2,1802859.0906969467,562713.9288510956,43031,20201017,20201017,0.3311353387795859,0.6144200377537888,0.05444462346662529,0.48045773982507545,502731.0,0.2446364969883556,0.6990922562931536,0.05627124671849075,0.494610924976595,3587907.0,-0.16864155251141552,0.25,0.5666580406654343,0.9230769230769231,1,1,1,0,1,0,0,0,0
390798,ZA5,KwaZulu-Natal,ZA5,KwaZulu-Natal,ZA523,Uthukela,ZA529,iLembe,2020-10-17,2020-10-17,1,1,1,1086719.35044923,295434.4864621207,15221,20201017,20201017,0.36014331224838336,0.5864396074090654,0.05341708034255123,0.46782833191779016,652282.0,0.32390440311621094,0.6202867780885334,0.05580881879525565,0.4827645772056803,636799.0,-0.19841226215644822,0.19230769230769232,-0.14951617873651774,0.28846153846153844,1,1,1,0,1,0,0,0,0
390799,ZA7,Gauteng,ZA4,Free State,ZA797,Ekurhuleni,ZA419,Thabo Mofutsanyane,2020-10-17,2020-10-24,1,1,1,563778.9416582545,158720.3425585811,619460,20201017,20201024,0.23296733680905687,0.7203157619169479,0.04671690127399521,0.5205474946472306,3739653.0,0.31143326559338835,0.6251823622683981,0.06338437213821363,0.47028720831466336,662829.0,0.7435109289617486,0.9615384615384616,0.10770218579234972,0.7115384615384616,1,1,1,0,1,0,0,0,0
390800,ZA5,KwaZulu-Natal,ZA5,KwaZulu-Natal,ZA521,Ugu,ZA543,Sisonke,2020-10-17,2020-10-18,1,1,1,89499.75924367327,44761.46723611998,22592,20201017,20201018,0.32122674606698143,0.6016982741355622,0.07707497979745637,0.47391596021954596,714019.0,0.37293146983899067,0.5707096800166399,0.05635885014436937,0.4671305273563743,447117.0,-0.09480895915678524,0.40384615384615385,-0.2112274881516588,0.17307692307692307,1,1,1,0,1,0,0,0,0
390801,ZA5,KwaZulu-Natal,ZA5,KwaZulu-Natal,ZA595,eThekwini,ZA523,Uthukela,2020-10-17,2020-10-22,1,1,1,390091.8470430336,128883.80624453952,450806,20201017,20201022,0.2446364969883556,0.6990922562931536,0.05627124671849075,0.494610924976595,3587907.0,0.36014331224838336,0.5864396074090654,0.05341708034255123,0.46782833191779016,652282.0,0.5666580406654343,0.9230769230769231,-0.19841226215644822,0.19230769230769232,1,1,1,0,1,0,0,0,0
390802,ZA2,Eastern Cape,ZA1,Western Cape,ZA293,Nelson Mandela Bay,ZA191,City of Cape Town,2020-10-17,2020-10-18,1,1,1,1254267.3099474804,669421.2555995444,53264,20201017,20201018,0.2465186661259611,0.6842154879637478,0.0692658459102911,0.4877654529777138,1230491.0,0.23849582985172932,0.697186217784503,0.06431795236376775,0.4976008771049945,4436413.0,0.5740514018691588,0.9423076923076923,0.7687640750670242,0.9807692307692307,1,1,1,0,1,0,0,0,0
390803,ZA7,Gauteng,ZA4,Free State,ZA797,Ekurhuleni,ZA494,Mangaung,2020-10-17,2020-10-18,1,1,1,3964224.82079216,409602.260728428,31405,20201017,20201018,0.23296733680905687,0.7203157619169479,0.04671690127399521,0.5205474946472306,3739653.0,0.26262942751272955,0.6754982029249197,0.06187236956235082,0.4901411892511804,826621.0,0.7435109289617486,0.9615384615384616,0.27329104477611943,0.8269230769230769,1,1,1,0,1,0,0,0,0
390804,ZA6,North West,ZA4,Free State,ZA639,Dr Ruth Segomotsi Mompati,ZA494,Mangaung,2020-10-17,2020-10-17,1,1,1,368869.4590013457,196890.1301499774,21590,20201017,20201017,0.3412335579082451,0.5850872971649528,0.07367914492680208,0.4911837461796937,473784.0,0.26262942751272955,0.6754982029249197,0.06187236956235082,0.4901411892511804,826621.0,-0.16626678765880218,0.2692307692307692,0.27329104477611943,0.8269230769230769,1,1,1,0,1,0,0,0,0
390805,ZA5,KwaZulu-Natal,ZA2,Eastern Cape,ZA595,eThekwini,ZA293,Nelson Mandela Bay,2020-10-17,2020-10-17,1,1,1,712305.2306726811,711674.7733003874,6367,20201017,20201017,0.2446364969883556,0.6990922562931536,0.05627124671849075,0.494610924976595,3587907.0,0.2465186661259611,0.6842154879637478,0.0692658459102911,0.4877654529777138,1230491.0,0.5666580406654343,0.9230769230769231,0.5740514018691588,0.9423076923076923,1,1,1,0,1,0,0,0,0
390806,ZA6,North West,ZA6,North West,ZA638,Ngaka Modiri Molema,ZA640,Dr Kenneth Kaunda,2020-10-17,2020-10-21,1,1,1,189778.1245750279,93301.44755391954,357265,20201017,20201021,0.3236353449196357,0.6078801705223251,0.06848448455803925,0.4964769205863341,870971.0,0.27505895171327793,0.6602340041700301,0.06470704411669191,0.5065976875287468,754431.0,-0.18344824707846413,0.23076923076923078,-0.10069384057971015,0.38461538461538464,1,1,1,0,1,0,0,0,0
390807,ZA7,Gauteng,ZA3,Nothern Cape,ZA799,City of Tshwane,ZA309,Frances Baard,2020-10-17,2020-10-17,1,1,1,1019060.8097571228,493500.26183354575,19473,20201017,20201017,0.22283079372412132,0.7204843127840075,0.056684893491871245,0.5057337597223363,3627986.0,0.2860169290028057,0.6497360787483951,0.06424699224879928,0.49189928194398214,420580.0,0.48224212034383956,0.9038461538461539,0.29907801418439717,0.8846153846153846,1,1,1,0,1,0,0,0,0
390808,ZA4,Free State,ZA9,Limpopo,ZA420,Fezile Dabi,ZA933,Mopani,2020-10-17,2020-10-17,1,1,1,1064916.605617866,573666.6243998713,27884,20201017,20201017,0.2705098118551487,0.6604572122193,0.06903297592555128,0.5050070807202104,494300.0,0.3329418650827259,0.6026296126910996,0.06442852222617454,0.46142626187343905,1062666.0,0.2276555023923445,0.7884615384615384,-0.037928345626975765,0.4807692307692308,1,1,1,0,1,0,0,0,0
390809,ZA8,Mpumalanga,ZA7,Gauteng,ZA832,Ehlanzeni,ZA797,Ekurhuleni,2020-10-17,2020-10-19,1,1,1,826198.2899626137,406811.8312692771,170008,20201017,20201019,0.32438893780700045,0.6235217992770762,0.05208926291592337,0.47979089412028486,1837538.0,0.23296733680905687,0.7203157619169479,0.04671690127399521,0.5205474946472306,3739653.0,0.1315940928270042,0.7307692307692307,0.7435109289617486,0.9615384615384616,1,1,1,0,1,0,0,0,0
390810,ZA6,North West,ZA3,Nothern Cape,ZA639,Dr Ruth Segomotsi Mompati,ZA306,Namakwa,2020-10-17,2020-10-17,1,1,1,2543862.230405992,632112.3203497262,27485,20201017,20201017,0.3412335579082451,0.5850872971649528,0.07367914492680208,0.4911837461796937,473784.0,0.2479438366342976,0.6592106724059887,0.09284549095971371,0.5132337492633683,117087.0,-0.16626678765880218,0.2692307692307692,0.06505633802816901,0.6153846153846154,1,1,1,0,1,0,0,0,0
390811,ZA7,Gauteng,ZA3,Nothern Cape,ZA798,City of Johannesburg,ZA308,Z F Mgcawu,2020-10-17,2020-10-17,1,1,1,1026830.4044479484,881371.4230241226,39880,20201017,20201017,0.2220629170143196,0.7299897648810346,0.047947318104645836,0.5097433964893054,5540727.0,0.27601757542529287,0.6641943181028425,0.059788106471864645,0.5142626583989065,258998.0,0.8818060606060606,1.0,-0.04016603773584906,0.46153846153846156,1,1,1,0,1,0,0,0,0
390812,ZA4,Free State,ZA8,Mpumalanga,ZA416,Xhariep,ZA830,Gert Sibande,2020-10-17,2020-10-22,1,1,1,1740172.3595304536,631179.523195904,442024,20201017,20201022,0.29515218562959183,0.6325513667867511,0.07229644758365718,0.5005153225730198,105759.0,0.30688245639051287,0.6412288994160756,0.05188864419341153,0.49968312815881616,1136106.0,0.18671264367816093,0.7692307692307693,-0.11248741610738255,0.36538461538461536,1,1,1,0,1,0,0,0,0
390813,ZA5,KwaZulu-Natal,ZA5,KwaZulu-Natal,ZA523,Uthukela,ZA521,Ugu,2020-10-17,2020-10-17,1,1,1,895150.6150767306,203624.55253332728,17452,20201017,20201017,0.36014331224838336,0.5864396074090654,0.05341708034255123,0.46782833191779016,652282.0,0.32122674606698143,0.6016982741355622,0.07707497979745637,0.47391596021954596,714019.0,-0.19841226215644822,0.19230769230769232,-0.09480895915678524,0.40384615384615385,1,1,1,0,1,0,0,0,0
390814,ZA5,KwaZulu-Natal,ZA7,Gauteng,ZA523,Uthukela,ZA798,City of Johannesburg,2020-10-17,2020-10-25,1,1,1,351646.657622653,309725.175440826,671458,20201017,20201025,0.36014331224838336,0.5864396074090654,0.05341708034255123,0.46782833191779016,652282.0,0.2220629170143196,0.7299897648810346,0.047947318104645836,0.5097433964893054,5540727.0,-0.19841226215644822,0.19230769230769232,0.8818060606060606,1.0,1,1,1,0,1,0,0,0,0
390815,ZA3,Nothern Cape,ZA3,Nothern Cape,ZA309,Frances Baard,ZA309,Frances Baard,2020-10-17,2020-10-19,1,1,1,16121.774672182806,1312.4390853017342,118360,20201017,20201019,0.2860169290028057,0.6497360787483951,0.06424699224879928,0.49189928194398214,420580.0,0.2860169290028057,0.6497360787483951,0.06424699224879928,0.49189928194398214,420580.0,0.29907801418439717,0.8846153846153846,0.29907801418439717,0.8846153846153846,1,1,1,0,1,0,0,0,0
390816,ZA7,Gauteng,ZA1,Western Cape,ZA798,City of Johannesburg,ZA104,Eden,2020-10-17,2020-10-30,1,1,1,1576766.7088902718,1041319.9977381608,1105408,20201017,20201030,0.2220629170143196,0.7299897648810346,0.047947318104645836,0.5097433964893054,5540727.0,0.24710205256745305,0.6628052101466374,0.09009273728590954,0.4993180863678119,673839.0,0.8818060606060606,1.0,0.0004522691705790296,0.5384615384615384,1,1,1,0,1,0,0,0,0
390817,ZA6,North West,ZA8,Mpumalanga,ZA638,Ngaka Modiri Molema,ZA831,Nkangala,2020-10-17,2020-10-17,1,1,1,1021237.7274076776,398761.6884251814,20917,20201017,20201017,0.3236353449196357,0.6078801705223251,0.06848448455803925,0.4964769205863341,870971.0,0.27290691475673784,0.6711806877078121,0.055912397535449986,0.5109201270525474,1573837.0,-0.18344824707846413,0.23076923076923078,0.07867808219178082,0.6730769230769231,1,1,1,0,1,0,0,0,0
390818,ZA9,Limpopo,ZA6,North West,ZA935,Capricorn,ZA637,Bojanala,2020-10-17,2020-10-17,1,1,1,685186.8009425044,299229.3244373319,1059,20201017,20201017,0.3265897738288558,0.6007690312860821,0.07264119488506209,0.472231826966417,1295656.0,0.25082919250139085,0.6903465537718604,0.05882425372674875,0.5380589003726469,1786678.0,0.07397387387387387,0.6346153846153846,0.07430676328502415,0.6538461538461539,1,1,1,0,1,0,0,0,0
390819,ZA9,Limpopo,ZA9,Limpopo,ZA933,Mopani,ZA935,Capricorn,2020-10-17,2020-10-20,1,1,1,572562.8206288317,340535.9989571747,258511,20201017,20201020,0.3329418650827259,0.6026296126910996,0.06442852222617454,0.46142626187343905,1062666.0,0.3265897738288558,0.6007690312860821,0.07264119488506209,0.472231826966417,1295656.0,-0.037928345626975765,0.4807692307692308,0.07397387387387387,0.6346153846153846,1,1,1,0,1,0,0,0,0
390820,ZA5,KwaZulu-Natal,ZA7,Gauteng,ZA595,eThekwini,ZA798,City of Johannesburg,2020-10-17,2020-10-18,1,1,1,1023076.2791615968,498664.9918869168,79980,20201017,20201018,0.2446364969883556,0.6990922562931536,0.05627124671849075,0.494610924976595,3587907.0,0.2220629170143196,0.7299897648810346,0.047947318104645836,0.5097433964893054,5540727.0,0.5666580406654343,0.9230769230769231,0.8818060606060606,1.0,1,1,1,0,1,0,0,0,0
390821,ZA1,Western Cape,ZA5,KwaZulu-Natal,ZA191,City of Cape Town,ZA521,Ugu,2020-10-17,2020-10-17,1,1,1,2748638.640526344,1431082.7170730594,14956,20201017,20201017,0.23849582985172932,0.697186217784503,0.06431795236376775,0.4976008771049945,4436413.0,0.32122674606698143,0.6016982741355622,0.07707497979745637,0.47391596021954596,714019.0,0.7687640750670242,0.9807692307692307,-0.09480895915678524,0.40384615384615385,1,1,1,0,1,0,0,0,0
390822,ZA2,Eastern Cape,ZA2,Eastern Cape,ZA292,Buffalo City,ZA292,Buffalo City,2020-10-17,2020-10-19,1,1,1,3829.913380516184,682.1419949136064,177453,20201017,20201019,0.254980022080858,0.6758306608485358,0.06918931707060617,0.48177934914042375,760840.0,0.254980022080858,0.6758306608485358,0.06918931707060617,0.48177934914042375,760840.0,0.09585175879396986,0.6923076923076923,0.09585175879396986,0.6923076923076923,1,1,1,0,1,0,0,0,0
390823,ZA2,Eastern Cape,ZA3,Nothern Cape,ZA210,Cacadu,ZA307,Pixley ka Seme,2020-10-17,2020-10-17,1,1,1,1165982.861566777,418083.5187608714,27716,20201017,20201017,0.2618455236218228,0.6571170870354837,0.08103738934269357,0.4975242081945451,491156.0,0.3060749448635213,0.6232332132979509,0.0706918418385278,0.5011842246002923,196331.0,-0.01848062015503876,0.5,0.1854655172413793,0.75,1,1,1,0,1,0,0,0,0
390824,ZA4,Free State,ZA3,Nothern Cape,ZA494,Mangaung,ZA345,John Taolo Gaetsewe,2020-10-17,2020-10-19,1,1,1,325138.4521933978,325138.4521933978,112943,20201017,20201019,0.26262942751272955,0.6754982029249197,0.06187236956235082,0.4901411892511804,826621.0,0.31986957060536586,0.628082594956317,0.05204783443831712,0.4959027820806741,258224.0,0.27329104477611943,0.8269230769230769,-0.13480926430517712,0.3076923076923077,1,1,1,0,1,0,0,0,0
390825,ZA2,Eastern Cape,ZA2,Eastern Cape,ZA215,O.R.Tambo,ZA214,Joe Gqabi,2020-10-17,2020-10-18,1,1,1,118846.41274736542,46886.19956436262,54273,20201017,20201018,0.38804558548824664,0.5482866433400703,0.06366777117168307,0.4623163104135049,1358678.0,0.3340471849013029,0.5799636495391386,0.08598916555955849,0.47733103958194023,339473.0,-0.23807536101083035,0.1346153846153846,-0.1839776119402985,0.21153846153846154,1,1,1,0,1,0,0,0,0
390826,ZA7,Gauteng,ZA7,Gauteng,ZA797,Ekurhuleni,ZA797,Ekurhuleni,2020-10-17,2020-10-19,2,2,2,511367.1160809344,4843.756339707923,344850,20201017,20201019,0.23296733680905687,0.7203157619169479,0.04671690127399521,0.5205474946472306,3739653.0,0.23296733680905687,0.7203157619169479,0.04671690127399521,0.5205474946472306,3739653.0,0.7435109289617486,0.9615384615384616,0.7435109289617486,0.9615384615384616,1,1,1,0,1,0,0,0,0
390827,ZA4,Free State,ZA3,Nothern Cape,ZA416,Xhariep,ZA307,Pixley ka Seme,2020-10-17,2020-10-18,1,1,1,56315.102796284365,28156.686383617714,58504,20201017,20201018,0.29515218562959183,0.6325513667867511,0.07229644758365718,0.5005153225730198,105759.0,0.3060749448635213,0.6232332132979509,0.0706918418385278,0.5011842246002923,196331.0,0.18671264367816093,0.7692307692307693,0.1854655172413793,0.75,1,1,1,0,1,0,0,0,0
390828,ZA2,Eastern Cape,ZA4,Free State,ZA210,Cacadu,ZA494,Mangaung,2020-10-17,2020-10-17,1,1,1,2642887.3421092927,487851.23211427865,26482,20201017,20201017,0.2618455236218228,0.6571170870354837,0.08103738934269357,0.4975242081945451,491156.0,0.26262942751272955,0.6754982029249197,0.06187236956235082,0.4901411892511804,826621.0,-0.01848062015503876,0.5,0.27329104477611943,0.8269230769230769,1,1,1,0,1,0,0,0,0
390829,ZA6,North West,ZA8,Mpumalanga,ZA637,Bojanala,ZA830,Gert Sibande,2020-10-17,2020-10-22,1,1,1,439267.0192651766,200418.3238933521,410713,20201017,20201022,0.25082919250139085,0.6903465537718604,0.05882425372674875,0.5380589003726469,1786678.0,0.30688245639051287,0.6412288994160756,0.05188864419341153,0.49968312815881616,1136106.0,0.07430676328502415,0.6538461538461539,-0.11248741610738255,0.36538461538461536,1,1,1,0,1,0,0,0,0
390830,ZA6,North West,ZA4,Free State,ZA638,Ngaka Modiri Molema,ZA418,Lejweleputswa,2020-10-17,2020-10-17,1,1,1,524995.3569061807,268554.9301703889,21950,20201017,20201017,0.3236353449196357,0.6078801705223251,0.06848448455803925,0.4964769205863341,870971.0,0.27941650281351393,0.6617931601395349,0.058790337046951115,0.500105365269169,574193.0,-0.18344824707846413,0.23076923076923078,0.29495049504950493,0.8653846153846154,1,1,1,0,1,0,0,0,0
390831,ZA5,KwaZulu-Natal,ZA7,Gauteng,ZA523,Uthukela,ZA797,Ekurhuleni,2020-10-17,2020-10-22,1,1,1,818132.5251600577,304219.70316872786,484672,20201017,20201022,0.36014331224838336,0.5864396074090654,0.05341708034255123,0.46782833191779016,652282.0,0.23296733680905687,0.7203157619169479,0.04671690127399521,0.5205474946472306,3739653.0,-0.19841226215644822,0.19230769230769232,0.7435109289617486,0.9615384615384616,1,1,1,0,1,0,0,0,0
390832,ZA7,Gauteng,ZA4,Free State,ZA797,Ekurhuleni,ZA420,Fezile Dabi,2020-10-17,2020-10-18,1,1,1,136950.66066177614,67374.10883785598,41874,20201017,20201018,0.23296733680905687,0.7203157619169479,0.04671690127399521,0.5205474946472306,3739653.0,0.2705098118551487,0.6604572122193,0.06903297592555128,0.5050070807202104,494300.0,0.7435109289617486,0.9615384615384616,0.2276555023923445,0.7884615384615384,1,1,1,0,1,0,0,0,0
390833,ZA8,Mpumalanga,ZA1,Western Cape,ZA831,Nkangala,ZA191,City of Cape Town,2020-10-17,2020-10-17,1,1,1,2951632.0576218725,1516118.2822965132,34185,20201017,20201017,0.27290691475673784,0.6711806877078121,0.055912397535449986,0.5109201270525474,1573837.0,0.23849582985172932,0.697186217784503,0.06431795236376775,0.4976008771049945,4436413.0,0.07867808219178082,0.6730769230769231,0.7687640750670242,0.9807692307692307,1,1,1,0,1,0,0,0,0
390834,ZA6,North West,ZA6,North West,ZA640,Dr Kenneth Kaunda,ZA639,Dr Ruth Segomotsi Mompati,2020-10-17,2020-10-18,1,1,1,155017.0292899042,73618.83879728547,19625,20201017,20201018,0.27505895171327793,0.6602340041700301,0.06470704411669191,0.5065976875287468,754431.0,0.3412335579082451,0.5850872971649528,0.07367914492680208,0.4911837461796937,473784.0,-0.10069384057971015,0.38461538461538464,-0.16626678765880218,0.2692307692307692,1,1,1,0,1,0,0,0,0
390835,ZA2,Eastern Cape,ZA2,Eastern Cape,ZA214,Joe Gqabi,ZA215,O.R.Tambo,2020-10-17,2020-10-18,1,1,1,137466.316413354,68732.96837476784,52698,20201017,20201018,0.3340471849013029,0.5799636495391386,0.08598916555955849,0.47733103958194023,339473.0,0.38804558548824664,0.5482866433400703,0.06366777117168307,0.4623163104135049,1358678.0,-0.1839776119402985,0.21153846153846154,-0.23807536101083035,0.1346153846153846,1,1,1,0,1,0,0,0,0
390836,ZA5,KwaZulu-Natal,ZA8,Mpumalanga,ZA526,Zululand,ZA832,Ehlanzeni,2020-10-17,2020-10-17,1,1,1,645357.2676553419,275059.288104741,20415,20201017,20201017,0.392497537624586,0.5542130860581069,0.053289376317307055,0.4651401640222711,783796.0,0.32438893780700045,0.6235217992770762,0.05208926291592337,0.47979089412028486,1837538.0,-0.2762355212355212,0.09615384615384616,0.1315940928270042,0.7307692307692307,1,1,1,0,1,0,0,0,0
390837,ZA3,Nothern Cape,ZA3,Nothern Cape,ZA308,Z F Mgcawu,ZA308,Z F Mgcawu,2020-10-17,2020-10-21,1,1,1,94597.1810410571,71139.23179474691,316568,20201017,20201021,0.27601757542529287,0.6641943181028425,0.059788106471864645,0.5142626583989065,258998.0,0.27601757542529287,0.6641943181028425,0.059788106471864645,0.5142626583989065,258998.0,-0.04016603773584906,0.46153846153846156,-0.04016603773584906,0.46153846153846156,1,1,1,0,1,0,0,0,0
390838,ZA7,Gauteng,ZA8,Mpumalanga,ZA742,Sedibeng,ZA830,Gert Sibande,2020-10-17,2020-10-18,2,2,2,241036.7131750817,120697.5251344076,30181,20201017,20201018,0.24393339879416723,0.6953819961266214,0.06068460507921129,0.5059130831550246,994997.0,0.30688245639051287,0.6412288994160756,0.05188864419341153,0.49968312815881616,1136106.0,0.2808379746835443,0.8461538461538461,-0.11248741610738255,0.36538461538461536,1,1,1,0,1,0,0,0,0
390839,ZA2,Eastern Cape,ZA2,Eastern Cape,ZA212,Amathole,ZA210,Cacadu,2020-10-17,2020-10-31,1,1,1,235173.75282819485,104893.093999104,1141877,20201017,20201031,0.32816698449842097,0.5696178168124134,0.1022151986891656,0.47434426623917664,789726.0,0.2618455236218228,0.6571170870354837,0.08103738934269357,0.4975242081945451,491156.0,-0.3192883211678832,0.019230769230769232,-0.01848062015503876,0.5,1,1,1,0,1,0,0,0,0
390840,ZA6,North West,ZA4,Free State,ZA638,Ngaka Modiri Molema,ZA494,Mangaung,2020-10-17,2020-10-17,1,1,1,829750.2461732131,392862.8069634735,19608,20201017,20201017,0.3236353449196357,0.6078801705223251,0.06848448455803925,0.4964769205863341,870971.0,0.26262942751272955,0.6754982029249197,0.06187236956235082,0.4901411892511804,826621.0,-0.18344824707846413,0.23076923076923078,0.27329104477611943,0.8269230769230769,1,1,1,0,1,0,0,0,0
390841,ZA7,Gauteng,ZA5,KwaZulu-Natal,ZA799,City of Tshwane,ZA523,Uthukela,2020-10-17,2020-10-18,1,1,1,838302.8455896631,394106.37471160095,27420,20201017,20201018,0.22283079372412132,0.7204843127840075,0.056684893491871245,0.5057337597223363,3627986.0,0.36014331224838336,0.5864396074090654,0.05341708034255123,0.46782833191779016,652282.0,0.48224212034383956,0.9038461538461539,-0.19841226215644822,0.19230769230769232,1,1,1,0,1,0,0,0,0
390842,ZA5,KwaZulu-Natal,ZA5,KwaZulu-Natal,ZA524,Umzinyathi,ZA529,iLembe,2020-10-17,2020-10-22,1,1,1,380030.14866221487,148361.59089523088,370146,20201017,20201022,0.3952311253914291,0.5454951881678106,0.05927368644076033,0.451447242842509,514461.0,0.32390440311621094,0.6202867780885334,0.05580881879525565,0.4827645772056803,636799.0,-0.28225945945945946,0.07692307692307693,-0.14951617873651774,0.28846153846153844,1,1,1,0,1,0,0,0,0
390843,ZA1,Western Cape,ZA7,Gauteng,ZA191,City of Cape Town,ZA798,City of Johannesburg,2020-10-17,2020-10-18,1,1,1,2618957.245573465,1283389.976582849,75793,20201017,20201018,0.23849582985172932,0.697186217784503,0.06431795236376775,0.4976008771049945,4436413.0,0.2220629170143196,0.7299897648810346,0.047947318104645836,0.5097433964893054,5540727.0,0.7687640750670242,0.9807692307692307,0.8818060606060606,1.0,1,1,1,0,1,0,0,0,0
390844,ZA6,North West,ZA7,Gauteng,ZA640,Dr Kenneth Kaunda,ZA799,City of Tshwane,2020-10-17,2020-10-24,1,1,1,349005.9446868577,159611.9262030511,584779,20201017,20201024,0.27505895171327793,0.6602340041700301,0.06470704411669191,0.5065976875287468,754431.0,0.22283079372412132,0.7204843127840075,0.056684893491871245,0.5057337597223363,3627986.0,-0.10069384057971015,0.38461538461538464,0.48224212034383956,0.9038461538461539,1,1,1,0,1,0,0,0,0
390845,ZA5,KwaZulu-Natal,ZA2,Eastern Cape,ZA521,Ugu,ZA210,Cacadu,2020-10-17,2020-10-17,1,1,1,863487.9809987248,678401.008001539,36937,20201017,20201017,0.32122674606698143,0.6016982741355622,0.07707497979745637,0.47391596021954596,714019.0,0.2618455236218228,0.6571170870354837,0.08103738934269357,0.4975242081945451,491156.0,-0.09480895915678524,0.40384615384615385,-0.01848062015503876,0.5,1,1,1,0,1,0,0,0,0
390846,ZA4,Free State,ZA2,Eastern Cape,ZA416,Xhariep,ZA292,Buffalo City,2020-10-17,2020-10-17,1,1,1,340274.95416318,313386.5997684415,6678,20201017,20201017,0.29515218562959183,0.6325513667867511,0.07229644758365718,0.5005153225730198,105759.0,0.254980022080858,0.6758306608485358,0.06918931707060617,0.48177934914042375,760840.0,0.18671264367816093,0.7692307692307693,0.09585175879396986,0.6923076923076923,1,1,1,0,1,0,0,0,0
390847,ZA5,KwaZulu-Natal,ZA7,Gauteng,ZA525,Amajuba,ZA799,City of Tshwane,2020-10-17,2020-10-17,1,1,1,561519.3917807183,299786.80125191953,23260,20201017,20201017,0.3311353387795859,0.6144200377537888,0.05444462346662529,0.48045773982507545,502731.0,0.22283079372412132,0.7204843127840075,0.056684893491871245,0.5057337597223363,3627986.0,-0.16864155251141552,0.25,0.48224212034383956,0.9038461538461539,1,1,1,0,1,0,0,0,0
390848,ZA7,Gauteng,ZA3,Nothern Cape,ZA798,City of Johannesburg,ZA309,Frances Baard,2020-10-17,2020-10-18,1,1,1,2458274.342775749,472586.9152247228,32533,20201017,20201018,0.2220629170143196,0.7299897648810346,0.047947318104645836,0.5097433964893054,5540727.0,0.2860169290028057,0.6497360787483951,0.06424699224879928,0.49189928194398214,420580.0,0.8818060606060606,1.0,0.29907801418439717,0.8846153846153846,1,1,1,0,1,0,0,0,0
390849,ZA7,Gauteng,ZA8,Mpumalanga,ZA748,West Rand,ZA830,Gert Sibande,2020-10-17,2020-10-21,1,1,1,308347.5710258468,147158.9945442686,307440,20201017,20201021,0.23154887232085752,0.7207832829912092,0.047667844687933295,0.5288128906961219,856804.0,0.30688245639051287,0.6412288994160756,0.05188864419341153,0.49968312815881616,1136106.0,0.23715802469135805,0.8076923076923077,-0.11248741610738255,0.36538461538461536,1,1,1,0,1,0,0,0,0
390850,ZA7,Gauteng,ZA8,Mpumalanga,ZA799,City of Tshwane,ZA830,Gert Sibande,2020-10-17,2020-10-31,1,1,1,166263.37987102437,166263.37987102437,1143775,20201017,20201031,0.22283079372412132,0.7204843127840075,0.056684893491871245,0.5057337597223363,3627986.0,0.30688245639051287,0.6412288994160756,0.05188864419341153,0.49968312815881616,1136106.0,0.48224212034383956,0.9038461538461539,-0.11248741610738255,0.36538461538461536,1,1,1,0,1,0,0,0,0
390851,ZA2,Eastern Cape,ZA1,Western Cape,ZA210,Cacadu,ZA191,City of Cape Town,2020-10-17,2020-10-17,1,1,1,1298584.4259141833,680912.4925641185,29288,20201017,20201017,0.2618455236218228,0.6571170870354837,0.08103738934269357,0.4975242081945451,491156.0,0.23849582985172932,0.697186217784503,0.06431795236376775,0.4976008771049945,4436413.0,-0.01848062015503876,0.5,0.7687640750670242,0.9807692307692307,1,1,1,0,1,0,0,0,0
390852,ZA5,KwaZulu-Natal,ZA5,KwaZulu-Natal,ZA523,Uthukela,ZA522,Umgungundlovu,2020-10-17,2020-10-18,1,1,1,2037890.2361435443,127939.94812711986,114358,20201017,20201018,0.36014331224838336,0.5864396074090654,0.05341708034255123,0.46782833191779016,652282.0,0.2748377359932372,0.663873035280183,0.06128922872657978,0.48236181888519014,1046905.0,-0.19841226215644822,0.19230769230769232,0.0061256544502617805,0.5769230769230769,1,1,1,0,1,0,0,0,0
390853,ZA7,Gauteng,ZA9,Limpopo,ZA799,City of Tshwane,ZA947,Sekhukhune,2020-10-17,2020-10-19,1,1,1,297281.5046669027,113149.636153731,187105,20201017,20201019,0.22283079372412132,0.7204843127840075,0.056684893491871245,0.5057337597223363,3627986.0,0.3536917516859454,0.5707075150199985,0.07560073329405607,0.46486328935523974,1125333.0,0.48224212034383956,0.9038461538461539,-0.06015677966101695,0.4423076923076923,1,1,1,0,1,0,0,0,0
390854,ZA4,Free State,ZA5,KwaZulu-Natal,ZA420,Fezile Dabi,ZA523,Uthukela,2020-10-17,2020-10-17,1,1,1,1119033.537353885,244183.8353089633,16503,20201017,20201017,0.2705098118551487,0.6604572122193,0.06903297592555128,0.5050070807202104,494300.0,0.36014331224838336,0.5864396074090654,0.05341708034255123,0.46782833191779016,652282.0,0.2276555023923445,0.7884615384615384,-0.19841226215644822,0.19230769230769232,1,1,1,0,1,0,0,0,0
390855,ZA8,Mpumalanga,ZA8,Mpumalanga,ZA831,Nkangala,ZA832,Ehlanzeni,2020-10-17,2020-10-30,1,1,1,201014.57199073955,143263.2281756004,1078122,20201017,20201030,0.27290691475673784,0.6711806877078121,0.055912397535449986,0.5109201270525474,1573837.0,0.32438893780700045,0.6235217992770762,0.05208926291592337,0.47979089412028486,1837538.0,0.07867808219178082,0.6730769230769231,0.1315940928270042,0.7307692307692307,1,1,1,0,1,0,0,0,0
390856,ZA5,KwaZulu-Natal,ZA5,KwaZulu-Natal,ZA543,Sisonke,ZA595,eThekwini,2020-10-17,2020-10-20,1,1,1,412911.2857299346,166047.89240798418,267183,20201017,20201020,0.37293146983899067,0.5707096800166399,0.05635885014436937,0.4671305273563743,447117.0,0.2446364969883556,0.6990922562931536,0.05627124671849075,0.494610924976595,3587907.0,-0.2112274881516588,0.17307692307692307,0.5666580406654343,0.9230769230769231,1,1,1,0,1,0,0,0,0
390857,ZA8,Mpumalanga,ZA8,Mpumalanga,ZA831,Nkangala,ZA830,Gert Sibande,2020-10-17,2020-10-19,1,1,1,275120.69997545646,110188.802504722,144683,20201017,20201019,0.27290691475673784,0.6711806877078121,0.055912397535449986,0.5109201270525474,1573837.0,0.30688245639051287,0.6412288994160756,0.05188864419341153,0.49968312815881616,1136106.0,0.07867808219178082,0.6730769230769231,-0.11248741610738255,0.36538461538461536,1,1,1,0,1,0,0,0,0
390858,ZA8,Mpumalanga,ZA8,Mpumalanga,ZA831,Nkangala,ZA831,Nkangala,2020-10-17,2020-10-29,1,1,1,189312.48262079764,87255.96694980074,1021341,20201017,20201029,0.27290691475673784,0.6711806877078121,0.055912397535449986,0.5109201270525474,1573837.0,0.27290691475673784,0.6711806877078121,0.055912397535449986,0.5109201270525474,1573837.0,0.07867808219178082,0.6730769230769231,0.07867808219178082,0.6730769230769231,1,1,1,0,1,0,0,0,0
