,admin1Pcod_1,admin1Name_1,admin1Pcod_2,admin1Name_2,local_date_1,local_date_2,trip_num,tour_num,id_num,tour_traj_distance,trip_traj_distance,time_range,date_1,date_2,0_14_pct_1,15_64_pct_1,65p_pct_1,M_pct_1,Population_1,0_14_pct_2,15_64_pct_2,65p_pct_2,M_pct_2,Population_2,rwi_1,rwi_pctl_1,rwi_2,rwi_pctl_2,new_cases_1,new_cases_2,first_case,ban_travel,lockdown,lockdown_0,lockdown_1,lockdown_2,lockdown_3,lockdown_4,lockdown_5
73776,ZA7,Gauteng,ZA7,Gauteng,2020-09-12,2020-09-14,9,9,9,4014011.310086612,1028676.703485894,1367381,20200912,20200914,0.22703936886350948,0.7223349844212468,0.050625646715243805,0.5123439321519871,14760167.0,0.22703936886350948,0.7223349844212468,0.050625646715243805,0.5123439321519871,14760167.0,0.6706237180439658,1.0,0.6706237180439658,1.0,345.0,167.0,1,1,2,0,0,1,0,0,0
73777,ZA5,KwaZulu-Natal,,,2020-09-12,2020-09-12,61,61,57,3756419.538806784,2210027.987415852,771859,20200912,20200912,0.3109682093283005,0.6320226943362347,0.05700909633546477,0.4797594466393526,10418811.0,,,,,,0.07735186107982292,0.5555555555555556,,,228.0,,1,1,2,0,0,1,0,0,0
73780,ZA6,North West,ZA7,Gauteng,2020-09-12,2020-09-12,691,688,672,129379594.91047084,55591553.27178065,8451101,20200912,20200912,0.2828745421867569,0.6531826641385288,0.0639427936747143,0.5169154144355026,3885864.0,0.22703936886350948,0.7223349844212468,0.050625646715243805,0.5123439321519871,14760167.0,-0.04677388157695324,0.1111111111111111,0.6706237180439658,1.0,159.0,345.0,1,1,2,0,0,1,0,0,0
73781,ZA2,Eastern Cape,ZA5,KwaZulu-Natal,2020-09-12,2020-09-12,22,22,21,6524435.455258181,2277299.666757725,294763,20200912,20200912,0.32240858903092945,0.600977358291188,0.07661405267788246,0.47559015644122027,6510816.0,0.3109682093283005,0.6320226943362347,0.05700909633546477,0.4797594466393526,10418811.0,-0.04666754827373582,0.2222222222222222,0.07735186107982292,0.5555555555555556,101.0,228.0,1,1,2,0,0,1,0,0,0
73782,ZA6,North West,ZA7,Gauteng,2020-09-12,2020-09-30,1,1,1,110249.94633195284,110249.94633195284,1486952,20200912,20200930,0.2828745421867569,0.6531826641385288,0.0639427936747143,0.5169154144355026,3885864.0,0.22703936886350948,0.7223349844212468,0.050625646715243805,0.5123439321519871,14760167.0,-0.04677388157695324,0.1111111111111111,0.6706237180439658,1.0,159.0,331.0,1,1,2,0,0,1,0,0,0
73783,ZA8,Mpumalanga,ZA8,Mpumalanga,2020-09-12,2020-09-12,9661,5285,4044,614528584.5095614,119710162.035874,83945980,20200912,20200912,0.30219785415266165,0.6444398558234767,0.053362290023861565,0.4955341209781855,4547481.0,0.30219785415266165,0.6444398558234767,0.053362290023861565,0.4955341209781855,4547481.0,0.0523010419666447,0.4444444444444444,0.0523010419666447,0.4444444444444444,140.0,140.0,1,1,2,0,0,1,0,0,0
73784,ZA1,Western Cape,ZA6,North West,2020-09-12,2020-09-12,4,4,4,10151989.723507632,4783805.567674707,114026,20200912,20200912,0.24146430881004144,0.6902282722160927,0.06830741897386587,0.4994387746892386,6898299.0,0.2828745421867569,0.6531826641385288,0.0639427936747143,0.5169154144355026,3885864.0,0.48495156727992644,0.8888888888888888,-0.04677388157695324,0.1111111111111111,231.0,159.0,1,1,2,0,0,1,0,0,0
73785,ZA5,KwaZulu-Natal,ZA5,KwaZulu-Natal,2020-09-12,2020-09-13,3009,3009,3009,101848966.4353575,38125222.30563445,118622910,20200912,20200913,0.3109682093283005,0.6320226943362347,0.05700909633546477,0.4797594466393526,10418811.0,0.3109682093283005,0.6320226943362347,0.05700909633546477,0.4797594466393526,10418811.0,0.07735186107982292,0.5555555555555556,0.07735186107982292,0.5555555555555556,228.0,222.0,1,1,2,0,0,1,0,0,0
73786,ZA1,Western Cape,ZA1,Western Cape,2020-09-12,2020-09-14,22,22,22,10701885.20661978,3508679.460620681,3359861,20200912,20200914,0.24146430881004144,0.6902282722160927,0.06830741897386587,0.4994387746892386,6898299.0,0.24146430881004144,0.6902282722160927,0.06830741897386587,0.4994387746892386,6898299.0,0.48495156727992644,0.8888888888888888,0.48495156727992644,0.8888888888888888,231.0,55.0,1,1,2,0,0,1,0,0,0
73787,ZA9,Limpopo,ZA9,Limpopo,2020-09-12,2020-09-12,7448,4084,3153,525321765.5269895,103123653.65839568,65323371,20200912,20200912,0.3322212084583728,0.5982309127294063,0.06954787881222096,0.47107489302560024,5527257.0,0.3322212084583728,0.5982309127294063,0.06954787881222096,0.47107489302560024,5527257.0,-0.020299216875639643,0.3333333333333333,-0.020299216875639643,0.3333333333333333,54.0,54.0,1,1,2,0,0,1,0,0,0
73788,ZA4,Free State,ZA6,North West,2020-09-12,2020-09-12,120,117,116,19935201.461737383,7703726.290603877,1986245,20200912,20200912,0.28114593899768064,0.6555271573171474,0.06332690368517199,0.4905192097314189,2663702.0,0.2828745421867569,0.6531826641385288,0.0639427936747143,0.5169154144355026,3885864.0,0.2248492570676798,0.7777777777777778,-0.04677388157695324,0.1111111111111111,354.0,159.0,1,1,2,0,0,1,0,0,0
73789,ZA8,Mpumalanga,ZA8,Mpumalanga,2020-09-12,2020-09-17,3,3,3,1846032.8266743345,750342.1921356033,1176834,20200912,20200917,0.30219785415266165,0.6444398558234767,0.053362290023861565,0.4955341209781855,4547481.0,0.30219785415266165,0.6444398558234767,0.053362290023861565,0.4955341209781855,4547481.0,0.0523010419666447,0.4444444444444444,0.0523010419666447,0.4444444444444444,140.0,118.0,1,1,2,0,0,1,0,0,0
73790,ZA7,Gauteng,ZA2,Eastern Cape,2020-09-12,2020-09-12,12,12,12,21695150.60916811,11055026.498024054,351676,20200912,20200912,0.22703936886350948,0.7223349844212468,0.050625646715243805,0.5123439321519871,14760167.0,0.32240858903092945,0.600977358291188,0.07661405267788246,0.47559015644122027,6510816.0,0.6706237180439658,1.0,-0.04666754827373582,0.2222222222222222,345.0,101.0,1,1,2,0,0,1,0,0,0
73791,ZA2,Eastern Cape,ZA7,Gauteng,2020-09-12,2020-09-12,10,10,10,16310858.309762174,9115733.509342588,374629,20200912,20200912,0.32240858903092945,0.600977358291188,0.07661405267788246,0.47559015644122027,6510816.0,0.22703936886350948,0.7223349844212468,0.050625646715243805,0.5123439321519871,14760167.0,-0.04666754827373582,0.2222222222222222,0.6706237180439658,1.0,101.0,345.0,1,1,2,0,0,1,0,0,0
73792,ZA6,North West,ZA4,Free State,2020-09-12,2020-09-13,17,17,17,3008277.675054728,1438324.6414794691,744224,20200912,20200913,0.2828745421867569,0.6531826641385288,0.0639427936747143,0.5169154144355026,3885864.0,0.28114593899768064,0.6555271573171474,0.06332690368517199,0.4905192097314189,2663702.0,-0.04677388157695324,0.1111111111111111,0.2248492570676798,0.7777777777777778,159.0,271.0,1,1,2,0,0,1,0,0,0
73793,ZA8,Mpumalanga,ZA9,Limpopo,2020-09-12,2020-09-13,21,21,21,3789710.432997188,1547799.908585283,827036,20200912,20200913,0.30219785415266165,0.6444398558234767,0.053362290023861565,0.4955341209781855,4547481.0,0.3322212084583728,0.5982309127294063,0.06954787881222096,0.47107489302560024,5527257.0,0.0523010419666447,0.4444444444444444,-0.020299216875639643,0.3333333333333333,140.0,70.0,1,1,2,0,0,1,0,0,0
73794,ZA2,Eastern Cape,ZA1,Western Cape,2020-09-12,2020-09-12,45,45,44,53115129.04010197,22826894.90611507,1074628,20200912,20200912,0.32240858903092945,0.600977358291188,0.07661405267788246,0.47559015644122027,6510816.0,0.24146430881004144,0.6902282722160927,0.06830741897386587,0.4994387746892386,6898299.0,-0.04666754827373582,0.2222222222222222,0.48495156727992644,0.8888888888888888,101.0,231.0,1,1,2,0,0,1,0,0,0
73795,ZA1,Western Cape,ZA2,Eastern Cape,2020-09-12,2020-09-12,35,35,35,43661187.57451962,16611161.84192403,813938,20200912,20200912,0.24146430881004144,0.6902282722160927,0.06830741897386587,0.4994387746892386,6898299.0,0.32240858903092945,0.600977358291188,0.07661405267788246,0.47559015644122027,6510816.0,0.48495156727992644,0.8888888888888888,-0.04666754827373582,0.2222222222222222,231.0,101.0,1,1,2,0,0,1,0,0,0
73796,ZA5,KwaZulu-Natal,ZA7,Gauteng,2020-09-12,2020-09-12,68,68,68,61955688.56678023,32193540.352846388,2033026,20200912,20200912,0.3109682093283005,0.6320226943362347,0.05700909633546477,0.4797594466393526,10418811.0,0.22703936886350948,0.7223349844212468,0.050625646715243805,0.5123439321519871,14760167.0,0.07735186107982292,0.5555555555555556,0.6706237180439658,1.0,228.0,345.0,1,1,2,0,0,1,0,0,0
73798,ZA5,KwaZulu-Natal,ZA4,Free State,2020-09-12,2020-09-12,29,29,29,24359206.129550032,6768280.365936342,602470,20200912,20200912,0.3109682093283005,0.6320226943362347,0.05700909633546477,0.4797594466393526,10418811.0,0.28114593899768064,0.6555271573171474,0.06332690368517199,0.4905192097314189,2663702.0,0.07735186107982292,0.5555555555555556,0.2248492570676798,0.7777777777777778,228.0,354.0,1,1,2,0,0,1,0,0,0
73799,ZA7,Gauteng,ZA6,North West,2020-09-12,2020-09-23,2,2,2,686010.6169152937,404939.21576914034,1834778,20200912,20200923,0.22703936886350948,0.7223349844212468,0.050625646715243805,0.5123439321519871,14760167.0,0.2828745421867569,0.6531826641385288,0.0639427936747143,0.5169154144355026,3885864.0,0.6706237180439658,1.0,-0.04677388157695324,0.1111111111111111,345.0,197.0,1,1,2,0,0,1,0,0,0
73800,ZA8,Mpumalanga,ZA3,Nothern Cape,2020-09-12,2020-09-25,1,1,1,829676.0539731153,637282.520121672,1091326,20200912,20200925,0.30219785415266165,0.6444398558234767,0.053362290023861565,0.4955341209781855,4547481.0,0.2905180543789262,0.6449880916225764,0.06449385399849747,0.5008080113808923,1251220.0,0.0523010419666447,0.4444444444444444,0.09958456723393624,0.6666666666666666,140.0,201.0,1,1,2,0,0,1,0,0,0
73801,ZA6,North West,ZA7,Gauteng,2020-09-12,2020-09-13,205,205,205,29019233.649201676,14829841.475993836,6784977,20200912,20200913,0.2828745421867569,0.6531826641385288,0.0639427936747143,0.5169154144355026,3885864.0,0.22703936886350948,0.7223349844212468,0.050625646715243805,0.5123439321519871,14760167.0,-0.04677388157695324,0.1111111111111111,0.6706237180439658,1.0,159.0,309.0,1,1,2,0,0,1,0,0,0
73802,ZA9,Limpopo,ZA8,Mpumalanga,2020-09-12,2020-09-12,92,91,91,31461549.114273548,8286028.545842209,1718785,20200912,20200912,0.3322212084583728,0.5982309127294063,0.06954787881222096,0.47107489302560024,5527257.0,0.30219785415266165,0.6444398558234767,0.053362290023861565,0.4955341209781855,4547481.0,-0.020299216875639643,0.3333333333333333,0.0523010419666447,0.4444444444444444,54.0,140.0,1,1,2,0,0,1,0,0,0
73803,ZA6,North West,ZA6,North West,2020-09-12,2020-09-19,4,4,4,877458.6591182043,374819.45775718265,2322799,20200912,20200919,0.2828745421867569,0.6531826641385288,0.0639427936747143,0.5169154144355026,3885864.0,0.2828745421867569,0.6531826641385288,0.0639427936747143,0.5169154144355026,3885864.0,-0.04677388157695324,0.1111111111111111,-0.04677388157695324,0.1111111111111111,159.0,169.0,1,1,2,0,0,1,0,0,0
73804,ZA5,KwaZulu-Natal,ZA5,KwaZulu-Natal,2020-09-12,2020-09-18,5,5,5,1185593.426007293,507223.9315881474,2467647,20200912,20200918,0.3109682093283005,0.6320226943362347,0.05700909633546477,0.4797594466393526,10418811.0,0.3109682093283005,0.6320226943362347,0.05700909633546477,0.4797594466393526,10418811.0,0.07735186107982292,0.5555555555555556,0.07735186107982292,0.5555555555555556,228.0,213.0,1,1,2,0,0,1,0,0,0
73805,ZA3,Nothern Cape,ZA6,North West,2020-09-12,2020-09-12,30,30,30,30871876.32252781,7510221.384446339,700256,20200912,20200912,0.2905180543789262,0.6449880916225764,0.06449385399849747,0.5008080113808923,1251220.0,0.2828745421867569,0.6531826641385288,0.0639427936747143,0.5169154144355026,3885864.0,0.09958456723393624,0.6666666666666666,-0.04677388157695324,0.1111111111111111,204.0,159.0,1,1,2,0,0,1,0,0,0
73806,ZA1,Western Cape,ZA1,Western Cape,2020-09-12,2020-09-13,4973,4973,4972,200146166.2975652,69882126.82628252,184173103,20200912,20200913,0.24146430881004144,0.6902282722160927,0.06830741897386587,0.4994387746892386,6898299.0,0.24146430881004144,0.6902282722160927,0.06830741897386587,0.4994387746892386,6898299.0,0.48495156727992644,0.8888888888888888,0.48495156727992644,0.8888888888888888,231.0,152.0,1,1,2,0,0,1,0,0,0
73807,ZA9,Limpopo,ZA9,Limpopo,2020-09-12,2020-09-13,1029,1029,1029,52122236.74103556,15410038.22509276,42598943,20200912,20200913,0.3322212084583728,0.5982309127294063,0.06954787881222096,0.47107489302560024,5527257.0,0.3322212084583728,0.5982309127294063,0.06954787881222096,0.47107489302560024,5527257.0,-0.020299216875639643,0.3333333333333333,-0.020299216875639643,0.3333333333333333,54.0,70.0,1,1,2,0,0,1,0,0,0
73808,ZA4,Free State,ZA4,Free State,2020-09-12,2020-09-12,7943,4446,3384,424611707.5302159,103404416.5582575,68464715,20200912,20200912,0.28114593899768064,0.6555271573171474,0.06332690368517199,0.4905192097314189,2663702.0,0.28114593899768064,0.6555271573171474,0.06332690368517199,0.4905192097314189,2663702.0,0.2248492570676798,0.7777777777777778,0.2248492570676798,0.7777777777777778,354.0,354.0,1,1,2,0,0,1,0,0,0
73809,ZA3,Nothern Cape,ZA1,Western Cape,2020-09-12,2020-09-12,21,21,21,35052074.75414054,10731919.190526975,698261,20200912,20200912,0.2905180543789262,0.6449880916225764,0.06449385399849747,0.5008080113808923,1251220.0,0.24146430881004144,0.6902282722160927,0.06830741897386587,0.4994387746892386,6898299.0,0.09958456723393624,0.6666666666666666,0.48495156727992644,0.8888888888888888,204.0,231.0,1,1,2,0,0,1,0,0,0
73810,ZA2,Eastern Cape,ZA4,Free State,2020-09-12,2020-09-13,4,4,4,6215461.689865103,2720230.179609984,243457,20200912,20200913,0.32240858903092945,0.600977358291188,0.07661405267788246,0.47559015644122027,6510816.0,0.28114593899768064,0.6555271573171474,0.06332690368517199,0.4905192097314189,2663702.0,-0.04666754827373582,0.2222222222222222,0.2248492570676798,0.7777777777777778,101.0,271.0,1,1,2,0,0,1,0,0,0
73811,ZA4,Free State,ZA4,Free State,2020-09-12,2020-09-13,954,954,954,35271698.844914354,10048847.248917334,38602578,20200912,20200913,0.28114593899768064,0.6555271573171474,0.06332690368517199,0.4905192097314189,2663702.0,0.28114593899768064,0.6555271573171474,0.06332690368517199,0.4905192097314189,2663702.0,0.2248492570676798,0.7777777777777778,0.2248492570676798,0.7777777777777778,354.0,271.0,1,1,2,0,0,1,0,0,0
73812,ZA9,Limpopo,ZA7,Gauteng,2020-09-12,2020-09-13,45,45,45,21912272.7646568,10160644.344628569,3158264,20200912,20200913,0.3322212084583728,0.5982309127294063,0.06954787881222096,0.47107489302560024,5527257.0,0.22703936886350948,0.7223349844212468,0.050625646715243805,0.5123439321519871,14760167.0,-0.020299216875639643,0.3333333333333333,0.6706237180439658,1.0,54.0,309.0,1,1,2,0,0,1,0,0,0
73813,ZA4,Free State,ZA9,Limpopo,2020-09-12,2020-09-13,2,2,2,1452773.1581637291,1050972.9040323484,183990,20200912,20200913,0.28114593899768064,0.6555271573171474,0.06332690368517199,0.4905192097314189,2663702.0,0.3322212084583728,0.5982309127294063,0.06954787881222096,0.47107489302560024,5527257.0,0.2248492570676798,0.7777777777777778,-0.020299216875639643,0.3333333333333333,354.0,70.0,1,1,2,0,0,1,0,0,0
73814,ZA1,Western Cape,ZA1,Western Cape,2020-09-12,2020-09-12,51964,27677,20798,2676524909.339108,679750604.4279426,448747618,20200912,20200912,0.24146430881004144,0.6902282722160927,0.06830741897386587,0.4994387746892386,6898299.0,0.24146430881004144,0.6902282722160927,0.06830741897386587,0.4994387746892386,6898299.0,0.48495156727992644,0.8888888888888888,0.48495156727992644,0.8888888888888888,231.0,231.0,1,1,2,0,0,1,0,0,0
73815,ZA5,KwaZulu-Natal,ZA5,KwaZulu-Natal,2020-09-12,2020-09-12,24965,13454,10213,1277179266.1349556,312220613.1633583,227846340,20200912,20200912,0.3109682093283005,0.6320226943362347,0.05700909633546477,0.4797594466393526,10418811.0,0.3109682093283005,0.6320226943362347,0.05700909633546477,0.4797594466393526,10418811.0,0.07735186107982292,0.5555555555555556,0.07735186107982292,0.5555555555555556,228.0,228.0,1,1,2,0,0,1,0,0,0
73816,ZA5,KwaZulu-Natal,ZA7,Gauteng,2020-09-12,2020-09-13,20,20,20,17643959.127178226,9614273.049263624,1399600,20200912,20200913,0.3109682093283005,0.6320226943362347,0.05700909633546477,0.4797594466393526,10418811.0,0.22703936886350948,0.7223349844212468,0.050625646715243805,0.5123439321519871,14760167.0,0.07735186107982292,0.5555555555555556,0.6706237180439658,1.0,228.0,309.0,1,1,2,0,0,1,0,0,0
73817,ZA9,Limpopo,ZA3,Nothern Cape,2020-09-12,2020-09-14,1,1,1,1739645.1284184442,792215.6040164761,139859,20200912,20200914,0.3322212084583728,0.5982309127294063,0.06954787881222096,0.47107489302560024,5527257.0,0.2905180543789262,0.6449880916225764,0.06449385399849747,0.5008080113808923,1251220.0,-0.020299216875639643,0.3333333333333333,0.09958456723393624,0.6666666666666666,54.0,173.0,1,1,2,0,0,1,0,0,0
73818,ZA7,Gauteng,ZA1,Western Cape,2020-09-12,2020-09-12,48,48,48,103415397.3322521,58087325.1507468,1794810,20200912,20200912,0.22703936886350948,0.7223349844212468,0.050625646715243805,0.5123439321519871,14760167.0,0.24146430881004144,0.6902282722160927,0.06830741897386587,0.4994387746892386,6898299.0,0.6706237180439658,1.0,0.48495156727992644,0.8888888888888888,345.0,231.0,1,1,2,0,0,1,0,0,0
73819,ZA7,Gauteng,ZA4,Free State,2020-09-12,2020-09-12,440,429,421,85947027.21392545,36593405.63689843,8191778,20200912,20200912,0.22703936886350948,0.7223349844212468,0.050625646715243805,0.5123439321519871,14760167.0,0.28114593899768064,0.6555271573171474,0.06332690368517199,0.4905192097314189,2663702.0,0.6706237180439658,1.0,0.2248492570676798,0.7777777777777778,345.0,354.0,1,1,2,0,0,1,0,0,0
73820,ZA9,Limpopo,ZA4,Free State,2020-09-12,2020-09-13,2,2,2,1714249.471081834,944327.003842402,124807,20200912,20200913,0.3322212084583728,0.5982309127294063,0.06954787881222096,0.47107489302560024,5527257.0,0.28114593899768064,0.6555271573171474,0.06332690368517199,0.4905192097314189,2663702.0,-0.020299216875639643,0.3333333333333333,0.2248492570676798,0.7777777777777778,54.0,271.0,1,1,2,0,0,1,0,0,0
73821,ZA4,Free State,ZA7,Gauteng,2020-09-12,2020-09-12,354,348,342,81046029.41423108,33185159.11252907,5088792,20200912,20200912,0.28114593899768064,0.6555271573171474,0.06332690368517199,0.4905192097314189,2663702.0,0.22703936886350948,0.7223349844212468,0.050625646715243805,0.5123439321519871,14760167.0,0.2248492570676798,0.7777777777777778,0.6706237180439658,1.0,354.0,345.0,1,1,2,0,0,1,0,0,0
73822,ZA1,Western Cape,ZA1,Western Cape,2020-09-12,2020-09-16,5,5,5,5206110.752020115,3096242.343802873,1810220,20200912,20200916,0.24146430881004144,0.6902282722160927,0.06830741897386587,0.4994387746892386,6898299.0,0.24146430881004144,0.6902282722160927,0.06830741897386587,0.4994387746892386,6898299.0,0.48495156727992644,0.8888888888888888,0.48495156727992644,0.8888888888888888,231.0,229.0,1,1,2,0,0,1,0,0,0
73823,ZA6,North West,ZA3,Nothern Cape,2020-09-12,2020-09-13,4,4,4,3200053.6841683327,595073.3047923229,205680,20200912,20200913,0.2828745421867569,0.6531826641385288,0.0639427936747143,0.5169154144355026,3885864.0,0.2905180543789262,0.6449880916225764,0.06449385399849747,0.5008080113808923,1251220.0,-0.04677388157695324,0.1111111111111111,0.09958456723393624,0.6666666666666666,159.0,268.0,1,1,2,0,0,1,0,0,0
73824,ZA1,Western Cape,ZA3,Nothern Cape,2020-09-12,2020-09-12,31,31,31,59546189.82004249,17354997.409217898,1255516,20200912,20200912,0.24146430881004144,0.6902282722160927,0.06830741897386587,0.4994387746892386,6898299.0,0.2905180543789262,0.6449880916225764,0.06449385399849747,0.5008080113808923,1251220.0,0.48495156727992644,0.8888888888888888,0.09958456723393624,0.6666666666666666,231.0,204.0,1,1,2,0,0,1,0,0,0
73825,ZA6,North West,ZA6,North West,2020-09-12,2020-09-12,7820,4319,3390,431637994.2614498,95775907.0985877,66208434,20200912,20200912,0.2828745421867569,0.6531826641385288,0.0639427936747143,0.5169154144355026,3885864.0,0.2828745421867569,0.6531826641385288,0.0639427936747143,0.5169154144355026,3885864.0,-0.04677388157695324,0.1111111111111111,-0.04677388157695324,0.1111111111111111,159.0,159.0,1,1,2,0,0,1,0,0,0
73826,ZA2,Eastern Cape,ZA7,Gauteng,2020-09-12,2020-09-13,8,8,8,10700833.956790486,6775580.383491984,739863,20200912,20200913,0.32240858903092945,0.600977358291188,0.07661405267788246,0.47559015644122027,6510816.0,0.22703936886350948,0.7223349844212468,0.050625646715243805,0.5123439321519871,14760167.0,-0.04666754827373582,0.2222222222222222,0.6706237180439658,1.0,101.0,309.0,1,1,2,0,0,1,0,0,0
73827,ZA6,North West,ZA7,Gauteng,2020-09-12,2020-09-14,8,8,8,2688467.889100136,1214423.3374841025,1416766,20200912,20200914,0.2828745421867569,0.6531826641385288,0.0639427936747143,0.5169154144355026,3885864.0,0.22703936886350948,0.7223349844212468,0.050625646715243805,0.5123439321519871,14760167.0,-0.04677388157695324,0.1111111111111111,0.6706237180439658,1.0,159.0,167.0,1,1,2,0,0,1,0,0,0
73828,ZA2,Eastern Cape,ZA1,Western Cape,2020-09-12,2020-09-14,4,4,4,5133753.389532308,2630515.4922590074,575944,20200912,20200914,0.32240858903092945,0.600977358291188,0.07661405267788246,0.47559015644122027,6510816.0,0.24146430881004144,0.6902282722160927,0.06830741897386587,0.4994387746892386,6898299.0,-0.04666754827373582,0.2222222222222222,0.48495156727992644,0.8888888888888888,101.0,55.0,1,1,2,0,0,1,0,0,0
73829,ZA1,Western Cape,ZA1,Western Cape,2020-09-12,2020-09-24,9,9,9,2990101.6662198943,1459284.7269340518,9137126,20200912,20200924,0.24146430881004144,0.6902282722160927,0.06830741897386587,0.4994387746892386,6898299.0,0.24146430881004144,0.6902282722160927,0.06830741897386587,0.4994387746892386,6898299.0,0.48495156727992644,0.8888888888888888,0.48495156727992644,0.8888888888888888,231.0,250.0,1,1,2,0,0,1,0,0,0
73830,ZA8,Mpumalanga,ZA8,Mpumalanga,2020-09-12,2020-09-13,1213,1213,1213,61303648.86002117,18962190.154146187,49880173,20200912,20200913,0.30219785415266165,0.6444398558234767,0.053362290023861565,0.4955341209781855,4547481.0,0.30219785415266165,0.6444398558234767,0.053362290023861565,0.4955341209781855,4547481.0,0.0523010419666447,0.4444444444444444,0.0523010419666447,0.4444444444444444,140.0,70.0,1,1,2,0,0,1,0,0,0
73831,ZA6,North West,ZA4,Free State,2020-09-12,2020-09-12,103,102,100,15184834.91589545,5971036.951881194,1405157,20200912,20200912,0.2828745421867569,0.6531826641385288,0.0639427936747143,0.5169154144355026,3885864.0,0.28114593899768064,0.6555271573171474,0.06332690368517199,0.4905192097314189,2663702.0,-0.04677388157695324,0.1111111111111111,0.2248492570676798,0.7777777777777778,159.0,354.0,1,1,2,0,0,1,0,0,0
73832,ZA8,Mpumalanga,ZA7,Gauteng,2020-09-12,2020-09-12,316,314,311,92762401.29479752,37768838.97410561,5709812,20200912,20200912,0.30219785415266165,0.6444398558234767,0.053362290023861565,0.4955341209781855,4547481.0,0.22703936886350948,0.7223349844212468,0.050625646715243805,0.5123439321519871,14760167.0,0.0523010419666447,0.4444444444444444,0.6706237180439658,1.0,140.0,345.0,1,1,2,0,0,1,0,0,0
73833,ZA2,Eastern Cape,ZA2,Eastern Cape,2020-09-12,2020-09-12,11270,6111,4631,666902176.7523845,163183490.11562398,104390435,20200912,20200912,0.32240858903092945,0.600977358291188,0.07661405267788246,0.47559015644122027,6510816.0,0.32240858903092945,0.600977358291188,0.07661405267788246,0.47559015644122027,6510816.0,-0.04666754827373582,0.2222222222222222,-0.04666754827373582,0.2222222222222222,101.0,101.0,1,1,2,0,0,1,0,0,0
73834,ZA7,Gauteng,ZA7,Gauteng,2020-09-12,2020-09-20,4,4,4,1218586.828513709,298922.3393935551,2597749,20200912,20200920,0.22703936886350948,0.7223349844212468,0.050625646715243805,0.5123439321519871,14760167.0,0.22703936886350948,0.7223349844212468,0.050625646715243805,0.5123439321519871,14760167.0,0.6706237180439658,1.0,0.6706237180439658,1.0,345.0,254.0,1,1,2,0,0,1,0,0,0
73835,ZA7,Gauteng,ZA2,Eastern Cape,2020-09-12,2020-09-13,5,5,5,8033979.458935618,4831926.050663937,353078,20200912,20200913,0.22703936886350948,0.7223349844212468,0.050625646715243805,0.5123439321519871,14760167.0,0.32240858903092945,0.600977358291188,0.07661405267788246,0.47559015644122027,6510816.0,0.6706237180439658,1.0,-0.04666754827373582,0.2222222222222222,345.0,92.0,1,1,2,0,0,1,0,0,0
73836,ZA7,Gauteng,ZA8,Mpumalanga,2020-09-12,2020-09-13,21,21,21,4774314.494323733,2371712.778384128,918185,20200912,20200913,0.22703936886350948,0.7223349844212468,0.050625646715243805,0.5123439321519871,14760167.0,0.30219785415266165,0.6444398558234767,0.053362290023861565,0.4955341209781855,4547481.0,0.6706237180439658,1.0,0.0523010419666447,0.4444444444444444,345.0,70.0,1,1,2,0,0,1,0,0,0
73837,ZA8,Mpumalanga,ZA7,Gauteng,2020-09-12,2020-09-18,1,1,1,296996.77033674624,81019.82174305497,450258,20200912,20200918,0.30219785415266165,0.6444398558234767,0.053362290023861565,0.4955341209781855,4547481.0,0.22703936886350948,0.7223349844212468,0.050625646715243805,0.5123439321519871,14760167.0,0.0523010419666447,0.4444444444444444,0.6706237180439658,1.0,140.0,449.0,1,1,2,0,0,1,0,0,0
73838,ZA2,Eastern Cape,ZA6,North West,2020-09-12,2020-09-13,1,1,1,2207168.169626941,1105009.165254167,54488,20200912,20200913,0.32240858903092945,0.600977358291188,0.07661405267788246,0.47559015644122027,6510816.0,0.2828745421867569,0.6531826641385288,0.0639427936747143,0.5169154144355026,3885864.0,-0.04666754827373582,0.2222222222222222,-0.04677388157695324,0.1111111111111111,101.0,125.0,1,1,2,0,0,1,0,0,0
73839,ZA7,Gauteng,ZA6,North West,2020-09-12,2020-09-24,2,2,2,662960.2576367864,320748.8437439805,2089336,20200912,20200924,0.22703936886350948,0.7223349844212468,0.050625646715243805,0.5123439321519871,14760167.0,0.2828745421867569,0.6531826641385288,0.0639427936747143,0.5169154144355026,3885864.0,0.6706237180439658,1.0,-0.04677388157695324,0.1111111111111111,345.0,160.0,1,1,2,0,0,1,0,0,0
73840,ZA1,Western Cape,ZA8,Mpumalanga,2020-09-12,2020-09-29,1,1,1,2957681.68749757,1368100.5916602088,1414257,20200912,20200929,0.24146430881004144,0.6902282722160927,0.06830741897386587,0.4994387746892386,6898299.0,0.30219785415266165,0.6444398558234767,0.053362290023861565,0.4955341209781855,4547481.0,0.48495156727992644,0.8888888888888888,0.0523010419666447,0.4444444444444444,231.0,94.0,1,1,2,0,0,1,0,0,0
73842,ZA4,Free State,ZA8,Mpumalanga,2020-09-12,2020-09-12,11,11,11,10537210.761181448,3406632.973356467,266405,20200912,20200912,0.28114593899768064,0.6555271573171474,0.06332690368517199,0.4905192097314189,2663702.0,0.30219785415266165,0.6444398558234767,0.053362290023861565,0.4955341209781855,4547481.0,0.2248492570676798,0.7777777777777778,0.0523010419666447,0.4444444444444444,354.0,140.0,1,1,2,0,0,1,0,0,0
73843,ZA6,North West,ZA1,Western Cape,2020-09-12,2020-09-14,1,1,1,1031468.9908029956,1031416.9907322092,106986,20200912,20200914,0.2828745421867569,0.6531826641385288,0.0639427936747143,0.5169154144355026,3885864.0,0.24146430881004144,0.6902282722160927,0.06830741897386587,0.4994387746892386,6898299.0,-0.04677388157695324,0.1111111111111111,0.48495156727992644,0.8888888888888888,159.0,55.0,1,1,2,0,0,1,0,0,0
73844,ZA4,Free State,ZA7,Gauteng,2020-09-12,2020-09-17,1,1,1,270844.75383699115,270750.1694243914,386535,20200912,20200917,0.28114593899768064,0.6555271573171474,0.06332690368517199,0.4905192097314189,2663702.0,0.22703936886350948,0.7223349844212468,0.050625646715243805,0.5123439321519871,14760167.0,0.2248492570676798,0.7777777777777778,0.6706237180439658,1.0,354.0,443.0,1,1,2,0,0,1,0,0,0
73845,ZA3,Nothern Cape,ZA3,Nothern Cape,2020-09-12,2020-09-13,392,392,392,23233605.399743877,5578829.929437621,16782740,20200912,20200913,0.2905180543789262,0.6449880916225764,0.06449385399849747,0.5008080113808923,1251220.0,0.2905180543789262,0.6449880916225764,0.06449385399849747,0.5008080113808923,1251220.0,0.09958456723393624,0.6666666666666666,0.09958456723393624,0.6666666666666666,204.0,268.0,1,1,2,0,0,1,0,0,0
73846,ZA7,Gauteng,ZA7,Gauteng,2020-09-12,2020-09-13,9215,9214,9213,272366592.3865086,109606935.49363804,341644878,20200912,20200913,0.22703936886350948,0.7223349844212468,0.050625646715243805,0.5123439321519871,14760167.0,0.22703936886350948,0.7223349844212468,0.050625646715243805,0.5123439321519871,14760167.0,0.6706237180439658,1.0,0.6706237180439658,1.0,345.0,309.0,1,1,2,0,0,1,0,0,0
73847,ZA1,Western Cape,ZA1,Western Cape,2020-09-12,2020-09-15,7,7,7,2749105.211858364,1340503.1542838863,1664269,20200912,20200915,0.24146430881004144,0.6902282722160927,0.06830741897386587,0.4994387746892386,6898299.0,0.24146430881004144,0.6902282722160927,0.06830741897386587,0.4994387746892386,6898299.0,0.48495156727992644,0.8888888888888888,0.48495156727992644,0.8888888888888888,231.0,52.0,1,1,2,0,0,1,0,0,0
73848,ZA1,Western Cape,ZA5,KwaZulu-Natal,2020-09-12,2020-09-13,5,5,5,14103341.2617203,6148228.62489542,355998,20200912,20200913,0.24146430881004144,0.6902282722160927,0.06830741897386587,0.4994387746892386,6898299.0,0.3109682093283005,0.6320226943362347,0.05700909633546477,0.4797594466393526,10418811.0,0.48495156727992644,0.8888888888888888,0.07735186107982292,0.5555555555555556,231.0,222.0,1,1,2,0,0,1,0,0,0
73849,ZA4,Free State,ZA7,Gauteng,2020-09-12,2020-09-23,4,4,4,708825.549305891,423470.01220629073,3629404,20200912,20200923,0.28114593899768064,0.6555271573171474,0.06332690368517199,0.4905192097314189,2663702.0,0.22703936886350948,0.7223349844212468,0.050625646715243805,0.5123439321519871,14760167.0,0.2248492570676798,0.7777777777777778,0.6706237180439658,1.0,354.0,356.0,1,1,2,0,0,1,0,0,0
73850,ZA4,Free State,ZA1,Western Cape,2020-09-12,2020-09-13,5,5,5,10351672.066071425,4159888.362025423,402628,20200912,20200913,0.28114593899768064,0.6555271573171474,0.06332690368517199,0.4905192097314189,2663702.0,0.24146430881004144,0.6902282722160927,0.06830741897386587,0.4994387746892386,6898299.0,0.2248492570676798,0.7777777777777778,0.48495156727992644,0.8888888888888888,354.0,152.0,1,1,2,0,0,1,0,0,0
73852,ZA8,Mpumalanga,ZA7,Gauteng,2020-09-12,2020-09-14,4,4,4,2939482.347291049,1274769.187388281,632050,20200912,20200914,0.30219785415266165,0.6444398558234767,0.053362290023861565,0.4955341209781855,4547481.0,0.22703936886350948,0.7223349844212468,0.050625646715243805,0.5123439321519871,14760167.0,0.0523010419666447,0.4444444444444444,0.6706237180439658,1.0,140.0,167.0,1,1,2,0,0,1,0,0,0
73853,ZA9,Limpopo,ZA9,Limpopo,2020-09-12,2020-09-25,3,3,3,931263.9993422484,386805.1221311055,3381763,20200912,20200925,0.3322212084583728,0.5982309127294063,0.06954787881222096,0.47107489302560024,5527257.0,0.3322212084583728,0.5982309127294063,0.06954787881222096,0.47107489302560024,5527257.0,-0.020299216875639643,0.3333333333333333,-0.020299216875639643,0.3333333333333333,54.0,136.0,1,1,2,0,0,1,0,0,0
73854,ZA4,Free State,ZA4,Free State,2020-09-12,2020-09-20,1,1,1,340325.39886237046,120924.32527960364,756418,20200912,20200920,0.28114593899768064,0.6555271573171474,0.06332690368517199,0.4905192097314189,2663702.0,0.28114593899768064,0.6555271573171474,0.06332690368517199,0.4905192097314189,2663702.0,0.2248492570676798,0.7777777777777778,0.2248492570676798,0.7777777777777778,354.0,261.0,1,1,2,0,0,1,0,0,0
73855,ZA6,North West,ZA3,Nothern Cape,2020-09-12,2020-09-12,17,17,17,7257093.310295436,2978334.460443888,246822,20200912,20200912,0.2828745421867569,0.6531826641385288,0.0639427936747143,0.5169154144355026,3885864.0,0.2905180543789262,0.6449880916225764,0.06449385399849747,0.5008080113808923,1251220.0,-0.04677388157695324,0.1111111111111111,0.09958456723393624,0.6666666666666666,159.0,204.0,1,1,2,0,0,1,0,0,0
73856,ZA7,Gauteng,ZA5,KwaZulu-Natal,2020-09-12,2020-09-12,111,111,111,105056718.01529768,53786462.84807079,3541659,20200912,20200912,0.22703936886350948,0.7223349844212468,0.050625646715243805,0.5123439321519871,14760167.0,0.3109682093283005,0.6320226943362347,0.05700909633546477,0.4797594466393526,10418811.0,0.6706237180439658,1.0,0.07735186107982292,0.5555555555555556,345.0,228.0,1,1,2,0,0,1,0,0,0
73857,ZA8,Mpumalanga,ZA8,Mpumalanga,2020-09-12,2020-09-19,1,1,1,100194.4412931812,100169.13951588048,644372,20200912,20200919,0.30219785415266165,0.6444398558234767,0.053362290023861565,0.4955341209781855,4547481.0,0.30219785415266165,0.6444398558234767,0.053362290023861565,0.4955341209781855,4547481.0,0.0523010419666447,0.4444444444444444,0.0523010419666447,0.4444444444444444,140.0,127.0,1,1,2,0,0,1,0,0,0
73858,ZA6,North West,ZA7,Gauteng,2020-09-12,2020-09-19,2,2,2,412965.8788302566,230074.37209949235,1177218,20200912,20200919,0.2828745421867569,0.6531826641385288,0.0639427936747143,0.5169154144355026,3885864.0,0.22703936886350948,0.7223349844212468,0.050625646715243805,0.5123439321519871,14760167.0,-0.04677388157695324,0.1111111111111111,0.6706237180439658,1.0,159.0,326.0,1,1,2,0,0,1,0,0,0
73859,ZA9,Limpopo,ZA7,Gauteng,2020-09-12,2020-09-12,116,116,116,53187467.35128703,24380630.376861133,2688963,20200912,20200912,0.3322212084583728,0.5982309127294063,0.06954787881222096,0.47107489302560024,5527257.0,0.22703936886350948,0.7223349844212468,0.050625646715243805,0.5123439321519871,14760167.0,-0.020299216875639643,0.3333333333333333,0.6706237180439658,1.0,54.0,345.0,1,1,2,0,0,1,0,0,0
73860,ZA7,Gauteng,ZA9,Limpopo,2020-09-12,2020-09-12,170,169,169,70014072.91407287,33610446.38835881,4229029,20200912,20200912,0.22703936886350948,0.7223349844212468,0.050625646715243805,0.5123439321519871,14760167.0,0.3322212084583728,0.5982309127294063,0.06954787881222096,0.47107489302560024,5527257.0,0.6706237180439658,1.0,-0.020299216875639643,0.3333333333333333,345.0,54.0,1,1,2,0,0,1,0,0,0
73861,ZA5,KwaZulu-Natal,ZA3,Nothern Cape,2020-09-12,2020-09-12,3,2,2,5550075.452664571,1271058.7172109436,126303,20200912,20200912,0.3109682093283005,0.6320226943362347,0.05700909633546477,0.4797594466393526,10418811.0,0.2905180543789262,0.6449880916225764,0.06449385399849747,0.5008080113808923,1251220.0,0.07735186107982292,0.5555555555555556,0.09958456723393624,0.6666666666666666,228.0,204.0,1,1,2,0,0,1,0,0,0
73862,ZA1,Western Cape,ZA1,Western Cape,2020-09-12,2020-09-23,8,8,8,1163961.875343277,979810.017471241,7415172,20200912,20200923,0.24146430881004144,0.6902282722160927,0.06830741897386587,0.4994387746892386,6898299.0,0.24146430881004144,0.6902282722160927,0.06830741897386587,0.4994387746892386,6898299.0,0.48495156727992644,0.8888888888888888,0.48495156727992644,0.8888888888888888,231.0,214.0,1,1,2,0,0,1,0,0,0
73863,ZA4,Free State,ZA5,KwaZulu-Natal,2020-09-12,2020-09-13,5,5,5,3398937.991564459,1437002.8148150032,273063,20200912,20200913,0.28114593899768064,0.6555271573171474,0.06332690368517199,0.4905192097314189,2663702.0,0.3109682093283005,0.6320226943362347,0.05700909633546477,0.4797594466393526,10418811.0,0.2248492570676798,0.7777777777777778,0.07735186107982292,0.5555555555555556,354.0,222.0,1,1,2,0,0,1,0,0,0
73864,ZA9,Limpopo,ZA5,KwaZulu-Natal,2020-09-12,2020-09-12,5,5,5,8199073.8525864,3899405.529976389,209471,20200912,20200912,0.3322212084583728,0.5982309127294063,0.06954787881222096,0.47107489302560024,5527257.0,0.3109682093283005,0.6320226943362347,0.05700909633546477,0.4797594466393526,10418811.0,-0.020299216875639643,0.3333333333333333,0.07735186107982292,0.5555555555555556,54.0,228.0,1,1,2,0,0,1,0,0,0
73865,ZA3,Nothern Cape,ZA7,Gauteng,2020-09-12,2020-09-13,10,10,10,13768893.395688549,5737004.926034758,731168,20200912,20200913,0.2905180543789262,0.6449880916225764,0.06449385399849747,0.5008080113808923,1251220.0,0.22703936886350948,0.7223349844212468,0.050625646715243805,0.5123439321519871,14760167.0,0.09958456723393624,0.6666666666666666,0.6706237180439658,1.0,204.0,309.0,1,1,2,0,0,1,0,0,0
73866,ZA6,North West,ZA1,Western Cape,2020-09-12,2020-09-16,1,1,1,1760672.7589852926,1056479.7390289812,342235,20200912,20200916,0.2828745421867569,0.6531826641385288,0.0639427936747143,0.5169154144355026,3885864.0,0.24146430881004144,0.6902282722160927,0.06830741897386587,0.4994387746892386,6898299.0,-0.04677388157695324,0.1111111111111111,0.48495156727992644,0.8888888888888888,159.0,229.0,1,1,2,0,0,1,0,0,0
73867,ZA8,Mpumalanga,ZA6,North West,2020-09-12,2020-09-12,8,8,8,3079750.219336666,1645516.4173009363,207520,20200912,20200912,0.30219785415266165,0.6444398558234767,0.053362290023861565,0.4955341209781855,4547481.0,0.2828745421867569,0.6531826641385288,0.0639427936747143,0.5169154144355026,3885864.0,0.0523010419666447,0.4444444444444444,-0.04677388157695324,0.1111111111111111,140.0,159.0,1,1,2,0,0,1,0,0,0
73868,ZA7,Gauteng,ZA8,Mpumalanga,2020-09-12,2020-09-20,1,1,1,123736.84125040704,123736.84125040704,665579,20200912,20200920,0.22703936886350948,0.7223349844212468,0.050625646715243805,0.5123439321519871,14760167.0,0.30219785415266165,0.6444398558234767,0.053362290023861565,0.4955341209781855,4547481.0,0.6706237180439658,1.0,0.0523010419666447,0.4444444444444444,345.0,90.0,1,1,2,0,0,1,0,0,0
73869,ZA9,Limpopo,ZA6,North West,2020-09-12,2020-09-12,26,26,26,8397471.362913003,3287556.498460297,464373,20200912,20200912,0.3322212084583728,0.5982309127294063,0.06954787881222096,0.47107489302560024,5527257.0,0.2828745421867569,0.6531826641385288,0.0639427936747143,0.5169154144355026,3885864.0,-0.020299216875639643,0.3333333333333333,-0.04677388157695324,0.1111111111111111,54.0,159.0,1,1,2,0,0,1,0,0,0
73870,ZA7,Gauteng,ZA6,North West,2020-09-12,2020-09-13,44,44,44,7011817.222948941,3190387.7561417115,1812842,20200912,20200913,0.22703936886350948,0.7223349844212468,0.050625646715243805,0.5123439321519871,14760167.0,0.2828745421867569,0.6531826641385288,0.0639427936747143,0.5169154144355026,3885864.0,0.6706237180439658,1.0,-0.04677388157695324,0.1111111111111111,345.0,125.0,1,1,2,0,0,1,0,0,0
73871,ZA8,Mpumalanga,ZA9,Limpopo,2020-09-12,2020-09-12,90,90,89,21824809.484346908,8520033.941675782,1501437,20200912,20200912,0.30219785415266165,0.6444398558234767,0.053362290023861565,0.4955341209781855,4547481.0,0.3322212084583728,0.5982309127294063,0.06954787881222096,0.47107489302560024,5527257.0,0.0523010419666447,0.4444444444444444,-0.020299216875639643,0.3333333333333333,140.0,54.0,1,1,2,0,0,1,0,0,0
73872,ZA1,Western Cape,ZA7,Gauteng,2020-09-12,2020-09-12,41,41,41,99428716.08322234,51741410.45935187,1182473,20200912,20200912,0.24146430881004144,0.6902282722160927,0.06830741897386587,0.4994387746892386,6898299.0,0.22703936886350948,0.7223349844212468,0.050625646715243805,0.5123439321519871,14760167.0,0.48495156727992644,0.8888888888888888,0.6706237180439658,1.0,231.0,345.0,1,1,2,0,0,1,0,0,0
73873,ZA5,KwaZulu-Natal,ZA7,Gauteng,2020-09-12,2020-09-30,1,1,1,546096.3963768932,546096.3963768932,1520720,20200912,20200930,0.3109682093283005,0.6320226943362347,0.05700909633546477,0.4797594466393526,10418811.0,0.22703936886350948,0.7223349844212468,0.050625646715243805,0.5123439321519871,14760167.0,0.07735186107982292,0.5555555555555556,0.6706237180439658,1.0,228.0,331.0,1,1,2,0,0,1,0,0,0
73874,ZA4,Free State,ZA3,Nothern Cape,2020-09-12,2020-09-12,24,24,24,13611523.22714797,5022594.05378803,553371,20200912,20200912,0.28114593899768064,0.6555271573171474,0.06332690368517199,0.4905192097314189,2663702.0,0.2905180543789262,0.6449880916225764,0.06449385399849747,0.5008080113808923,1251220.0,0.2248492570676798,0.7777777777777778,0.09958456723393624,0.6666666666666666,354.0,204.0,1,1,2,0,0,1,0,0,0
73875,ZA4,Free State,ZA6,North West,2020-09-12,2020-09-13,15,15,15,3674112.6858151658,1407743.7448595369,430218,20200912,20200913,0.28114593899768064,0.6555271573171474,0.06332690368517199,0.4905192097314189,2663702.0,0.2828745421867569,0.6531826641385288,0.0639427936747143,0.5169154144355026,3885864.0,0.2248492570676798,0.7777777777777778,-0.04677388157695324,0.1111111111111111,354.0,125.0,1,1,2,0,0,1,0,0,0
73876,ZA4,Free State,ZA5,KwaZulu-Natal,2020-09-12,2020-09-12,17,17,17,9664896.381852986,3975186.437743617,416780,20200912,20200912,0.28114593899768064,0.6555271573171474,0.06332690368517199,0.4905192097314189,2663702.0,0.3109682093283005,0.6320226943362347,0.05700909633546477,0.4797594466393526,10418811.0,0.2248492570676798,0.7777777777777778,0.07735186107982292,0.5555555555555556,354.0,228.0,1,1,2,0,0,1,0,0,0
73877,ZA1,Western Cape,ZA1,Western Cape,2020-09-12,2020-09-18,9,9,9,1840350.0701029776,964649.5388819596,4529730,20200912,20200918,0.24146430881004144,0.6902282722160927,0.06830741897386587,0.4994387746892386,6898299.0,0.24146430881004144,0.6902282722160927,0.06830741897386587,0.4994387746892386,6898299.0,0.48495156727992644,0.8888888888888888,0.48495156727992644,0.8888888888888888,231.0,162.0,1,1,2,0,0,1,0,0,0
73878,ZA9,Limpopo,ZA9,Limpopo,2020-09-12,2020-09-20,1,1,1,163968.58366264685,162989.11034044964,691161,20200912,20200920,0.3322212084583728,0.5982309127294063,0.06954787881222096,0.47107489302560024,5527257.0,0.3322212084583728,0.5982309127294063,0.06954787881222096,0.47107489302560024,5527257.0,-0.020299216875639643,0.3333333333333333,-0.020299216875639643,0.3333333333333333,54.0,45.0,1,1,2,0,0,1,0,0,0
73879,ZA3,Nothern Cape,ZA4,Free State,2020-09-12,2020-09-12,29,28,28,14218114.634678757,4381489.830990782,413430,20200912,20200912,0.2905180543789262,0.6449880916225764,0.06449385399849747,0.5008080113808923,1251220.0,0.28114593899768064,0.6555271573171474,0.06332690368517199,0.4905192097314189,2663702.0,0.09958456723393624,0.6666666666666666,0.2248492570676798,0.7777777777777778,204.0,354.0,1,1,2,0,0,1,0,0,0
73880,ZA9,Limpopo,ZA8,Mpumalanga,2020-09-12,2020-09-14,1,1,1,109419.1960974162,109336.0413519327,169724,20200912,20200914,0.3322212084583728,0.5982309127294063,0.06954787881222096,0.47107489302560024,5527257.0,0.30219785415266165,0.6444398558234767,0.053362290023861565,0.4955341209781855,4547481.0,-0.020299216875639643,0.3333333333333333,0.0523010419666447,0.4444444444444444,54.0,75.0,1,1,2,0,0,1,0,0,0
73881,ZA7,Gauteng,ZA1,Western Cape,2020-09-12,2020-09-13,7,7,7,11797638.49368584,8663702.615315177,517345,20200912,20200913,0.22703936886350948,0.7223349844212468,0.050625646715243805,0.5123439321519871,14760167.0,0.24146430881004144,0.6902282722160927,0.06830741897386587,0.4994387746892386,6898299.0,0.6706237180439658,1.0,0.48495156727992644,0.8888888888888888,345.0,152.0,1,1,2,0,0,1,0,0,0
73882,ZA7,Gauteng,ZA5,KwaZulu-Natal,2020-09-12,2020-09-24,1,1,1,1336267.454840557,574309.0031258035,1002063,20200912,20200924,0.22703936886350948,0.7223349844212468,0.050625646715243805,0.5123439321519871,14760167.0,0.3109682093283005,0.6320226943362347,0.05700909633546477,0.4797594466393526,10418811.0,0.6706237180439658,1.0,0.07735186107982292,0.5555555555555556,345.0,176.0,1,1,2,0,0,1,0,0,0
73883,ZA1,Western Cape,ZA1,Western Cape,2020-09-12,2020-09-26,7,7,7,1773551.5374613393,1217254.6905262775,8453004,20200912,20200926,0.24146430881004144,0.6902282722160927,0.06830741897386587,0.4994387746892386,6898299.0,0.24146430881004144,0.6902282722160927,0.06830741897386587,0.4994387746892386,6898299.0,0.48495156727992644,0.8888888888888888,0.48495156727992644,0.8888888888888888,231.0,71.0,1,1,2,0,0,1,0,0,0
73884,ZA2,Eastern Cape,ZA2,Eastern Cape,2020-09-12,2020-09-13,1534,1534,1534,65273870.35855556,23437361.547259573,60874728,20200912,20200913,0.32240858903092945,0.600977358291188,0.07661405267788246,0.47559015644122027,6510816.0,0.32240858903092945,0.600977358291188,0.07661405267788246,0.47559015644122027,6510816.0,-0.04666754827373582,0.2222222222222222,-0.04666754827373582,0.2222222222222222,101.0,92.0,1,1,2,0,0,1,0,0,0
73885,ZA4,Free State,ZA7,Gauteng,2020-09-12,2020-09-13,70,70,70,18862873.866791982,7709336.594018274,2888095,20200912,20200913,0.28114593899768064,0.6555271573171474,0.06332690368517199,0.4905192097314189,2663702.0,0.22703936886350948,0.7223349844212468,0.050625646715243805,0.5123439321519871,14760167.0,0.2248492570676798,0.7777777777777778,0.6706237180439658,1.0,354.0,309.0,1,1,2,0,0,1,0,0,0
73886,ZA7,Gauteng,ZA7,Gauteng,2020-09-12,2020-09-24,2,2,2,217265.86026088495,115603.8197885863,1986001,20200912,20200924,0.22703936886350948,0.7223349844212468,0.050625646715243805,0.5123439321519871,14760167.0,0.22703936886350948,0.7223349844212468,0.050625646715243805,0.5123439321519871,14760167.0,0.6706237180439658,1.0,0.6706237180439658,1.0,345.0,305.0,1,1,2,0,0,1,0,0,0
73887,ZA7,Gauteng,ZA7,Gauteng,2020-09-12,2020-09-12,93805,50685,38471,3403890357.2207217,1014868654.2679776,843824337,20200912,20200912,0.22703936886350948,0.7223349844212468,0.050625646715243805,0.5123439321519871,14760167.0,0.22703936886350948,0.7223349844212468,0.050625646715243805,0.5123439321519871,14760167.0,0.6706237180439658,1.0,0.6706237180439658,1.0,345.0,345.0,1,1,2,0,0,1,0,0,0
73888,ZA2,Eastern Cape,ZA2,Eastern Cape,2020-09-12,2020-09-30,5,5,5,1028148.9161037764,473851.4831030808,7625237,20200912,20200930,0.32240858903092945,0.600977358291188,0.07661405267788246,0.47559015644122027,6510816.0,0.32240858903092945,0.600977358291188,0.07661405267788246,0.47559015644122027,6510816.0,-0.04666754827373582,0.2222222222222222,-0.04666754827373582,0.2222222222222222,101.0,128.0,1,1,2,0,0,1,0,0,0
73889,ZA9,Limpopo,ZA7,Gauteng,2020-09-12,2020-09-24,3,3,3,801311.5619745748,391153.8076999069,2930982,20200912,20200924,0.3322212084583728,0.5982309127294063,0.06954787881222096,0.47107489302560024,5527257.0,0.22703936886350948,0.7223349844212468,0.050625646715243805,0.5123439321519871,14760167.0,-0.020299216875639643,0.3333333333333333,0.6706237180439658,1.0,54.0,305.0,1,1,2,0,0,1,0,0,0
73890,ZA8,Mpumalanga,ZA7,Gauteng,2020-09-12,2020-09-13,53,53,53,20487408.17193803,9173282.79569265,2984116,20200912,20200913,0.30219785415266165,0.6444398558234767,0.053362290023861565,0.4955341209781855,4547481.0,0.22703936886350948,0.7223349844212468,0.050625646715243805,0.5123439321519871,14760167.0,0.0523010419666447,0.4444444444444444,0.6706237180439658,1.0,140.0,309.0,1,1,2,0,0,1,0,0,0
73891,ZA3,Nothern Cape,ZA3,Nothern Cape,2020-09-12,2020-09-12,2528,1471,1126,239073074.97042108,47370811.95294416,24954132,20200912,20200912,0.2905180543789262,0.6449880916225764,0.06449385399849747,0.5008080113808923,1251220.0,0.2905180543789262,0.6449880916225764,0.06449385399849747,0.5008080113808923,1251220.0,0.09958456723393624,0.6666666666666666,0.09958456723393624,0.6666666666666666,204.0,204.0,1,1,2,0,0,1,0,0,0
73892,ZA5,KwaZulu-Natal,ZA2,Eastern Cape,2020-09-12,2020-09-12,27,27,25,13099628.266139202,4246196.888189497,575942,20200912,20200912,0.3109682093283005,0.6320226943362347,0.05700909633546477,0.4797594466393526,10418811.0,0.32240858903092945,0.600977358291188,0.07661405267788246,0.47559015644122027,6510816.0,0.07735186107982292,0.5555555555555556,-0.04666754827373582,0.2222222222222222,228.0,101.0,1,1,2,0,0,1,0,0,0
73893,ZA7,Gauteng,ZA6,North West,2020-09-12,2020-09-12,870,865,857,145819256.3184855,64656109.38708519,19203205,20200912,20200912,0.22703936886350948,0.7223349844212468,0.050625646715243805,0.5123439321519871,14760167.0,0.2828745421867569,0.6531826641385288,0.0639427936747143,0.5169154144355026,3885864.0,0.6706237180439658,1.0,-0.04677388157695324,0.1111111111111111,345.0,159.0,1,1,2,0,0,1,0,0,0
73894,ZA7,Gauteng,ZA4,Free State,2020-09-12,2020-09-17,2,2,2,1680599.657775728,379526.61914062535,891652,20200912,20200917,0.22703936886350948,0.7223349844212468,0.050625646715243805,0.5123439321519871,14760167.0,0.28114593899768064,0.6555271573171474,0.06332690368517199,0.4905192097314189,2663702.0,0.6706237180439658,1.0,0.2248492570676798,0.7777777777777778,345.0,439.0,1,1,2,0,0,1,0,0,0
73895,ZA1,Western Cape,ZA1,Western Cape,2020-09-12,2020-09-30,3,3,3,811572.26673319,567692.4207072115,4651676,20200912,20200930,0.24146430881004144,0.6902282722160927,0.06830741897386587,0.4994387746892386,6898299.0,0.24146430881004144,0.6902282722160927,0.06830741897386587,0.4994387746892386,6898299.0,0.48495156727992644,0.8888888888888888,0.48495156727992644,0.8888888888888888,231.0,198.0,1,1,2,0,0,1,0,0,0
73896,ZA8,Mpumalanga,ZA4,Free State,2020-09-12,2020-09-12,7,7,7,4920923.457320858,2314635.274650913,186852,20200912,20200912,0.30219785415266165,0.6444398558234767,0.053362290023861565,0.4955341209781855,4547481.0,0.28114593899768064,0.6555271573171474,0.06332690368517199,0.4905192097314189,2663702.0,0.0523010419666447,0.4444444444444444,0.2248492570676798,0.7777777777777778,140.0,354.0,1,1,2,0,0,1,0,0,0
73897,ZA6,North West,ZA6,North West,2020-09-12,2020-09-13,905,904,904,33001252.297641,10662857.423848944,35984550,20200912,20200913,0.2828745421867569,0.6531826641385288,0.0639427936747143,0.5169154144355026,3885864.0,0.2828745421867569,0.6531826641385288,0.0639427936747143,0.5169154144355026,3885864.0,-0.04677388157695324,0.1111111111111111,-0.04677388157695324,0.1111111111111111,159.0,125.0,1,1,2,0,0,1,0,0,0
73898,ZA6,North West,ZA8,Mpumalanga,2020-09-12,2020-09-13,5,5,5,1707096.6369779124,1003589.6897164744,281453,20200912,20200913,0.2828745421867569,0.6531826641385288,0.0639427936747143,0.5169154144355026,3885864.0,0.30219785415266165,0.6444398558234767,0.053362290023861565,0.4955341209781855,4547481.0,-0.04677388157695324,0.1111111111111111,0.0523010419666447,0.4444444444444444,159.0,70.0,1,1,2,0,0,1,0,0,0
73899,ZA9,Limpopo,ZA7,Gauteng,2020-09-12,2020-09-30,2,2,2,602679.3210254309,287333.28231640346,3091628,20200912,20200930,0.3322212084583728,0.5982309127294063,0.06954787881222096,0.47107489302560024,5527257.0,0.22703936886350948,0.7223349844212468,0.050625646715243805,0.5123439321519871,14760167.0,-0.020299216875639643,0.3333333333333333,0.6706237180439658,1.0,54.0,331.0,1,1,2,0,0,1,0,0,0
73900,ZA8,Mpumalanga,ZA5,KwaZulu-Natal,2020-09-12,2020-09-12,16,16,15,9357680.670100022,4251397.34404684,331009,20200912,20200912,0.30219785415266165,0.6444398558234767,0.053362290023861565,0.4955341209781855,4547481.0,0.3109682093283005,0.6320226943362347,0.05700909633546477,0.4797594466393526,10418811.0,0.0523010419666447,0.4444444444444444,0.07735186107982292,0.5555555555555556,140.0,228.0,1,1,2,0,0,1,0,0,0
73901,ZA7,Gauteng,ZA8,Mpumalanga,2020-09-12,2020-09-12,365,364,362,108942438.77571884,49186702.48839174,8134266,20200912,20200912,0.22703936886350948,0.7223349844212468,0.050625646715243805,0.5123439321519871,14760167.0,0.30219785415266165,0.6444398558234767,0.053362290023861565,0.4955341209781855,4547481.0,0.6706237180439658,1.0,0.0523010419666447,0.4444444444444444,345.0,140.0,1,1,2,0,0,1,0,0,0
73902,ZA7,Gauteng,ZA9,Limpopo,2020-09-12,2020-09-13,8,8,8,4495173.236901915,2622021.5873288023,509085,20200912,20200913,0.22703936886350948,0.7223349844212468,0.050625646715243805,0.5123439321519871,14760167.0,0.3322212084583728,0.5982309127294063,0.06954787881222096,0.47107489302560024,5527257.0,0.6706237180439658,1.0,-0.020299216875639643,0.3333333333333333,345.0,70.0,1,1,2,0,0,1,0,0,0
73903,ZA3,Nothern Cape,ZA9,Limpopo,2020-09-12,2020-09-12,3,3,3,7635931.309437622,1997598.7867747727,91488,20200912,20200912,0.2905180543789262,0.6449880916225764,0.06449385399849747,0.5008080113808923,1251220.0,0.3322212084583728,0.5982309127294063,0.06954787881222096,0.47107489302560024,5527257.0,0.09958456723393624,0.6666666666666666,-0.020299216875639643,0.3333333333333333,204.0,54.0,1,1,2,0,0,1,0,0,0
73904,ZA1,Western Cape,,,2020-09-12,2020-09-12,50,48,46,8373391.918155143,2137990.8406394348,444997,20200912,20200912,0.24146430881004144,0.6902282722160927,0.06830741897386587,0.4994387746892386,6898299.0,,,,,,0.48495156727992644,0.8888888888888888,,,231.0,,1,1,2,0,0,1,0,0,0
73906,ZA7,Gauteng,ZA4,Free State,2020-09-12,2020-09-13,32,32,32,6505638.304858882,3466550.67233797,1480362,20200912,20200913,0.22703936886350948,0.7223349844212468,0.050625646715243805,0.5123439321519871,14760167.0,0.28114593899768064,0.6555271573171474,0.06332690368517199,0.4905192097314189,2663702.0,0.6706237180439658,1.0,0.2248492570676798,0.7777777777777778,345.0,271.0,1,1,2,0,0,1,0,0,0
73907,ZA4,Free State,ZA2,Eastern Cape,2020-09-12,2020-09-16,1,1,1,311969.518455666,157756.1325944277,383644,20200912,20200916,0.28114593899768064,0.6555271573171474,0.06332690368517199,0.4905192097314189,2663702.0,0.32240858903092945,0.600977358291188,0.07661405267788246,0.47559015644122027,6510816.0,0.2248492570676798,0.7777777777777778,-0.04666754827373582,0.2222222222222222,354.0,150.0,1,1,2,0,0,1,0,0,0
73908,ZA9,Limpopo,ZA9,Limpopo,2020-09-12,2020-09-14,8,8,8,3333582.892143404,559239.590546249,1235621,20200912,20200914,0.3322212084583728,0.5982309127294063,0.06954787881222096,0.47107489302560024,5527257.0,0.3322212084583728,0.5982309127294063,0.06954787881222096,0.47107489302560024,5527257.0,-0.020299216875639643,0.3333333333333333,-0.020299216875639643,0.3333333333333333,54.0,33.0,1,1,2,0,0,1,0,0,0
73909,ZA8,Mpumalanga,ZA7,Gauteng,2020-09-12,2020-09-24,2,2,2,375376.01821909245,375305.1786743873,1978530,20200912,20200924,0.30219785415266165,0.6444398558234767,0.053362290023861565,0.4955341209781855,4547481.0,0.22703936886350948,0.7223349844212468,0.050625646715243805,0.5123439321519871,14760167.0,0.0523010419666447,0.4444444444444444,0.6706237180439658,1.0,140.0,305.0,1,1,2,0,0,1,0,0,0
73910,ZA7,Gauteng,ZA8,Mpumalanga,2020-09-12,2020-09-17,3,3,3,1859778.96084122,746426.0974745996,1236969,20200912,20200917,0.22703936886350948,0.7223349844212468,0.050625646715243805,0.5123439321519871,14760167.0,0.30219785415266165,0.6444398558234767,0.053362290023861565,0.4955341209781855,4547481.0,0.6706237180439658,1.0,0.0523010419666447,0.4444444444444444,345.0,118.0,1,1,2,0,0,1,0,0,0
73911,ZA7,Gauteng,ZA8,Mpumalanga,2020-09-12,2020-09-24,1,1,1,586985.3361322447,291795.80657566164,1068950,20200912,20200924,0.22703936886350948,0.7223349844212468,0.050625646715243805,0.5123439321519871,14760167.0,0.30219785415266165,0.6444398558234767,0.053362290023861565,0.4955341209781855,4547481.0,0.6706237180439658,1.0,0.0523010419666447,0.4444444444444444,345.0,130.0,1,1,2,0,0,1,0,0,0
73912,ZA4,Free State,ZA1,Western Cape,2020-09-12,2020-09-12,11,11,11,23746599.216520544,9147300.173850512,399390,20200912,20200912,0.28114593899768064,0.6555271573171474,0.06332690368517199,0.4905192097314189,2663702.0,0.24146430881004144,0.6902282722160927,0.06830741897386587,0.4994387746892386,6898299.0,0.2248492570676798,0.7777777777777778,0.48495156727992644,0.8888888888888888,354.0,231.0,1,1,2,0,0,1,0,0,0
73913,ZA3,Nothern Cape,ZA6,North West,2020-09-12,2020-09-13,5,5,5,4753303.436458247,2036590.942682505,361910,20200912,20200913,0.2905180543789262,0.6449880916225764,0.06449385399849747,0.5008080113808923,1251220.0,0.2828745421867569,0.6531826641385288,0.0639427936747143,0.5169154144355026,3885864.0,0.09958456723393624,0.6666666666666666,-0.04677388157695324,0.1111111111111111,204.0,125.0,1,1,2,0,0,1,0,0,0
73915,ZA9,Limpopo,ZA3,Nothern Cape,2020-09-12,2020-09-12,1,1,1,1171611.0473714827,842531.6777009134,40461,20200912,20200912,0.3322212084583728,0.5982309127294063,0.06954787881222096,0.47107489302560024,5527257.0,0.2905180543789262,0.6449880916225764,0.06449385399849747,0.5008080113808923,1251220.0,-0.020299216875639643,0.3333333333333333,0.09958456723393624,0.6666666666666666,54.0,204.0,1,1,2,0,0,1,0,0,0
73916,ZA6,North West,ZA5,KwaZulu-Natal,2020-09-12,2020-09-12,3,3,3,3625251.587234501,1791353.268195595,143684,20200912,20200912,0.2828745421867569,0.6531826641385288,0.0639427936747143,0.5169154144355026,3885864.0,0.3109682093283005,0.6320226943362347,0.05700909633546477,0.4797594466393526,10418811.0,-0.04677388157695324,0.1111111111111111,0.07735186107982292,0.5555555555555556,159.0,228.0,1,1,2,0,0,1,0,0,0
73917,ZA8,Mpumalanga,ZA5,KwaZulu-Natal,2020-09-12,2020-09-14,1,1,1,1441640.4079234086,613159.0861675184,117369,20200912,20200914,0.30219785415266165,0.6444398558234767,0.053362290023861565,0.4955341209781855,4547481.0,0.3109682093283005,0.6320226943362347,0.05700909633546477,0.4797594466393526,10418811.0,0.0523010419666447,0.4444444444444444,0.07735186107982292,0.5555555555555556,140.0,124.0,1,1,2,0,0,1,0,0,0
73918,ZA3,Nothern Cape,ZA4,Free State,2020-09-12,2020-09-13,6,6,6,4370751.217310435,1311814.834977778,396324,20200912,20200913,0.2905180543789262,0.6449880916225764,0.06449385399849747,0.5008080113808923,1251220.0,0.28114593899768064,0.6555271573171474,0.06332690368517199,0.4905192097314189,2663702.0,0.09958456723393624,0.6666666666666666,0.2248492570676798,0.7777777777777778,204.0,271.0,1,1,2,0,0,1,0,0,0
73919,ZA5,KwaZulu-Natal,ZA8,Mpumalanga,2020-09-12,2020-09-12,21,21,21,14682250.381748851,5545462.302126534,551910,20200912,20200912,0.3109682093283005,0.6320226943362347,0.05700909633546477,0.4797594466393526,10418811.0,0.30219785415266165,0.6444398558234767,0.053362290023861565,0.4955341209781855,4547481.0,0.07735186107982292,0.5555555555555556,0.0523010419666447,0.4444444444444444,228.0,140.0,1,1,2,0,0,1,0,0,0
73920,ZA5,KwaZulu-Natal,ZA5,KwaZulu-Natal,2020-09-12,2020-09-23,2,2,2,626892.9271024683,286117.4314009383,1855760,20200912,20200923,0.3109682093283005,0.6320226943362347,0.05700909633546477,0.4797594466393526,10418811.0,0.3109682093283005,0.6320226943362347,0.05700909633546477,0.4797594466393526,10418811.0,0.07735186107982292,0.5555555555555556,0.07735186107982292,0.5555555555555556,228.0,202.0,1,1,2,0,0,1,0,0,0
73921,ZA7,Gauteng,ZA3,Nothern Cape,2020-09-12,2020-09-22,1,1,1,1740805.4884961622,821147.4740474153,886746,20200912,20200922,0.22703936886350948,0.7223349844212468,0.050625646715243805,0.5123439321519871,14760167.0,0.2905180543789262,0.6449880916225764,0.06449385399849747,0.5008080113808923,1251220.0,0.6706237180439658,1.0,0.09958456723393624,0.6666666666666666,345.0,117.0,1,1,2,0,0,1,0,0,0
73922,ZA1,Western Cape,ZA8,Mpumalanga,2020-09-12,2020-09-12,2,2,2,3952959.3965898906,2761208.1010689884,90615,20200912,20200912,0.24146430881004144,0.6902282722160927,0.06830741897386587,0.4994387746892386,6898299.0,0.30219785415266165,0.6444398558234767,0.053362290023861565,0.4955341209781855,4547481.0,0.48495156727992644,0.8888888888888888,0.0523010419666447,0.4444444444444444,231.0,140.0,1,1,2,0,0,1,0,0,0
73923,ZA8,Mpumalanga,ZA8,Mpumalanga,2020-09-12,2020-09-20,2,2,2,978314.675120268,271692.795817728,1390947,20200912,20200920,0.30219785415266165,0.6444398558234767,0.053362290023861565,0.4955341209781855,4547481.0,0.30219785415266165,0.6444398558234767,0.053362290023861565,0.4955341209781855,4547481.0,0.0523010419666447,0.4444444444444444,0.0523010419666447,0.4444444444444444,140.0,90.0,1,1,2,0,0,1,0,0,0
73924,ZA3,Nothern Cape,ZA7,Gauteng,2020-09-12,2020-09-29,2,2,2,1724621.942158984,1040439.2286721132,2903831,20200912,20200929,0.2905180543789262,0.6449880916225764,0.06449385399849747,0.5008080113808923,1251220.0,0.22703936886350948,0.7223349844212468,0.050625646715243805,0.5123439321519871,14760167.0,0.09958456723393624,0.6666666666666666,0.6706237180439658,1.0,204.0,171.0,1,1,2,0,0,1,0,0,0
73925,ZA9,Limpopo,ZA7,Gauteng,2020-09-12,2020-09-14,2,2,2,1083429.3819398982,777523.2055623916,307725,20200912,20200914,0.3322212084583728,0.5982309127294063,0.06954787881222096,0.47107489302560024,5527257.0,0.22703936886350948,0.7223349844212468,0.050625646715243805,0.5123439321519871,14760167.0,-0.020299216875639643,0.3333333333333333,0.6706237180439658,1.0,54.0,167.0,1,1,2,0,0,1,0,0,0
73926,ZA7,Gauteng,ZA6,North West,2020-09-12,2020-09-21,2,2,2,498130.9942315948,278063.7102172344,1605803,20200912,20200921,0.22703936886350948,0.7223349844212468,0.050625646715243805,0.5123439321519871,14760167.0,0.2828745421867569,0.6531826641385288,0.0639427936747143,0.5169154144355026,3885864.0,0.6706237180439658,1.0,-0.04677388157695324,0.1111111111111111,345.0,16.0,1,1,2,0,0,1,0,0,0
73927,ZA2,Eastern Cape,ZA4,Free State,2020-09-12,2020-09-12,13,13,13,10919251.1890052,4003763.0976372217,400699,20200912,20200912,0.32240858903092945,0.600977358291188,0.07661405267788246,0.47559015644122027,6510816.0,0.28114593899768064,0.6555271573171474,0.06332690368517199,0.4905192097314189,2663702.0,-0.04666754827373582,0.2222222222222222,0.2248492570676798,0.7777777777777778,101.0,354.0,1,1,2,0,0,1,0,0,0
73928,ZA5,KwaZulu-Natal,ZA5,KwaZulu-Natal,2020-09-12,2020-09-14,17,17,17,4404955.99941546,2010780.611793648,2656222,20200912,20200914,0.3109682093283005,0.6320226943362347,0.05700909633546477,0.4797594466393526,10418811.0,0.3109682093283005,0.6320226943362347,0.05700909633546477,0.4797594466393526,10418811.0,0.07735186107982292,0.5555555555555556,0.07735186107982292,0.5555555555555556,228.0,124.0,1,1,2,0,0,1,0,0,0
73929,ZA5,KwaZulu-Natal,ZA5,KwaZulu-Natal,2020-09-12,2020-09-27,4,4,4,472996.5615292443,252606.2143484908,5228602,20200912,20200927,0.3109682093283005,0.6320226943362347,0.05700909633546477,0.4797594466393526,10418811.0,0.3109682093283005,0.6320226943362347,0.05700909633546477,0.4797594466393526,10418811.0,0.07735186107982292,0.5555555555555556,0.07735186107982292,0.5555555555555556,228.0,123.0,1,1,2,0,0,1,0,0,0
73930,ZA5,KwaZulu-Natal,ZA1,Western Cape,2020-09-12,2020-09-12,10,10,10,21484926.939872567,12774100.987818532,270977,20200912,20200912,0.3109682093283005,0.6320226943362347,0.05700909633546477,0.4797594466393526,10418811.0,0.24146430881004144,0.6902282722160927,0.06830741897386587,0.4994387746892386,6898299.0,0.07735186107982292,0.5555555555555556,0.48495156727992644,0.8888888888888888,228.0,231.0,1,1,2,0,0,1,0,0,0
73931,ZA2,Eastern Cape,ZA2,Eastern Cape,2020-09-12,2020-09-16,4,4,4,1417674.5533277409,423469.6499529978,1402764,20200912,20200916,0.32240858903092945,0.600977358291188,0.07661405267788246,0.47559015644122027,6510816.0,0.32240858903092945,0.600977358291188,0.07661405267788246,0.47559015644122027,6510816.0,-0.04666754827373582,0.2222222222222222,-0.04666754827373582,0.2222222222222222,101.0,150.0,1,1,2,0,0,1,0,0,0
73932,ZA7,Gauteng,ZA6,North West,2020-09-12,2020-09-26,1,1,1,48791.99578773813,43760.556578453776,1213464,20200912,20200926,0.22703936886350948,0.7223349844212468,0.050625646715243805,0.5123439321519871,14760167.0,0.2828745421867569,0.6531826641385288,0.0639427936747143,0.5169154144355026,3885864.0,0.6706237180439658,1.0,-0.04677388157695324,0.1111111111111111,345.0,82.0,1,1,2,0,0,1,0,0,0
73933,ZA2,Eastern Cape,ZA2,Eastern Cape,2020-09-12,2020-09-15,5,5,5,3786472.827130842,2453280.4450499504,1225930,20200912,20200915,0.32240858903092945,0.600977358291188,0.07661405267788246,0.47559015644122027,6510816.0,0.32240858903092945,0.600977358291188,0.07661405267788246,0.47559015644122027,6510816.0,-0.04666754827373582,0.2222222222222222,-0.04666754827373582,0.2222222222222222,101.0,57.0,1,1,2,0,0,1,0,0,0
73934,ZA7,Gauteng,ZA8,Mpumalanga,2020-09-12,2020-09-26,4,4,4,2919893.834064462,2572906.948820386,4828218,20200912,20200926,0.22703936886350948,0.7223349844212468,0.050625646715243805,0.5123439321519871,14760167.0,0.30219785415266165,0.6444398558234767,0.053362290023861565,0.4955341209781855,4547481.0,0.6706237180439658,1.0,0.0523010419666447,0.4444444444444444,345.0,20.0,1,1,2,0,0,1,0,0,0
73935,ZA1,Western Cape,,,2020-09-12,2020-09-14,1,1,1,2739232.268057621,1275657.404549068,126502,20200912,20200914,0.24146430881004144,0.6902282722160927,0.06830741897386587,0.4994387746892386,6898299.0,,,,,,0.48495156727992644,0.8888888888888888,,,231.0,,1,1,2,0,0,1,0,0,0
73936,ZA1,Western Cape,ZA7,Gauteng,2020-09-12,2020-09-18,2,2,2,4489549.372651304,2489620.560398356,1025403,20200912,20200918,0.24146430881004144,0.6902282722160927,0.06830741897386587,0.4994387746892386,6898299.0,0.22703936886350948,0.7223349844212468,0.050625646715243805,0.5123439321519871,14760167.0,0.48495156727992644,0.8888888888888888,0.6706237180439658,1.0,231.0,449.0,1,1,2,0,0,1,0,0,0
73937,ZA8,Mpumalanga,ZA6,North West,2020-09-12,2020-09-14,1,1,1,668537.9636972093,484260.7317927062,204985,20200912,20200914,0.30219785415266165,0.6444398558234767,0.053362290023861565,0.4955341209781855,4547481.0,0.2828745421867569,0.6531826641385288,0.0639427936747143,0.5169154144355026,3885864.0,0.0523010419666447,0.4444444444444444,-0.04677388157695324,0.1111111111111111,140.0,43.0,1,1,2,0,0,1,0,0,0
73938,ZA9,Limpopo,ZA8,Mpumalanga,2020-09-12,2020-09-13,16,16,16,4479684.312189779,2398759.4929611827,699274,20200912,20200913,0.3322212084583728,0.5982309127294063,0.06954787881222096,0.47107489302560024,5527257.0,0.30219785415266165,0.6444398558234767,0.053362290023861565,0.4955341209781855,4547481.0,-0.020299216875639643,0.3333333333333333,0.0523010419666447,0.4444444444444444,54.0,70.0,1,1,2,0,0,1,0,0,0
73939,ZA5,KwaZulu-Natal,ZA5,KwaZulu-Natal,2020-09-12,2020-09-15,3,3,3,560113.4634103532,336276.7318504748,781717,20200912,20200915,0.3109682093283005,0.6320226943362347,0.05700909633546477,0.4797594466393526,10418811.0,0.3109682093283005,0.6320226943362347,0.05700909633546477,0.4797594466393526,10418811.0,0.07735186107982292,0.5555555555555556,0.07735186107982292,0.5555555555555556,228.0,161.0,1,1,2,0,0,1,0,0,0
73940,ZA1,Western Cape,ZA4,Free State,2020-09-12,2020-09-13,3,3,3,6089513.423202965,2891154.1296538697,202424,20200912,20200913,0.24146430881004144,0.6902282722160927,0.06830741897386587,0.4994387746892386,6898299.0,0.28114593899768064,0.6555271573171474,0.06332690368517199,0.4905192097314189,2663702.0,0.48495156727992644,0.8888888888888888,0.2248492570676798,0.7777777777777778,231.0,271.0,1,1,2,0,0,1,0,0,0
73941,ZA6,North West,ZA8,Mpumalanga,2020-09-12,2020-09-12,8,8,8,4258995.02870506,1939446.8841209728,217303,20200912,20200912,0.2828745421867569,0.6531826641385288,0.0639427936747143,0.5169154144355026,3885864.0,0.30219785415266165,0.6444398558234767,0.053362290023861565,0.4955341209781855,4547481.0,-0.04677388157695324,0.1111111111111111,0.0523010419666447,0.4444444444444444,159.0,140.0,1,1,2,0,0,1,0,0,0
73942,ZA2,Eastern Cape,ZA2,Eastern Cape,2020-09-12,2020-09-26,3,3,3,563369.409131759,563369.409131759,3571608,20200912,20200926,0.32240858903092945,0.600977358291188,0.07661405267788246,0.47559015644122027,6510816.0,0.32240858903092945,0.600977358291188,0.07661405267788246,0.47559015644122027,6510816.0,-0.04666754827373582,0.2222222222222222,-0.04666754827373582,0.2222222222222222,101.0,96.0,1,1,2,0,0,1,0,0,0
73943,ZA1,Western Cape,ZA2,Eastern Cape,2020-09-12,2020-09-29,1,1,1,887003.8555994862,887003.8555994862,1480530,20200912,20200929,0.24146430881004144,0.6902282722160927,0.06830741897386587,0.4994387746892386,6898299.0,0.32240858903092945,0.600977358291188,0.07661405267788246,0.47559015644122027,6510816.0,0.48495156727992644,0.8888888888888888,-0.04666754827373582,0.2222222222222222,231.0,101.0,1,1,2,0,0,1,0,0,0
73944,ZA5,KwaZulu-Natal,ZA7,Gauteng,2020-09-12,2020-09-20,1,1,1,1005984.0696592444,489512.7405284474,693618,20200912,20200920,0.3109682093283005,0.6320226943362347,0.05700909633546477,0.4797594466393526,10418811.0,0.22703936886350948,0.7223349844212468,0.050625646715243805,0.5123439321519871,14760167.0,0.07735186107982292,0.5555555555555556,0.6706237180439658,1.0,228.0,254.0,1,1,2,0,0,1,0,0,0
73945,ZA1,Western Cape,ZA1,Western Cape,2020-09-12,2020-09-17,4,4,4,2735543.245008448,733351.3869375661,1678837,20200912,20200917,0.24146430881004144,0.6902282722160927,0.06830741897386587,0.4994387746892386,6898299.0,0.24146430881004144,0.6902282722160927,0.06830741897386587,0.4994387746892386,6898299.0,0.48495156727992644,0.8888888888888888,0.48495156727992644,0.8888888888888888,231.0,228.0,1,1,2,0,0,1,0,0,0
73946,ZA1,Western Cape,ZA2,Eastern Cape,2020-09-12,2020-09-20,1,1,1,1379309.250138316,716407.6339784976,658305,20200912,20200920,0.24146430881004144,0.6902282722160927,0.06830741897386587,0.4994387746892386,6898299.0,0.32240858903092945,0.600977358291188,0.07661405267788246,0.47559015644122027,6510816.0,0.48495156727992644,0.8888888888888888,-0.04666754827373582,0.2222222222222222,231.0,130.0,1,1,2,0,0,1,0,0,0
73947,ZA7,Gauteng,ZA4,Free State,2020-09-12,2020-09-24,2,2,2,988009.4767548486,493985.8143372911,2089950,20200912,20200924,0.22703936886350948,0.7223349844212468,0.050625646715243805,0.5123439321519871,14760167.0,0.28114593899768064,0.6555271573171474,0.06332690368517199,0.4905192097314189,2663702.0,0.6706237180439658,1.0,0.2248492570676798,0.7777777777777778,345.0,410.0,1,1,2,0,0,1,0,0,0
73948,ZA5,KwaZulu-Natal,,,2020-09-12,2020-09-19,1,1,1,110726.02753363264,110726.02753363264,563509,20200912,20200919,0.3109682093283005,0.6320226943362347,0.05700909633546477,0.4797594466393526,10418811.0,,,,,,0.07735186107982292,0.5555555555555556,,,228.0,,1,1,2,0,0,1,0,0,0
73949,ZA5,KwaZulu-Natal,ZA5,KwaZulu-Natal,2020-09-12,2020-09-24,6,6,6,2127265.8591016363,1031160.2605533028,6097523,20200912,20200924,0.3109682093283005,0.6320226943362347,0.05700909633546477,0.4797594466393526,10418811.0,0.3109682093283005,0.6320226943362347,0.05700909633546477,0.4797594466393526,10418811.0,0.07735186107982292,0.5555555555555556,0.07735186107982292,0.5555555555555556,228.0,176.0,1,1,2,0,0,1,0,0,0
73950,ZA1,Western Cape,ZA5,KwaZulu-Natal,2020-09-12,2020-09-16,1,1,1,3138883.9035611707,1274826.498095951,419037,20200912,20200916,0.24146430881004144,0.6902282722160927,0.06830741897386587,0.4994387746892386,6898299.0,0.3109682093283005,0.6320226943362347,0.05700909633546477,0.4797594466393526,10418811.0,0.48495156727992644,0.8888888888888888,0.07735186107982292,0.5555555555555556,231.0,236.0,1,1,2,0,0,1,0,0,0
73951,ZA1,Western Cape,ZA4,Free State,2020-09-12,2020-09-12,9,9,9,19625831.412172303,7875125.77341221,310144,20200912,20200912,0.24146430881004144,0.6902282722160927,0.06830741897386587,0.4994387746892386,6898299.0,0.28114593899768064,0.6555271573171474,0.06332690368517199,0.4905192097314189,2663702.0,0.48495156727992644,0.8888888888888888,0.2248492570676798,0.7777777777777778,231.0,354.0,1,1,2,0,0,1,0,0,0
73952,ZA9,Limpopo,ZA1,Western Cape,2020-09-12,2020-09-13,1,1,1,3000127.418771549,1406337.7780866737,86443,20200912,20200913,0.3322212084583728,0.5982309127294063,0.06954787881222096,0.47107489302560024,5527257.0,0.24146430881004144,0.6902282722160927,0.06830741897386587,0.4994387746892386,6898299.0,-0.020299216875639643,0.3333333333333333,0.48495156727992644,0.8888888888888888,54.0,152.0,1,1,2,0,0,1,0,0,0
73953,ZA1,Western Cape,ZA2,Eastern Cape,2020-09-12,2020-09-17,2,2,2,519017.87845989503,519017.87845989503,907793,20200912,20200917,0.24146430881004144,0.6902282722160927,0.06830741897386587,0.4994387746892386,6898299.0,0.32240858903092945,0.600977358291188,0.07661405267788246,0.47559015644122027,6510816.0,0.48495156727992644,0.8888888888888888,-0.04666754827373582,0.2222222222222222,231.0,113.0,1,1,2,0,0,1,0,0,0
73954,ZA9,Limpopo,ZA6,North West,2020-09-12,2020-09-13,3,3,3,1011930.3147569336,630494.8024450698,170229,20200912,20200913,0.3322212084583728,0.5982309127294063,0.06954787881222096,0.47107489302560024,5527257.0,0.2828745421867569,0.6531826641385288,0.0639427936747143,0.5169154144355026,3885864.0,-0.020299216875639643,0.3333333333333333,-0.04677388157695324,0.1111111111111111,54.0,125.0,1,1,2,0,0,1,0,0,0
73955,ZA5,KwaZulu-Natal,ZA9,Limpopo,2020-09-12,2020-09-12,4,4,4,6166324.3024376165,2155477.382669397,161694,20200912,20200912,0.3109682093283005,0.6320226943362347,0.05700909633546477,0.4797594466393526,10418811.0,0.3322212084583728,0.5982309127294063,0.06954787881222096,0.47107489302560024,5527257.0,0.07735186107982292,0.5555555555555556,-0.020299216875639643,0.3333333333333333,228.0,54.0,1,1,2,0,0,1,0,0,0
73956,ZA7,Gauteng,ZA2,Eastern Cape,2020-09-12,2020-09-30,1,1,1,895841.6815725764,895803.423100215,1602904,20200912,20200930,0.22703936886350948,0.7223349844212468,0.050625646715243805,0.5123439321519871,14760167.0,0.32240858903092945,0.600977358291188,0.07661405267788246,0.47559015644122027,6510816.0,0.6706237180439658,1.0,-0.04666754827373582,0.2222222222222222,345.0,128.0,1,1,2,0,0,1,0,0,0
73957,ZA3,Nothern Cape,ZA3,Nothern Cape,2020-09-12,2020-09-14,4,4,4,6674756.88562292,2461680.0182527043,563150,20200912,20200914,0.2905180543789262,0.6449880916225764,0.06449385399849747,0.5008080113808923,1251220.0,0.2905180543789262,0.6449880916225764,0.06449385399849747,0.5008080113808923,1251220.0,0.09958456723393624,0.6666666666666666,0.09958456723393624,0.6666666666666666,204.0,173.0,1,1,2,0,0,1,0,0,0
73958,ZA2,Eastern Cape,ZA7,Gauteng,2020-09-12,2020-09-16,2,2,2,2145865.092617304,1449218.8300012243,659882,20200912,20200916,0.32240858903092945,0.600977358291188,0.07661405267788246,0.47559015644122027,6510816.0,0.22703936886350948,0.7223349844212468,0.050625646715243805,0.5123439321519871,14760167.0,-0.04666754827373582,0.2222222222222222,0.6706237180439658,1.0,101.0,417.0,1,1,2,0,0,1,0,0,0
73959,ZA9,Limpopo,ZA7,Gauteng,2020-09-12,2020-09-22,3,3,3,1272449.7064112732,765208.5654493026,2553427,20200912,20200922,0.3322212084583728,0.5982309127294063,0.06954787881222096,0.47107489302560024,5527257.0,0.22703936886350948,0.7223349844212468,0.050625646715243805,0.5123439321519871,14760167.0,-0.020299216875639643,0.3333333333333333,0.6706237180439658,1.0,54.0,274.0,1,1,2,0,0,1,0,0,0
73960,ZA1,Western Cape,ZA4,Free State,2020-09-12,2020-09-24,1,1,1,844621.13206125,823616.4360085235,1030949,20200912,20200924,0.24146430881004144,0.6902282722160927,0.06830741897386587,0.4994387746892386,6898299.0,0.28114593899768064,0.6555271573171474,0.06332690368517199,0.4905192097314189,2663702.0,0.48495156727992644,0.8888888888888888,0.2248492570676798,0.7777777777777778,231.0,410.0,1,1,2,0,0,1,0,0,0
73961,ZA8,Mpumalanga,ZA9,Limpopo,2020-09-12,2020-09-26,3,3,3,999621.0367431352,499809.39431092446,3640293,20200912,20200926,0.30219785415266165,0.6444398558234767,0.053362290023861565,0.4955341209781855,4547481.0,0.3322212084583728,0.5982309127294063,0.06954787881222096,0.47107489302560024,5527257.0,0.0523010419666447,0.4444444444444444,-0.020299216875639643,0.3333333333333333,140.0,52.0,1,1,2,0,0,1,0,0,0
73962,ZA5,KwaZulu-Natal,ZA6,North West,2020-09-12,2020-09-12,6,6,6,7135647.115160525,3430703.6015934013,174954,20200912,20200912,0.3109682093283005,0.6320226943362347,0.05700909633546477,0.4797594466393526,10418811.0,0.2828745421867569,0.6531826641385288,0.0639427936747143,0.5169154144355026,3885864.0,0.07735186107982292,0.5555555555555556,-0.04677388157695324,0.1111111111111111,228.0,159.0,1,1,2,0,0,1,0,0,0
73963,ZA7,Gauteng,ZA5,KwaZulu-Natal,2020-09-12,2020-09-17,3,3,3,2552701.1787654217,1644609.0175009293,1294846,20200912,20200917,0.22703936886350948,0.7223349844212468,0.050625646715243805,0.5123439321519871,14760167.0,0.3109682093283005,0.6320226943362347,0.05700909633546477,0.4797594466393526,10418811.0,0.6706237180439658,1.0,0.07735186107982292,0.5555555555555556,345.0,237.0,1,1,2,0,0,1,0,0,0
73964,ZA1,Western Cape,ZA5,KwaZulu-Natal,2020-09-12,2020-09-14,1,1,1,2956798.981012231,1362822.648188747,166194,20200912,20200914,0.24146430881004144,0.6902282722160927,0.06830741897386587,0.4994387746892386,6898299.0,0.3109682093283005,0.6320226943362347,0.05700909633546477,0.4797594466393526,10418811.0,0.48495156727992644,0.8888888888888888,0.07735186107982292,0.5555555555555556,231.0,124.0,1,1,2,0,0,1,0,0,0
73965,ZA6,North West,ZA6,North West,2020-09-12,2020-09-14,3,3,3,706395.0956910879,326206.6181638567,464859,20200912,20200914,0.2828745421867569,0.6531826641385288,0.0639427936747143,0.5169154144355026,3885864.0,0.2828745421867569,0.6531826641385288,0.0639427936747143,0.5169154144355026,3885864.0,-0.04677388157695324,0.1111111111111111,-0.04677388157695324,0.1111111111111111,159.0,43.0,1,1,2,0,0,1,0,0,0
73966,ZA1,Western Cape,ZA3,Nothern Cape,2020-09-12,2020-09-13,3,3,3,7456729.324564364,1383147.596209438,158811,20200912,20200913,0.24146430881004144,0.6902282722160927,0.06830741897386587,0.4994387746892386,6898299.0,0.2905180543789262,0.6449880916225764,0.06449385399849747,0.5008080113808923,1251220.0,0.48495156727992644,0.8888888888888888,0.09958456723393624,0.6666666666666666,231.0,268.0,1,1,2,0,0,1,0,0,0
73967,ZA8,Mpumalanga,ZA7,Gauteng,2020-09-12,2020-09-19,1,1,1,175333.0497007913,87392.9725336331,563416,20200912,20200919,0.30219785415266165,0.6444398558234767,0.053362290023861565,0.4955341209781855,4547481.0,0.22703936886350948,0.7223349844212468,0.050625646715243805,0.5123439321519871,14760167.0,0.0523010419666447,0.4444444444444444,0.6706237180439658,1.0,140.0,326.0,1,1,2,0,0,1,0,0,0
73968,ZA2,Eastern Cape,ZA2,Eastern Cape,2020-09-12,2020-09-14,9,9,9,8047452.438582601,2639479.477311264,1577045,20200912,20200914,0.32240858903092945,0.600977358291188,0.07661405267788246,0.47559015644122027,6510816.0,0.32240858903092945,0.600977358291188,0.07661405267788246,0.47559015644122027,6510816.0,-0.04666754827373582,0.2222222222222222,-0.04666754827373582,0.2222222222222222,101.0,41.0,1,1,2,0,0,1,0,0,0
73969,ZA7,Gauteng,ZA9,Limpopo,2020-09-12,2020-09-30,2,2,2,723425.4725545148,369070.077330798,3049055,20200912,20200930,0.22703936886350948,0.7223349844212468,0.050625646715243805,0.5123439321519871,14760167.0,0.3322212084583728,0.5982309127294063,0.06954787881222096,0.47107489302560024,5527257.0,0.6706237180439658,1.0,-0.020299216875639643,0.3333333333333333,345.0,84.0,1,1,2,0,0,1,0,0,0
73970,ZA7,Gauteng,ZA6,North West,2020-09-12,2020-09-27,1,1,1,431499.8588180761,168853.0499714652,1289638,20200912,20200927,0.22703936886350948,0.7223349844212468,0.050625646715243805,0.5123439321519871,14760167.0,0.2828745421867569,0.6531826641385288,0.0639427936747143,0.5169154144355026,3885864.0,0.6706237180439658,1.0,-0.04677388157695324,0.1111111111111111,345.0,121.0,1,1,2,0,0,1,0,0,0
73972,ZA3,Nothern Cape,ZA3,Nothern Cape,2020-09-12,2020-09-20,1,1,1,215677.22001416632,89418.51751103715,711247,20200912,20200920,0.2905180543789262,0.6449880916225764,0.06449385399849747,0.5008080113808923,1251220.0,0.2905180543789262,0.6449880916225764,0.06449385399849747,0.5008080113808923,1251220.0,0.09958456723393624,0.6666666666666666,0.09958456723393624,0.6666666666666666,204.0,306.0,1,1,2,0,0,1,0,0,0
73974,ZA5,KwaZulu-Natal,ZA8,Mpumalanga,2020-09-12,2020-09-13,2,2,2,1100019.2522017793,1082366.1757504689,95566,20200912,20200913,0.3109682093283005,0.6320226943362347,0.05700909633546477,0.4797594466393526,10418811.0,0.30219785415266165,0.6444398558234767,0.053362290023861565,0.4955341209781855,4547481.0,0.07735186107982292,0.5555555555555556,0.0523010419666447,0.4444444444444444,228.0,70.0,1,1,2,0,0,1,0,0,0
73975,ZA2,Eastern Cape,ZA3,Nothern Cape,2020-09-12,2020-09-13,2,2,2,2761388.521114906,564462.1907331035,83820,20200912,20200913,0.32240858903092945,0.600977358291188,0.07661405267788246,0.47559015644122027,6510816.0,0.2905180543789262,0.6449880916225764,0.06449385399849747,0.5008080113808923,1251220.0,-0.04666754827373582,0.2222222222222222,0.09958456723393624,0.6666666666666666,101.0,268.0,1,1,2,0,0,1,0,0,0
73976,ZA9,Limpopo,ZA8,Mpumalanga,2020-09-12,2020-09-20,2,2,2,500592.50762392057,247615.97906658085,1430613,20200912,20200920,0.3322212084583728,0.5982309127294063,0.06954787881222096,0.47107489302560024,5527257.0,0.30219785415266165,0.6444398558234767,0.053362290023861565,0.4955341209781855,4547481.0,-0.020299216875639643,0.3333333333333333,0.0523010419666447,0.4444444444444444,54.0,90.0,1,1,2,0,0,1,0,0,0
73977,ZA9,Limpopo,ZA7,Gauteng,2020-09-12,2020-09-18,2,2,2,4896005.688237362,619928.9929165798,1023478,20200912,20200918,0.3322212084583728,0.5982309127294063,0.06954787881222096,0.47107489302560024,5527257.0,0.22703936886350948,0.7223349844212468,0.050625646715243805,0.5123439321519871,14760167.0,-0.020299216875639643,0.3333333333333333,0.6706237180439658,1.0,54.0,449.0,1,1,2,0,0,1,0,0,0
73978,ZA5,KwaZulu-Natal,ZA5,KwaZulu-Natal,2020-09-12,2020-09-21,1,1,1,815421.5066180793,148432.9120708336,785874,20200912,20200921,0.3109682093283005,0.6320226943362347,0.05700909633546477,0.4797594466393526,10418811.0,0.3109682093283005,0.6320226943362347,0.05700909633546477,0.4797594466393526,10418811.0,0.07735186107982292,0.5555555555555556,0.07735186107982292,0.5555555555555556,228.0,90.0,1,1,2,0,0,1,0,0,0
73979,ZA9,Limpopo,ZA9,Limpopo,2020-09-12,2020-09-15,3,3,3,874456.783839515,151164.18028379296,692011,20200912,20200915,0.3322212084583728,0.5982309127294063,0.06954787881222096,0.47107489302560024,5527257.0,0.3322212084583728,0.5982309127294063,0.06954787881222096,0.47107489302560024,5527257.0,-0.020299216875639643,0.3333333333333333,-0.020299216875639643,0.3333333333333333,54.0,47.0,1,1,2,0,0,1,0,0,0
73980,ZA4,Free State,ZA2,Eastern Cape,2020-09-12,2020-09-12,9,9,9,7592281.886532386,2508628.697993646,207599,20200912,20200912,0.28114593899768064,0.6555271573171474,0.06332690368517199,0.4905192097314189,2663702.0,0.32240858903092945,0.600977358291188,0.07661405267788246,0.47559015644122027,6510816.0,0.2248492570676798,0.7777777777777778,-0.04666754827373582,0.2222222222222222,354.0,101.0,1,1,2,0,0,1,0,0,0
73981,ZA6,North West,ZA9,Limpopo,2020-09-12,2020-09-12,25,25,25,7234049.334604744,3195097.5509261303,409244,20200912,20200912,0.2828745421867569,0.6531826641385288,0.0639427936747143,0.5169154144355026,3885864.0,0.3322212084583728,0.5982309127294063,0.06954787881222096,0.47107489302560024,5527257.0,-0.04677388157695324,0.1111111111111111,-0.020299216875639643,0.3333333333333333,159.0,54.0,1,1,2,0,0,1,0,0,0
73982,ZA9,Limpopo,ZA6,North West,2020-09-12,2020-09-26,1,1,1,211547.36162163437,211547.36162163437,1185850,20200912,20200926,0.3322212084583728,0.5982309127294063,0.06954787881222096,0.47107489302560024,5527257.0,0.2828745421867569,0.6531826641385288,0.0639427936747143,0.5169154144355026,3885864.0,-0.020299216875639643,0.3333333333333333,-0.04677388157695324,0.1111111111111111,54.0,82.0,1,1,2,0,0,1,0,0,0
73983,ZA6,North West,ZA3,Nothern Cape,2020-09-12,2020-09-14,2,2,2,3054265.136401761,1149559.1856140683,318336,20200912,20200914,0.2828745421867569,0.6531826641385288,0.0639427936747143,0.5169154144355026,3885864.0,0.2905180543789262,0.6449880916225764,0.06449385399849747,0.5008080113808923,1251220.0,-0.04677388157695324,0.1111111111111111,0.09958456723393624,0.6666666666666666,159.0,173.0,1,1,2,0,0,1,0,0,0
73984,ZA8,Mpumalanga,ZA8,Mpumalanga,2020-09-12,2020-09-25,3,3,3,406676.53017202026,328915.9409898663,3323729,20200912,20200925,0.30219785415266165,0.6444398558234767,0.053362290023861565,0.4955341209781855,4547481.0,0.30219785415266165,0.6444398558234767,0.053362290023861565,0.4955341209781855,4547481.0,0.0523010419666447,0.4444444444444444,0.0523010419666447,0.4444444444444444,140.0,72.0,1,1,2,0,0,1,0,0,0
73985,ZA6,North West,ZA5,KwaZulu-Natal,2020-09-12,2020-09-23,1,1,1,327978.7723099385,327941.60750148026,910423,20200912,20200923,0.2828745421867569,0.6531826641385288,0.0639427936747143,0.5169154144355026,3885864.0,0.3109682093283005,0.6320226943362347,0.05700909633546477,0.4797594466393526,10418811.0,-0.04677388157695324,0.1111111111111111,0.07735186107982292,0.5555555555555556,159.0,202.0,1,1,2,0,0,1,0,0,0
73986,ZA4,Free State,ZA4,Free State,2020-09-12,2020-09-26,1,1,1,140065.72486677315,140045.63709851223,1205180,20200912,20200926,0.28114593899768064,0.6555271573171474,0.06332690368517199,0.4905192097314189,2663702.0,0.28114593899768064,0.6555271573171474,0.06332690368517199,0.4905192097314189,2663702.0,0.2248492570676798,0.7777777777777778,0.2248492570676798,0.7777777777777778,354.0,199.0,1,1,2,0,0,1,0,0,0
73987,ZA9,Limpopo,ZA9,Limpopo,2020-09-12,2020-09-16,2,2,2,910432.5578379896,186364.56413733168,695916,20200912,20200916,0.3322212084583728,0.5982309127294063,0.06954787881222096,0.47107489302560024,5527257.0,0.3322212084583728,0.5982309127294063,0.06954787881222096,0.47107489302560024,5527257.0,-0.020299216875639643,0.3333333333333333,-0.020299216875639643,0.3333333333333333,54.0,101.0,1,1,2,0,0,1,0,0,0
73988,ZA4,Free State,ZA3,Nothern Cape,2020-09-12,2020-09-13,6,6,6,1302760.6834188804,716063.8871138005,291714,20200912,20200913,0.28114593899768064,0.6555271573171474,0.06332690368517199,0.4905192097314189,2663702.0,0.2905180543789262,0.6449880916225764,0.06449385399849747,0.5008080113808923,1251220.0,0.2248492570676798,0.7777777777777778,0.09958456723393624,0.6666666666666666,354.0,268.0,1,1,2,0,0,1,0,0,0
73989,ZA2,Eastern Cape,ZA2,Eastern Cape,2020-09-12,2020-09-25,2,2,2,435124.48817250354,203470.75690245235,2130516,20200912,20200925,0.32240858903092945,0.600977358291188,0.07661405267788246,0.47559015644122027,6510816.0,0.32240858903092945,0.600977358291188,0.07661405267788246,0.47559015644122027,6510816.0,-0.04666754827373582,0.2222222222222222,-0.04666754827373582,0.2222222222222222,101.0,111.0,1,1,2,0,0,1,0,0,0
73990,ZA5,KwaZulu-Natal,ZA7,Gauteng,2020-09-12,2020-09-24,4,4,4,3271164.25729553,1780294.4766088747,4092962,20200912,20200924,0.3109682093283005,0.6320226943362347,0.05700909633546477,0.4797594466393526,10418811.0,0.22703936886350948,0.7223349844212468,0.050625646715243805,0.5123439321519871,14760167.0,0.07735186107982292,0.5555555555555556,0.6706237180439658,1.0,228.0,305.0,1,1,2,0,0,1,0,0,0
73991,ZA3,Nothern Cape,ZA1,Western Cape,2020-09-12,2020-09-13,6,6,6,7543607.235849064,3022020.75537488,498337,20200912,20200913,0.2905180543789262,0.6449880916225764,0.06449385399849747,0.5008080113808923,1251220.0,0.24146430881004144,0.6902282722160927,0.06830741897386587,0.4994387746892386,6898299.0,0.09958456723393624,0.6666666666666666,0.48495156727992644,0.8888888888888888,204.0,152.0,1,1,2,0,0,1,0,0,0
73992,ZA2,Eastern Cape,ZA1,Western Cape,2020-09-12,2020-09-13,14,14,14,17958830.38051106,6616202.635501268,1082249,20200912,20200913,0.32240858903092945,0.600977358291188,0.07661405267788246,0.47559015644122027,6510816.0,0.24146430881004144,0.6902282722160927,0.06830741897386587,0.4994387746892386,6898299.0,-0.04666754827373582,0.2222222222222222,0.48495156727992644,0.8888888888888888,101.0,152.0,1,1,2,0,0,1,0,0,0
73993,ZA8,Mpumalanga,ZA8,Mpumalanga,2020-09-12,2020-09-24,2,2,2,359322.3587558144,234961.90907694917,2029193,20200912,20200924,0.30219785415266165,0.6444398558234767,0.053362290023861565,0.4955341209781855,4547481.0,0.30219785415266165,0.6444398558234767,0.053362290023861565,0.4955341209781855,4547481.0,0.0523010419666447,0.4444444444444444,0.0523010419666447,0.4444444444444444,140.0,130.0,1,1,2,0,0,1,0,0,0
73994,ZA6,North West,ZA6,North West,2020-09-12,2020-09-15,1,1,1,565325.3454601588,377094.0781118028,195783,20200912,20200915,0.2828745421867569,0.6531826641385288,0.0639427936747143,0.5169154144355026,3885864.0,0.2828745421867569,0.6531826641385288,0.0639427936747143,0.5169154144355026,3885864.0,-0.04677388157695324,0.1111111111111111,-0.04677388157695324,0.1111111111111111,159.0,59.0,1,1,2,0,0,1,0,0,0
73995,ZA7,Gauteng,ZA7,Gauteng,2020-09-12,2020-09-17,2,2,2,1342546.484617941,7218.26902665675,855566,20200912,20200917,0.22703936886350948,0.7223349844212468,0.050625646715243805,0.5123439321519871,14760167.0,0.22703936886350948,0.7223349844212468,0.050625646715243805,0.5123439321519871,14760167.0,0.6706237180439658,1.0,0.6706237180439658,1.0,345.0,443.0,1,1,2,0,0,1,0,0,0
73996,ZA4,Free State,ZA1,Western Cape,2020-09-12,2020-09-16,1,1,1,2240768.9499080884,889288.2007095307,415714,20200912,20200916,0.28114593899768064,0.6555271573171474,0.06332690368517199,0.4905192097314189,2663702.0,0.24146430881004144,0.6902282722160927,0.06830741897386587,0.4994387746892386,6898299.0,0.2248492570676798,0.7777777777777778,0.48495156727992644,0.8888888888888888,354.0,229.0,1,1,2,0,0,1,0,0,0
73997,ZA1,Western Cape,ZA1,Western Cape,2020-09-12,2020-09-25,4,4,4,1806849.9551291687,427672.47263037984,4412596,20200912,20200925,0.24146430881004144,0.6902282722160927,0.06830741897386587,0.4994387746892386,6898299.0,0.24146430881004144,0.6902282722160927,0.06830741897386587,0.4994387746892386,6898299.0,0.48495156727992644,0.8888888888888888,0.48495156727992644,0.8888888888888888,231.0,144.0,1,1,2,0,0,1,0,0,0
73998,ZA6,North West,ZA7,Gauteng,2020-09-12,2020-09-18,4,4,4,774582.4146328594,367869.1277063335,1865454,20200912,20200918,0.2828745421867569,0.6531826641385288,0.0639427936747143,0.5169154144355026,3885864.0,0.22703936886350948,0.7223349844212468,0.050625646715243805,0.5123439321519871,14760167.0,-0.04677388157695324,0.1111111111111111,0.6706237180439658,1.0,159.0,449.0,1,1,2,0,0,1,0,0,0
73999,ZA1,Western Cape,ZA2,Eastern Cape,2020-09-12,2020-09-13,8,8,8,7819876.573518074,3646497.790693732,446239,20200912,20200913,0.24146430881004144,0.6902282722160927,0.06830741897386587,0.4994387746892386,6898299.0,0.32240858903092945,0.600977358291188,0.07661405267788246,0.47559015644122027,6510816.0,0.48495156727992644,0.8888888888888888,-0.04666754827373582,0.2222222222222222,231.0,92.0,1,1,2,0,0,1,0,0,0
74000,ZA4,Free State,ZA4,Free State,2020-09-12,2020-09-14,1,1,1,17087.943390887714,8543.971695443857,198961,20200912,20200914,0.28114593899768064,0.6555271573171474,0.06332690368517199,0.4905192097314189,2663702.0,0.28114593899768064,0.6555271573171474,0.06332690368517199,0.4905192097314189,2663702.0,0.2248492570676798,0.7777777777777778,0.2248492570676798,0.7777777777777778,354.0,245.0,1,1,2,0,0,1,0,0,0
74001,ZA4,Free State,ZA3,Nothern Cape,2020-09-12,2020-09-21,1,1,1,500811.2349446903,248656.414966228,740485,20200912,20200921,0.28114593899768064,0.6555271573171474,0.06332690368517199,0.4905192097314189,2663702.0,0.2905180543789262,0.6449880916225764,0.06449385399849747,0.5008080113808923,1251220.0,0.2248492570676798,0.7777777777777778,0.09958456723393624,0.6666666666666666,354.0,126.0,1,1,2,0,0,1,0,0,0
74002,ZA7,Gauteng,ZA7,Gauteng,2020-09-12,2020-09-25,1,1,1,94587.86033130511,94576.75436620157,1109316,20200912,20200925,0.22703936886350948,0.7223349844212468,0.050625646715243805,0.5123439321519871,14760167.0,0.22703936886350948,0.7223349844212468,0.050625646715243805,0.5123439321519871,14760167.0,0.6706237180439658,1.0,0.6706237180439658,1.0,345.0,230.0,1,1,2,0,0,1,0,0,0
74003,ZA2,Eastern Cape,ZA6,North West,2020-09-12,2020-09-19,1,1,1,1623419.2656017437,809760.2429639569,642059,20200912,20200919,0.32240858903092945,0.600977358291188,0.07661405267788246,0.47559015644122027,6510816.0,0.2828745421867569,0.6531826641385288,0.0639427936747143,0.5169154144355026,3885864.0,-0.04666754827373582,0.2222222222222222,-0.04677388157695324,0.1111111111111111,101.0,169.0,1,1,2,0,0,1,0,0,0
74004,ZA2,Eastern Cape,ZA5,KwaZulu-Natal,2020-09-12,2020-09-25,1,1,1,288302.1517630314,143950.93863687888,1053855,20200912,20200925,0.32240858903092945,0.600977358291188,0.07661405267788246,0.47559015644122027,6510816.0,0.3109682093283005,0.6320226943362347,0.05700909633546477,0.4797594466393526,10418811.0,-0.04666754827373582,0.2222222222222222,0.07735186107982292,0.5555555555555556,101.0,139.0,1,1,2,0,0,1,0,0,0
74005,ZA2,Eastern Cape,ZA2,Eastern Cape,2020-09-12,2020-09-18,2,2,2,266121.0421605094,176746.1005214049,1011575,20200912,20200918,0.32240858903092945,0.600977358291188,0.07661405267788246,0.47559015644122027,6510816.0,0.32240858903092945,0.600977358291188,0.07661405267788246,0.47559015644122027,6510816.0,-0.04666754827373582,0.2222222222222222,-0.04666754827373582,0.2222222222222222,101.0,118.0,1,1,2,0,0,1,0,0,0
74006,ZA7,Gauteng,ZA3,Nothern Cape,2020-09-12,2020-09-12,7,7,7,13766641.985683596,4764266.4468288245,291711,20200912,20200912,0.22703936886350948,0.7223349844212468,0.050625646715243805,0.5123439321519871,14760167.0,0.2905180543789262,0.6449880916225764,0.06449385399849747,0.5008080113808923,1251220.0,0.6706237180439658,1.0,0.09958456723393624,0.6666666666666666,345.0,204.0,1,1,2,0,0,1,0,0,0
74007,ZA6,North West,ZA9,Limpopo,2020-09-12,2020-09-26,1,1,1,691822.5916182741,533464.4068940465,1200405,20200912,20200926,0.2828745421867569,0.6531826641385288,0.0639427936747143,0.5169154144355026,3885864.0,0.3322212084583728,0.5982309127294063,0.06954787881222096,0.47107489302560024,5527257.0,-0.04677388157695324,0.1111111111111111,-0.020299216875639643,0.3333333333333333,159.0,52.0,1,1,2,0,0,1,0,0,0
74008,ZA7,Gauteng,ZA3,Nothern Cape,2020-09-12,2020-09-13,5,5,5,5237451.919367319,3018963.811124353,395598,20200912,20200913,0.22703936886350948,0.7223349844212468,0.050625646715243805,0.5123439321519871,14760167.0,0.2905180543789262,0.6449880916225764,0.06449385399849747,0.5008080113808923,1251220.0,0.6706237180439658,1.0,0.09958456723393624,0.6666666666666666,345.0,268.0,1,1,2,0,0,1,0,0,0
74009,ZA9,Limpopo,ZA4,Free State,2020-09-12,2020-09-25,1,1,1,710504.7948478577,455727.358749684,1080706,20200912,20200925,0.3322212084583728,0.5982309127294063,0.06954787881222096,0.47107489302560024,5527257.0,0.28114593899768064,0.6555271573171474,0.06332690368517199,0.4905192097314189,2663702.0,-0.020299216875639643,0.3333333333333333,0.2248492570676798,0.7777777777777778,54.0,325.0,1,1,2,0,0,1,0,0,0
74010,ZA5,KwaZulu-Natal,ZA7,Gauteng,2020-09-12,2020-09-18,1,1,1,606169.0013513484,298059.0118700802,495058,20200912,20200918,0.3109682093283005,0.6320226943362347,0.05700909633546477,0.4797594466393526,10418811.0,0.22703936886350948,0.7223349844212468,0.050625646715243805,0.5123439321519871,14760167.0,0.07735186107982292,0.5555555555555556,0.6706237180439658,1.0,228.0,449.0,1,1,2,0,0,1,0,0,0
74011,ZA6,North West,ZA9,Limpopo,2020-09-12,2020-09-13,6,6,6,1455008.1769860624,625864.1846952186,367007,20200912,20200913,0.2828745421867569,0.6531826641385288,0.0639427936747143,0.5169154144355026,3885864.0,0.3322212084583728,0.5982309127294063,0.06954787881222096,0.47107489302560024,5527257.0,-0.04677388157695324,0.1111111111111111,-0.020299216875639643,0.3333333333333333,159.0,70.0,1,1,2,0,0,1,0,0,0
74012,ZA5,KwaZulu-Natal,ZA5,KwaZulu-Natal,2020-09-12,2020-09-22,1,1,1,210148.72916684367,210148.72916684367,922641,20200912,20200922,0.3109682093283005,0.6320226943362347,0.05700909633546477,0.4797594466393526,10418811.0,0.3109682093283005,0.6320226943362347,0.05700909633546477,0.4797594466393526,10418811.0,0.07735186107982292,0.5555555555555556,0.07735186107982292,0.5555555555555556,228.0,139.0,1,1,2,0,0,1,0,0,0
74013,ZA7,Gauteng,ZA3,Nothern Cape,2020-09-12,2020-09-19,1,1,1,1721575.630862618,540119.9204595764,597161,20200912,20200919,0.22703936886350948,0.7223349844212468,0.050625646715243805,0.5123439321519871,14760167.0,0.2905180543789262,0.6449880916225764,0.06449385399849747,0.5008080113808923,1251220.0,0.6706237180439658,1.0,0.09958456723393624,0.6666666666666666,345.0,355.0,1,1,2,0,0,1,0,0,0
74014,ZA3,Nothern Cape,ZA1,Western Cape,2020-09-12,2020-09-23,1,1,1,466174.6540241673,463920.8495146658,885016,20200912,20200923,0.2905180543789262,0.6449880916225764,0.06449385399849747,0.5008080113808923,1251220.0,0.24146430881004144,0.6902282722160927,0.06830741897386587,0.4994387746892386,6898299.0,0.09958456723393624,0.6666666666666666,0.48495156727992644,0.8888888888888888,204.0,214.0,1,1,2,0,0,1,0,0,0
74015,ZA9,Limpopo,ZA8,Mpumalanga,2020-09-12,2020-09-24,1,1,1,479338.3000543336,98101.4583074865,1017232,20200912,20200924,0.3322212084583728,0.5982309127294063,0.06954787881222096,0.47107489302560024,5527257.0,0.30219785415266165,0.6444398558234767,0.053362290023861565,0.4955341209781855,4547481.0,-0.020299216875639643,0.3333333333333333,0.0523010419666447,0.4444444444444444,54.0,130.0,1,1,2,0,0,1,0,0,0
74016,ZA4,Free State,ZA7,Gauteng,2020-09-12,2020-09-26,2,2,2,939315.1036936644,528828.0432953542,2354979,20200912,20200926,0.28114593899768064,0.6555271573171474,0.06332690368517199,0.4905192097314189,2663702.0,0.22703936886350948,0.7223349844212468,0.050625646715243805,0.5123439321519871,14760167.0,0.2248492570676798,0.7777777777777778,0.6706237180439658,1.0,354.0,211.0,1,1,2,0,0,1,0,0,0
74017,ZA7,Gauteng,ZA8,Mpumalanga,2020-09-12,2020-09-30,1,1,1,155073.64280336446,155072.71386577582,1555080,20200912,20200930,0.22703936886350948,0.7223349844212468,0.050625646715243805,0.5123439321519871,14760167.0,0.30219785415266165,0.6444398558234767,0.053362290023861565,0.4955341209781855,4547481.0,0.6706237180439658,1.0,0.0523010419666447,0.4444444444444444,345.0,104.0,1,1,2,0,0,1,0,0,0
74018,ZA7,Gauteng,ZA5,KwaZulu-Natal,2020-09-12,2020-09-13,8,8,8,8211278.833993988,3911189.15306153,617735,20200912,20200913,0.22703936886350948,0.7223349844212468,0.050625646715243805,0.5123439321519871,14760167.0,0.3109682093283005,0.6320226943362347,0.05700909633546477,0.4797594466393526,10418811.0,0.6706237180439658,1.0,0.07735186107982292,0.5555555555555556,345.0,222.0,1,1,2,0,0,1,0,0,0
74019,ZA6,North West,ZA1,Western Cape,2020-09-12,2020-09-12,4,4,4,7427389.854723081,3716130.392177136,146093,20200912,20200912,0.2828745421867569,0.6531826641385288,0.0639427936747143,0.5169154144355026,3885864.0,0.24146430881004144,0.6902282722160927,0.06830741897386587,0.4994387746892386,6898299.0,-0.04677388157695324,0.1111111111111111,0.48495156727992644,0.8888888888888888,159.0,231.0,1,1,2,0,0,1,0,0,0
74020,ZA1,Western Cape,ZA5,KwaZulu-Natal,2020-09-12,2020-09-12,7,7,7,10790668.153370902,9222915.33153008,240507,20200912,20200912,0.24146430881004144,0.6902282722160927,0.06830741897386587,0.4994387746892386,6898299.0,0.3109682093283005,0.6320226943362347,0.05700909633546477,0.4797594466393526,10418811.0,0.48495156727992644,0.8888888888888888,0.07735186107982292,0.5555555555555556,231.0,228.0,1,1,2,0,0,1,0,0,0
74021,ZA9,Limpopo,ZA7,Gauteng,2020-09-12,2020-09-16,1,1,1,239924.78329370148,117144.24588062546,365847,20200912,20200916,0.3322212084583728,0.5982309127294063,0.06954787881222096,0.47107489302560024,5527257.0,0.22703936886350948,0.7223349844212468,0.050625646715243805,0.5123439321519871,14760167.0,-0.020299216875639643,0.3333333333333333,0.6706237180439658,1.0,54.0,417.0,1,1,2,0,0,1,0,0,0
74022,ZA7,Gauteng,ZA1,Western Cape,2020-09-12,2020-09-15,2,2,2,4414088.993876347,2236999.957772505,568325,20200912,20200915,0.22703936886350948,0.7223349844212468,0.050625646715243805,0.5123439321519871,14760167.0,0.24146430881004144,0.6902282722160927,0.06830741897386587,0.4994387746892386,6898299.0,0.6706237180439658,1.0,0.48495156727992644,0.8888888888888888,345.0,52.0,1,1,2,0,0,1,0,0,0
74023,ZA9,Limpopo,ZA7,Gauteng,2020-09-12,2020-09-19,3,3,3,1175124.5250783798,738565.353938832,1746673,20200912,20200919,0.3322212084583728,0.5982309127294063,0.06954787881222096,0.47107489302560024,5527257.0,0.22703936886350948,0.7223349844212468,0.050625646715243805,0.5123439321519871,14760167.0,-0.020299216875639643,0.3333333333333333,0.6706237180439658,1.0,54.0,326.0,1,1,2,0,0,1,0,0,0
74024,ZA9,Limpopo,ZA9,Limpopo,2020-09-12,2020-09-18,3,3,3,591445.6772587781,289175.60989709693,1460468,20200912,20200918,0.3322212084583728,0.5982309127294063,0.06954787881222096,0.47107489302560024,5527257.0,0.3322212084583728,0.5982309127294063,0.06954787881222096,0.47107489302560024,5527257.0,-0.020299216875639643,0.3333333333333333,-0.020299216875639643,0.3333333333333333,54.0,113.0,1,1,2,0,0,1,0,0,0
74025,ZA8,Mpumalanga,ZA5,KwaZulu-Natal,2020-09-12,2020-09-25,1,1,1,784843.2714820633,538639.0734270705,1095345,20200912,20200925,0.30219785415266165,0.6444398558234767,0.053362290023861565,0.4955341209781855,4547481.0,0.3109682093283005,0.6320226943362347,0.05700909633546477,0.4797594466393526,10418811.0,0.0523010419666447,0.4444444444444444,0.07735186107982292,0.5555555555555556,140.0,139.0,1,1,2,0,0,1,0,0,0
74026,ZA4,Free State,ZA4,Free State,2020-09-12,2020-09-22,2,2,2,306752.92030034633,219507.52259173093,1636706,20200912,20200922,0.28114593899768064,0.6555271573171474,0.06332690368517199,0.4905192097314189,2663702.0,0.28114593899768064,0.6555271573171474,0.06332690368517199,0.4905192097314189,2663702.0,0.2248492570676798,0.7777777777777778,0.2248492570676798,0.7777777777777778,354.0,325.0,1,1,2,0,0,1,0,0,0
74027,ZA3,Nothern Cape,ZA6,North West,2020-09-12,2020-09-26,1,1,1,599629.6832872892,304979.36560257484,1212179,20200912,20200926,0.2905180543789262,0.6449880916225764,0.06449385399849747,0.5008080113808923,1251220.0,0.2828745421867569,0.6531826641385288,0.0639427936747143,0.5169154144355026,3885864.0,0.09958456723393624,0.6666666666666666,-0.04677388157695324,0.1111111111111111,204.0,82.0,1,1,2,0,0,1,0,0,0
74028,ZA5,KwaZulu-Natal,ZA4,Free State,2020-09-12,2020-09-13,6,6,6,7823604.413925025,3124458.217861994,299790,20200912,20200913,0.3109682093283005,0.6320226943362347,0.05700909633546477,0.4797594466393526,10418811.0,0.28114593899768064,0.6555271573171474,0.06332690368517199,0.4905192097314189,2663702.0,0.07735186107982292,0.5555555555555556,0.2248492570676798,0.7777777777777778,228.0,271.0,1,1,2,0,0,1,0,0,0
74029,ZA6,North West,ZA9,Limpopo,2020-09-12,2020-09-14,1,1,1,344488.8577565436,104728.08680926506,156899,20200912,20200914,0.2828745421867569,0.6531826641385288,0.0639427936747143,0.5169154144355026,3885864.0,0.3322212084583728,0.5982309127294063,0.06954787881222096,0.47107489302560024,5527257.0,-0.04677388157695324,0.1111111111111111,-0.020299216875639643,0.3333333333333333,159.0,33.0,1,1,2,0,0,1,0,0,0
74030,ZA7,Gauteng,ZA4,Free State,2020-09-12,2020-09-14,4,4,4,4503279.147011697,2848539.6731936783,590563,20200912,20200914,0.22703936886350948,0.7223349844212468,0.050625646715243805,0.5123439321519871,14760167.0,0.28114593899768064,0.6555271573171474,0.06332690368517199,0.4905192097314189,2663702.0,0.6706237180439658,1.0,0.2248492570676798,0.7777777777777778,345.0,245.0,1,1,2,0,0,1,0,0,0
74031,ZA4,Free State,,,2020-09-12,2020-09-12,1,1,1,941268.8358548676,933857.761292652,4869,20200912,20200912,0.28114593899768064,0.6555271573171474,0.06332690368517199,0.4905192097314189,2663702.0,,,,,,0.2248492570676798,0.7777777777777778,,,354.0,,1,1,2,0,0,1,0,0,0
74032,ZA5,KwaZulu-Natal,ZA7,Gauteng,2020-09-12,2020-09-14,3,3,3,1853676.606821242,1156678.6499686358,470458,20200912,20200914,0.3109682093283005,0.6320226943362347,0.05700909633546477,0.4797594466393526,10418811.0,0.22703936886350948,0.7223349844212468,0.050625646715243805,0.5123439321519871,14760167.0,0.07735186107982292,0.5555555555555556,0.6706237180439658,1.0,228.0,167.0,1,1,2,0,0,1,0,0,0
74033,ZA5,KwaZulu-Natal,ZA5,KwaZulu-Natal,2020-09-12,2020-09-26,6,6,6,1219427.300482925,558440.9085031876,7186330,20200912,20200926,0.3109682093283005,0.6320226943362347,0.05700909633546477,0.4797594466393526,10418811.0,0.3109682093283005,0.6320226943362347,0.05700909633546477,0.4797594466393526,10418811.0,0.07735186107982292,0.5555555555555556,0.07735186107982292,0.5555555555555556,228.0,119.0,1,1,2,0,0,1,0,0,0
74034,ZA7,Gauteng,ZA5,KwaZulu-Natal,2020-09-12,2020-09-20,2,2,2,2018029.73916303,997310.1943980072,1469485,20200912,20200920,0.22703936886350948,0.7223349844212468,0.050625646715243805,0.5123439321519871,14760167.0,0.3109682093283005,0.6320226943362347,0.05700909633546477,0.4797594466393526,10418811.0,0.6706237180439658,1.0,0.07735186107982292,0.5555555555555556,345.0,174.0,1,1,2,0,0,1,0,0,0
74035,ZA3,Nothern Cape,ZA6,North West,2020-09-12,2020-09-19,1,1,1,584220.7493320984,219190.74117836065,572070,20200912,20200919,0.2905180543789262,0.6449880916225764,0.06449385399849747,0.5008080113808923,1251220.0,0.2828745421867569,0.6531826641385288,0.0639427936747143,0.5169154144355026,3885864.0,0.09958456723393624,0.6666666666666666,-0.04677388157695324,0.1111111111111111,204.0,169.0,1,1,2,0,0,1,0,0,0
74036,ZA7,Gauteng,ZA9,Limpopo,2020-09-12,2020-09-22,1,1,1,441850.6776743023,401845.8062284124,799074,20200912,20200922,0.22703936886350948,0.7223349844212468,0.050625646715243805,0.5123439321519871,14760167.0,0.3322212084583728,0.5982309127294063,0.06954787881222096,0.47107489302560024,5527257.0,0.6706237180439658,1.0,-0.020299216875639643,0.3333333333333333,345.0,56.0,1,1,2,0,0,1,0,0,0
74037,ZA3,Nothern Cape,ZA9,Limpopo,2020-09-12,2020-09-13,1,1,1,1241302.033132392,756390.1386370893,103357,20200912,20200913,0.2905180543789262,0.6449880916225764,0.06449385399849747,0.5008080113808923,1251220.0,0.3322212084583728,0.5982309127294063,0.06954787881222096,0.47107489302560024,5527257.0,0.09958456723393624,0.6666666666666666,-0.020299216875639643,0.3333333333333333,204.0,70.0,1,1,2,0,0,1,0,0,0
74038,ZA5,KwaZulu-Natal,ZA5,KwaZulu-Natal,2020-09-12,2020-09-16,3,3,3,441282.0861766112,278789.20197388064,1089527,20200912,20200916,0.3109682093283005,0.6320226943362347,0.05700909633546477,0.4797594466393526,10418811.0,0.3109682093283005,0.6320226943362347,0.05700909633546477,0.4797594466393526,10418811.0,0.07735186107982292,0.5555555555555556,0.07735186107982292,0.5555555555555556,228.0,236.0,1,1,2,0,0,1,0,0,0
74039,ZA7,Gauteng,ZA6,North West,2020-09-12,2020-09-19,1,1,1,456492.3126444248,153946.72844648678,615493,20200912,20200919,0.22703936886350948,0.7223349844212468,0.050625646715243805,0.5123439321519871,14760167.0,0.2828745421867569,0.6531826641385288,0.0639427936747143,0.5169154144355026,3885864.0,0.6706237180439658,1.0,-0.04677388157695324,0.1111111111111111,345.0,169.0,1,1,2,0,0,1,0,0,0
74040,ZA8,Mpumalanga,ZA5,KwaZulu-Natal,2020-09-12,2020-09-13,2,2,2,1746662.7976276376,1047818.0596975444,157558,20200912,20200913,0.30219785415266165,0.6444398558234767,0.053362290023861565,0.4955341209781855,4547481.0,0.3109682093283005,0.6320226943362347,0.05700909633546477,0.4797594466393526,10418811.0,0.0523010419666447,0.4444444444444444,0.07735186107982292,0.5555555555555556,140.0,222.0,1,1,2,0,0,1,0,0,0
74041,ZA3,Nothern Cape,,,2020-09-12,2020-09-12,1,1,1,2648631.434658444,661470.119266034,362,20200912,20200912,0.2905180543789262,0.6449880916225764,0.06449385399849747,0.5008080113808923,1251220.0,,,,,,0.09958456723393624,0.6666666666666666,,,204.0,,1,1,2,0,0,1,0,0,0
74042,ZA6,North West,ZA6,North West,2020-09-12,2020-09-20,1,1,1,288695.6688307743,132067.48087709147,714095,20200912,20200920,0.2828745421867569,0.6531826641385288,0.0639427936747143,0.5169154144355026,3885864.0,0.2828745421867569,0.6531826641385288,0.0639427936747143,0.5169154144355026,3885864.0,-0.04677388157695324,0.1111111111111111,-0.04677388157695324,0.1111111111111111,159.0,146.0,1,1,2,0,0,1,0,0,0
74043,ZA4,Free State,ZA4,Free State,2020-09-12,2020-09-17,3,3,3,958787.208424924,438483.1096725774,1170322,20200912,20200917,0.28114593899768064,0.6555271573171474,0.06332690368517199,0.4905192097314189,2663702.0,0.28114593899768064,0.6555271573171474,0.06332690368517199,0.4905192097314189,2663702.0,0.2248492570676798,0.7777777777777778,0.2248492570676798,0.7777777777777778,354.0,439.0,1,1,2,0,0,1,0,0,0
74044,ZA4,Free State,ZA7,Gauteng,2020-09-12,2020-09-14,2,2,2,2417445.8892701576,714613.0468131937,305109,20200912,20200914,0.28114593899768064,0.6555271573171474,0.06332690368517199,0.4905192097314189,2663702.0,0.22703936886350948,0.7223349844212468,0.050625646715243805,0.5123439321519871,14760167.0,0.2248492570676798,0.7777777777777778,0.6706237180439658,1.0,354.0,167.0,1,1,2,0,0,1,0,0,0
74045,ZA1,Western Cape,ZA1,Western Cape,2020-09-12,2020-09-19,3,3,3,1113100.2059151172,911399.9431889562,1848035,20200912,20200919,0.24146430881004144,0.6902282722160927,0.06830741897386587,0.4994387746892386,6898299.0,0.24146430881004144,0.6902282722160927,0.06830741897386587,0.4994387746892386,6898299.0,0.48495156727992644,0.8888888888888888,0.48495156727992644,0.8888888888888888,231.0,201.0,1,1,2,0,0,1,0,0,0
74046,ZA7,Gauteng,ZA7,Gauteng,2020-09-12,2020-09-18,3,3,3,1729437.6836770417,216169.83295330155,1406001,20200912,20200918,0.22703936886350948,0.7223349844212468,0.050625646715243805,0.5123439321519871,14760167.0,0.22703936886350948,0.7223349844212468,0.050625646715243805,0.5123439321519871,14760167.0,0.6706237180439658,1.0,0.6706237180439658,1.0,345.0,449.0,1,1,2,0,0,1,0,0,0
74047,ZA7,Gauteng,ZA8,Mpumalanga,2020-09-12,2020-09-29,2,2,2,1284815.5280394568,341180.24926652684,2882533,20200912,20200929,0.22703936886350948,0.7223349844212468,0.050625646715243805,0.5123439321519871,14760167.0,0.30219785415266165,0.6444398558234767,0.053362290023861565,0.4955341209781855,4547481.0,0.6706237180439658,1.0,0.0523010419666447,0.4444444444444444,345.0,94.0,1,1,2,0,0,1,0,0,0
74048,ZA2,Eastern Cape,ZA7,Gauteng,2020-09-12,2020-09-20,1,1,1,611325.5202219036,608353.3043846329,681248,20200912,20200920,0.32240858903092945,0.600977358291188,0.07661405267788246,0.47559015644122027,6510816.0,0.22703936886350948,0.7223349844212468,0.050625646715243805,0.5123439321519871,14760167.0,-0.04666754827373582,0.2222222222222222,0.6706237180439658,1.0,101.0,254.0,1,1,2,0,0,1,0,0,0
74049,ZA7,Gauteng,ZA4,Free State,2020-09-12,2020-09-16,1,1,1,110456.9955724716,110456.9955724716,323118,20200912,20200916,0.22703936886350948,0.7223349844212468,0.050625646715243805,0.5123439321519871,14760167.0,0.28114593899768064,0.6555271573171474,0.06332690368517199,0.4905192097314189,2663702.0,0.6706237180439658,1.0,0.2248492570676798,0.7777777777777778,345.0,347.0,1,1,2,0,0,1,0,0,0
74050,ZA5,KwaZulu-Natal,ZA7,Gauteng,2020-09-12,2020-09-16,2,2,2,2041713.891018554,991294.7877582576,796147,20200912,20200916,0.3109682093283005,0.6320226943362347,0.05700909633546477,0.4797594466393526,10418811.0,0.22703936886350948,0.7223349844212468,0.050625646715243805,0.5123439321519871,14760167.0,0.07735186107982292,0.5555555555555556,0.6706237180439658,1.0,228.0,417.0,1,1,2,0,0,1,0,0,0
74052,ZA1,Western Cape,ZA1,Western Cape,2020-09-12,2020-09-29,1,1,1,195411.8868285849,96995.2806018353,1437067,20200912,20200929,0.24146430881004144,0.6902282722160927,0.06830741897386587,0.4994387746892386,6898299.0,0.24146430881004144,0.6902282722160927,0.06830741897386587,0.4994387746892386,6898299.0,0.48495156727992644,0.8888888888888888,0.48495156727992644,0.8888888888888888,231.0,48.0,1,1,2,0,0,1,0,0,0
74053,ZA8,Mpumalanga,ZA8,Mpumalanga,2020-09-12,2020-09-14,5,5,5,923903.37355742,253037.61004034657,773000,20200912,20200914,0.30219785415266165,0.6444398558234767,0.053362290023861565,0.4955341209781855,4547481.0,0.30219785415266165,0.6444398558234767,0.053362290023861565,0.4955341209781855,4547481.0,0.0523010419666447,0.4444444444444444,0.0523010419666447,0.4444444444444444,140.0,75.0,1,1,2,0,0,1,0,0,0
74054,ZA5,KwaZulu-Natal,ZA5,KwaZulu-Natal,2020-09-12,2020-09-17,5,5,5,4003414.105440071,3197664.128167538,1963682,20200912,20200917,0.3109682093283005,0.6320226943362347,0.05700909633546477,0.4797594466393526,10418811.0,0.3109682093283005,0.6320226943362347,0.05700909633546477,0.4797594466393526,10418811.0,0.07735186107982292,0.5555555555555556,0.07735186107982292,0.5555555555555556,228.0,237.0,1,1,2,0,0,1,0,0,0
74055,ZA6,North West,ZA7,Gauteng,2020-09-12,2020-09-21,1,1,1,137967.06829629742,137372.82537223236,797606,20200912,20200921,0.2828745421867569,0.6531826641385288,0.0639427936747143,0.5169154144355026,3885864.0,0.22703936886350948,0.7223349844212468,0.050625646715243805,0.5123439321519871,14760167.0,-0.04677388157695324,0.1111111111111111,0.6706237180439658,1.0,159.0,115.0,1,1,2,0,0,1,0,0,0
74056,ZA6,North West,ZA5,KwaZulu-Natal,2020-09-12,2020-09-13,1,1,1,1401334.6569239527,651093.3953635423,79327,20200912,20200913,0.2828745421867569,0.6531826641385288,0.0639427936747143,0.5169154144355026,3885864.0,0.3109682093283005,0.6320226943362347,0.05700909633546477,0.4797594466393526,10418811.0,-0.04677388157695324,0.1111111111111111,0.07735186107982292,0.5555555555555556,159.0,222.0,1,1,2,0,0,1,0,0,0
74057,ZA8,Mpumalanga,ZA7,Gauteng,2020-09-12,2020-09-23,3,3,3,1562585.7833329986,912065.3928389512,2789618,20200912,20200923,0.30219785415266165,0.6444398558234767,0.053362290023861565,0.4955341209781855,4547481.0,0.22703936886350948,0.7223349844212468,0.050625646715243805,0.5123439321519871,14760167.0,0.0523010419666447,0.4444444444444444,0.6706237180439658,1.0,140.0,356.0,1,1,2,0,0,1,0,0,0
74058,ZA9,Limpopo,ZA7,Gauteng,2020-09-12,2020-09-23,1,1,1,197446.22354452865,197413.0582542205,934787,20200912,20200923,0.3322212084583728,0.5982309127294063,0.06954787881222096,0.47107489302560024,5527257.0,0.22703936886350948,0.7223349844212468,0.050625646715243805,0.5123439321519871,14760167.0,-0.020299216875639643,0.3333333333333333,0.6706237180439658,1.0,54.0,356.0,1,1,2,0,0,1,0,0,0
74059,ZA6,North West,ZA6,North West,2020-09-12,2020-09-25,1,1,1,395115.5478999416,227767.35044473104,1091185,20200912,20200925,0.2828745421867569,0.6531826641385288,0.0639427936747143,0.5169154144355026,3885864.0,0.2828745421867569,0.6531826641385288,0.0639427936747143,0.5169154144355026,3885864.0,-0.04677388157695324,0.1111111111111111,-0.04677388157695324,0.1111111111111111,159.0,121.0,1,1,2,0,0,1,0,0,0
74060,ZA2,Eastern Cape,ZA1,Western Cape,2020-09-12,2020-09-19,1,1,1,1019383.8150083516,595284.6386426245,548137,20200912,20200919,0.32240858903092945,0.600977358291188,0.07661405267788246,0.47559015644122027,6510816.0,0.24146430881004144,0.6902282722160927,0.06830741897386587,0.4994387746892386,6898299.0,-0.04666754827373582,0.2222222222222222,0.48495156727992644,0.8888888888888888,101.0,201.0,1,1,2,0,0,1,0,0,0
74061,ZA7,Gauteng,ZA8,Mpumalanga,2020-09-12,2020-09-14,5,5,5,1532000.2319162409,661660.0059135831,907330,20200912,20200914,0.22703936886350948,0.7223349844212468,0.050625646715243805,0.5123439321519871,14760167.0,0.30219785415266165,0.6444398558234767,0.053362290023861565,0.4955341209781855,4547481.0,0.6706237180439658,1.0,0.0523010419666447,0.4444444444444444,345.0,75.0,1,1,2,0,0,1,0,0,0
74062,ZA7,Gauteng,ZA9,Limpopo,2020-09-12,2020-09-24,2,2,2,662204.6076022743,377885.1236164095,1987715,20200912,20200924,0.22703936886350948,0.7223349844212468,0.050625646715243805,0.5123439321519871,14760167.0,0.3322212084583728,0.5982309127294063,0.06954787881222096,0.47107489302560024,5527257.0,0.6706237180439658,1.0,-0.020299216875639643,0.3333333333333333,345.0,97.0,1,1,2,0,0,1,0,0,0
74063,ZA1,Western Cape,ZA8,Mpumalanga,2020-09-12,2020-09-13,1,1,1,3343618.740545746,1625027.1049136396,78319,20200912,20200913,0.24146430881004144,0.6902282722160927,0.06830741897386587,0.4994387746892386,6898299.0,0.30219785415266165,0.6444398558234767,0.053362290023861565,0.4955341209781855,4547481.0,0.48495156727992644,0.8888888888888888,0.0523010419666447,0.4444444444444444,231.0,70.0,1,1,2,0,0,1,0,0,0
74064,ZA4,Free State,ZA3,Nothern Cape,2020-09-12,2020-09-30,1,1,1,412626.2696538021,412565.4295576875,1620851,20200912,20200930,0.28114593899768064,0.6555271573171474,0.06332690368517199,0.4905192097314189,2663702.0,0.2905180543789262,0.6449880916225764,0.06449385399849747,0.5008080113808923,1251220.0,0.2248492570676798,0.7777777777777778,0.09958456723393624,0.6666666666666666,354.0,192.0,1,1,2,0,0,1,0,0,0
74065,ZA9,Limpopo,ZA5,KwaZulu-Natal,2020-09-12,2020-09-18,1,1,1,819551.0967438677,805562.534143077,489583,20200912,20200918,0.3322212084583728,0.5982309127294063,0.06954787881222096,0.47107489302560024,5527257.0,0.3109682093283005,0.6320226943362347,0.05700909633546477,0.4797594466393526,10418811.0,-0.020299216875639643,0.3333333333333333,0.07735186107982292,0.5555555555555556,54.0,213.0,1,1,2,0,0,1,0,0,0
74066,ZA5,KwaZulu-Natal,ZA7,Gauteng,2020-09-12,2020-09-26,1,1,1,1024648.4033172051,500144.8063544121,1168572,20200912,20200926,0.3109682093283005,0.6320226943362347,0.05700909633546477,0.4797594466393526,10418811.0,0.22703936886350948,0.7223349844212468,0.050625646715243805,0.5123439321519871,14760167.0,0.07735186107982292,0.5555555555555556,0.6706237180439658,1.0,228.0,211.0,1,1,2,0,0,1,0,0,0
74067,ZA4,Free State,ZA9,Limpopo,2020-09-12,2020-09-26,1,1,1,412033.694512918,412033.694512918,1225773,20200912,20200926,0.28114593899768064,0.6555271573171474,0.06332690368517199,0.4905192097314189,2663702.0,0.3322212084583728,0.5982309127294063,0.06954787881222096,0.47107489302560024,5527257.0,0.2248492570676798,0.7777777777777778,-0.020299216875639643,0.3333333333333333,354.0,52.0,1,1,2,0,0,1,0,0,0
74068,ZA7,Gauteng,ZA6,North West,2020-09-12,2020-09-15,2,2,2,490341.4595465394,223979.48271373485,425148,20200912,20200915,0.22703936886350948,0.7223349844212468,0.050625646715243805,0.5123439321519871,14760167.0,0.2828745421867569,0.6531826641385288,0.0639427936747143,0.5169154144355026,3885864.0,0.6706237180439658,1.0,-0.04677388157695324,0.1111111111111111,345.0,59.0,1,1,2,0,0,1,0,0,0
74069,ZA3,Nothern Cape,ZA3,Nothern Cape,2020-09-12,2020-09-22,2,2,2,779234.0630947633,127829.8045954997,1655726,20200912,20200922,0.2905180543789262,0.6449880916225764,0.06449385399849747,0.5008080113808923,1251220.0,0.2905180543789262,0.6449880916225764,0.06449385399849747,0.5008080113808923,1251220.0,0.09958456723393624,0.6666666666666666,0.09958456723393624,0.6666666666666666,204.0,117.0,1,1,2,0,0,1,0,0,0
74070,ZA7,Gauteng,ZA4,Free State,2020-09-12,2020-09-19,1,1,1,212414.3230816538,105044.082505013,596075,20200912,20200919,0.22703936886350948,0.7223349844212468,0.050625646715243805,0.5123439321519871,14760167.0,0.28114593899768064,0.6555271573171474,0.06332690368517199,0.4905192097314189,2663702.0,0.6706237180439658,1.0,0.2248492570676798,0.7777777777777778,345.0,401.0,1,1,2,0,0,1,0,0,0
74071,ZA3,Nothern Cape,ZA7,Gauteng,2020-09-12,2020-09-12,9,9,9,11710812.163871553,5585905.314062297,481850,20200912,20200912,0.2905180543789262,0.6449880916225764,0.06449385399849747,0.5008080113808923,1251220.0,0.22703936886350948,0.7223349844212468,0.050625646715243805,0.5123439321519871,14760167.0,0.09958456723393624,0.6666666666666666,0.6706237180439658,1.0,204.0,345.0,1,1,2,0,0,1,0,0,0
74072,ZA3,Nothern Cape,ZA1,Western Cape,2020-09-12,2020-09-14,3,3,3,2917022.043257476,1042974.4074216452,514936,20200912,20200914,0.2905180543789262,0.6449880916225764,0.06449385399849747,0.5008080113808923,1251220.0,0.24146430881004144,0.6902282722160927,0.06830741897386587,0.4994387746892386,6898299.0,0.09958456723393624,0.6666666666666666,0.48495156727992644,0.8888888888888888,204.0,55.0,1,1,2,0,0,1,0,0,0
74073,ZA9,Limpopo,ZA9,Limpopo,2020-09-12,2020-09-19,1,1,1,154741.36326516885,1405.990276002596,594599,20200912,20200919,0.3322212084583728,0.5982309127294063,0.06954787881222096,0.47107489302560024,5527257.0,0.3322212084583728,0.5982309127294063,0.06954787881222096,0.47107489302560024,5527257.0,-0.020299216875639643,0.3333333333333333,-0.020299216875639643,0.3333333333333333,54.0,101.0,1,1,2,0,0,1,0,0,0
74074,ZA2,Eastern Cape,ZA2,Eastern Cape,2020-09-12,2020-09-17,3,3,3,1636396.3012858743,375095.63635853736,1239595,20200912,20200917,0.32240858903092945,0.600977358291188,0.07661405267788246,0.47559015644122027,6510816.0,0.32240858903092945,0.600977358291188,0.07661405267788246,0.47559015644122027,6510816.0,-0.04666754827373582,0.2222222222222222,-0.04666754827373582,0.2222222222222222,101.0,113.0,1,1,2,0,0,1,0,0,0
74075,ZA7,Gauteng,ZA7,Gauteng,2020-09-12,2020-09-26,2,2,2,211184.43694393407,105135.67067690646,2370023,20200912,20200926,0.22703936886350948,0.7223349844212468,0.050625646715243805,0.5123439321519871,14760167.0,0.22703936886350948,0.7223349844212468,0.050625646715243805,0.5123439321519871,14760167.0,0.6706237180439658,1.0,0.6706237180439658,1.0,345.0,211.0,1,1,2,0,0,1,0,0,0
74076,ZA7,Gauteng,ZA7,Gauteng,2020-09-12,2020-09-19,1,1,1,841.0092276706004,681.5769858479105,568999,20200912,20200919,0.22703936886350948,0.7223349844212468,0.050625646715243805,0.5123439321519871,14760167.0,0.22703936886350948,0.7223349844212468,0.050625646715243805,0.5123439321519871,14760167.0,0.6706237180439658,1.0,0.6706237180439658,1.0,345.0,326.0,1,1,2,0,0,1,0,0,0
74077,ZA1,Western Cape,ZA4,Free State,2020-09-12,2020-09-23,1,1,1,2279765.4333967506,994954.99861888,945370,20200912,20200923,0.24146430881004144,0.6902282722160927,0.06830741897386587,0.4994387746892386,6898299.0,0.28114593899768064,0.6555271573171474,0.06332690368517199,0.4905192097314189,2663702.0,0.48495156727992644,0.8888888888888888,0.2248492570676798,0.7777777777777778,231.0,327.0,1,1,2,0,0,1,0,0,0
74078,ZA1,Western Cape,ZA7,Gauteng,2020-09-12,2020-09-13,7,7,7,16442847.395488309,8819705.91612995,602507,20200912,20200913,0.24146430881004144,0.6902282722160927,0.06830741897386587,0.4994387746892386,6898299.0,0.22703936886350948,0.7223349844212468,0.050625646715243805,0.5123439321519871,14760167.0,0.48495156727992644,0.8888888888888888,0.6706237180439658,1.0,231.0,309.0,1,1,2,0,0,1,0,0,0
74079,ZA2,Eastern Cape,ZA7,Gauteng,2020-09-12,2020-09-15,1,1,1,989122.0588009824,590155.1520997909,196388,20200912,20200915,0.32240858903092945,0.600977358291188,0.07661405267788246,0.47559015644122027,6510816.0,0.22703936886350948,0.7223349844212468,0.050625646715243805,0.5123439321519871,14760167.0,-0.04666754827373582,0.2222222222222222,0.6706237180439658,1.0,101.0,174.0,1,1,2,0,0,1,0,0,0
74080,ZA4,Free State,ZA8,Mpumalanga,2020-09-12,2020-09-13,3,3,3,1719442.630928996,683892.8203038529,230154,20200912,20200913,0.28114593899768064,0.6555271573171474,0.06332690368517199,0.4905192097314189,2663702.0,0.30219785415266165,0.6444398558234767,0.053362290023861565,0.4955341209781855,4547481.0,0.2248492570676798,0.7777777777777778,0.0523010419666447,0.4444444444444444,354.0,70.0,1,1,2,0,0,1,0,0,0
74081,ZA1,Western Cape,ZA1,Western Cape,2020-09-12,2020-09-20,3,3,3,1893358.1908056263,1893210.3987868135,2079284,20200912,20200920,0.24146430881004144,0.6902282722160927,0.06830741897386587,0.4994387746892386,6898299.0,0.24146430881004144,0.6902282722160927,0.06830741897386587,0.4994387746892386,6898299.0,0.48495156727992644,0.8888888888888888,0.48495156727992644,0.8888888888888888,231.0,149.0,1,1,2,0,0,1,0,0,0
74082,ZA1,Western Cape,ZA1,Western Cape,2020-09-12,2020-09-22,2,2,2,1022169.8940797128,581397.2286793796,1658712,20200912,20200922,0.24146430881004144,0.6902282722160927,0.06830741897386587,0.4994387746892386,6898299.0,0.24146430881004144,0.6902282722160927,0.06830741897386587,0.4994387746892386,6898299.0,0.48495156727992644,0.8888888888888888,0.48495156727992644,0.8888888888888888,231.0,90.0,1,1,2,0,0,1,0,0,0
74083,ZA9,Limpopo,ZA7,Gauteng,2020-09-12,2020-09-29,1,1,1,174244.30700068086,87068.86536052526,1423890,20200912,20200929,0.3322212084583728,0.5982309127294063,0.06954787881222096,0.47107489302560024,5527257.0,0.22703936886350948,0.7223349844212468,0.050625646715243805,0.5123439321519871,14760167.0,-0.020299216875639643,0.3333333333333333,0.6706237180439658,1.0,54.0,171.0,1,1,2,0,0,1,0,0,0
74084,ZA6,North West,ZA7,Gauteng,2020-09-12,2020-09-17,1,1,1,1638152.4438562267,84063.58552648177,380005,20200912,20200917,0.2828745421867569,0.6531826641385288,0.0639427936747143,0.5169154144355026,3885864.0,0.22703936886350948,0.7223349844212468,0.050625646715243805,0.5123439321519871,14760167.0,-0.04677388157695324,0.1111111111111111,0.6706237180439658,1.0,159.0,443.0,1,1,2,0,0,1,0,0,0
74085,ZA1,Western Cape,ZA8,Mpumalanga,2020-09-12,2020-09-22,1,1,1,1299073.0163548607,1299073.0163548607,848664,20200912,20200922,0.24146430881004144,0.6902282722160927,0.06830741897386587,0.4994387746892386,6898299.0,0.30219785415266165,0.6444398558234767,0.053362290023861565,0.4955341209781855,4547481.0,0.48495156727992644,0.8888888888888888,0.0523010419666447,0.4444444444444444,231.0,87.0,1,1,2,0,0,1,0,0,0
74086,ZA6,North West,ZA6,North West,2020-09-12,2020-09-16,1,1,1,1556346.0634048155,259549.9723552528,271704,20200912,20200916,0.2828745421867569,0.6531826641385288,0.0639427936747143,0.5169154144355026,3885864.0,0.2828745421867569,0.6531826641385288,0.0639427936747143,0.5169154144355026,3885864.0,-0.04677388157695324,0.1111111111111111,-0.04677388157695324,0.1111111111111111,159.0,206.0,1,1,2,0,0,1,0,0,0
74087,ZA6,North West,ZA8,Mpumalanga,2020-09-12,2020-09-18,1,1,1,467911.7664497851,218995.8281802994,583492,20200912,20200918,0.2828745421867569,0.6531826641385288,0.0639427936747143,0.5169154144355026,3885864.0,0.30219785415266165,0.6444398558234767,0.053362290023861565,0.4955341209781855,4547481.0,-0.04677388157695324,0.1111111111111111,0.0523010419666447,0.4444444444444444,159.0,158.0,1,1,2,0,0,1,0,0,0
74089,ZA7,Gauteng,ZA1,Western Cape,2020-09-12,2020-09-24,1,1,1,1717600.855157215,1240886.7785700192,992931,20200912,20200924,0.22703936886350948,0.7223349844212468,0.050625646715243805,0.5123439321519871,14760167.0,0.24146430881004144,0.6902282722160927,0.06830741897386587,0.4994387746892386,6898299.0,0.6706237180439658,1.0,0.48495156727992644,0.8888888888888888,345.0,250.0,1,1,2,0,0,1,0,0,0
74090,ZA5,KwaZulu-Natal,ZA2,Eastern Cape,2020-09-12,2020-09-13,1,1,1,240511.9908533877,146193.36384975564,19085,20200912,20200913,0.3109682093283005,0.6320226943362347,0.05700909633546477,0.4797594466393526,10418811.0,0.32240858903092945,0.600977358291188,0.07661405267788246,0.47559015644122027,6510816.0,0.07735186107982292,0.5555555555555556,-0.04666754827373582,0.2222222222222222,228.0,92.0,1,1,2,0,0,1,0,0,0
74091,ZA9,Limpopo,ZA9,Limpopo,2020-09-12,2020-09-24,1,1,1,96940.86926047476,96700.84903375016,1017286,20200912,20200924,0.3322212084583728,0.5982309127294063,0.06954787881222096,0.47107489302560024,5527257.0,0.3322212084583728,0.5982309127294063,0.06954787881222096,0.47107489302560024,5527257.0,-0.020299216875639643,0.3333333333333333,-0.020299216875639643,0.3333333333333333,54.0,97.0,1,1,2,0,0,1,0,0,0
74092,ZA1,Western Cape,ZA3,Nothern Cape,2020-09-12,2020-09-27,1,1,1,1456062.0773862202,308591.8926986909,1243446,20200912,20200927,0.24146430881004144,0.6902282722160927,0.06830741897386587,0.4994387746892386,6898299.0,0.2905180543789262,0.6449880916225764,0.06449385399849747,0.5008080113808923,1251220.0,0.48495156727992644,0.8888888888888888,0.09958456723393624,0.6666666666666666,231.0,178.0,1,1,2,0,0,1,0,0,0
74093,ZA3,Nothern Cape,ZA8,Mpumalanga,2020-09-12,2020-09-12,2,2,2,2476261.744351168,1730698.4460785172,51874,20200912,20200912,0.2905180543789262,0.6449880916225764,0.06449385399849747,0.5008080113808923,1251220.0,0.30219785415266165,0.6444398558234767,0.053362290023861565,0.4955341209781855,4547481.0,0.09958456723393624,0.6666666666666666,0.0523010419666447,0.4444444444444444,204.0,140.0,1,1,2,0,0,1,0,0,0
74094,ZA6,North West,ZA7,Gauteng,2020-09-12,2020-09-15,1,1,1,161251.41978940467,80625.70989470233,187491,20200912,20200915,0.2828745421867569,0.6531826641385288,0.0639427936747143,0.5169154144355026,3885864.0,0.22703936886350948,0.7223349844212468,0.050625646715243805,0.5123439321519871,14760167.0,-0.04677388157695324,0.1111111111111111,0.6706237180439658,1.0,159.0,174.0,1,1,2,0,0,1,0,0,0
74095,ZA6,North West,ZA6,North West,2020-09-12,2020-09-27,1,1,1,116383.3079563022,116368.59651825824,1247988,20200912,20200927,0.2828745421867569,0.6531826641385288,0.0639427936747143,0.5169154144355026,3885864.0,0.2828745421867569,0.6531826641385288,0.0639427936747143,0.5169154144355026,3885864.0,-0.04677388157695324,0.1111111111111111,-0.04677388157695324,0.1111111111111111,159.0,121.0,1,1,2,0,0,1,0,0,0
74096,ZA9,Limpopo,ZA3,Nothern Cape,2020-09-12,2020-09-18,1,1,1,1373185.1167566343,786392.1274546536,461440,20200912,20200918,0.3322212084583728,0.5982309127294063,0.06954787881222096,0.47107489302560024,5527257.0,0.2905180543789262,0.6449880916225764,0.06449385399849747,0.5008080113808923,1251220.0,-0.020299216875639643,0.3333333333333333,0.09958456723393624,0.6666666666666666,54.0,373.0,1,1,2,0,0,1,0,0,0
74097,ZA7,Gauteng,ZA6,North West,2020-09-12,2020-09-14,3,3,3,802502.9942213767,414194.2200875259,506136,20200912,20200914,0.22703936886350948,0.7223349844212468,0.050625646715243805,0.5123439321519871,14760167.0,0.2828745421867569,0.6531826641385288,0.0639427936747143,0.5169154144355026,3885864.0,0.6706237180439658,1.0,-0.04677388157695324,0.1111111111111111,345.0,43.0,1,1,2,0,0,1,0,0,0
74098,ZA7,Gauteng,ZA4,Free State,2020-09-12,2020-09-15,3,3,3,1765863.0579875167,886109.8918485267,710116,20200912,20200915,0.22703936886350948,0.7223349844212468,0.050625646715243805,0.5123439321519871,14760167.0,0.28114593899768064,0.6555271573171474,0.06332690368517199,0.4905192097314189,2663702.0,0.6706237180439658,1.0,0.2248492570676798,0.7777777777777778,345.0,135.0,1,1,2,0,0,1,0,0,0
74099,ZA4,Free State,ZA2,Eastern Cape,2020-09-12,2020-09-23,1,1,1,423900.5023458783,205002.5635035845,900261,20200912,20200923,0.28114593899768064,0.6555271573171474,0.06332690368517199,0.4905192097314189,2663702.0,0.32240858903092945,0.600977358291188,0.07661405267788246,0.47559015644122027,6510816.0,0.2248492570676798,0.7777777777777778,-0.04666754827373582,0.2222222222222222,354.0,101.0,1,1,2,0,0,1,0,0,0
74100,ZA2,Eastern Cape,ZA5,KwaZulu-Natal,2020-09-12,2020-09-13,3,3,3,324398.6312588006,230023.2936250389,102170,20200912,20200913,0.32240858903092945,0.600977358291188,0.07661405267788246,0.47559015644122027,6510816.0,0.3109682093283005,0.6320226943362347,0.05700909633546477,0.4797594466393526,10418811.0,-0.04666754827373582,0.2222222222222222,0.07735186107982292,0.5555555555555556,101.0,222.0,1,1,2,0,0,1,0,0,0
74101,ZA6,North West,ZA3,Nothern Cape,2020-09-12,2020-09-23,1,1,1,435401.28524241067,183644.1378169142,907624,20200912,20200923,0.2828745421867569,0.6531826641385288,0.0639427936747143,0.5169154144355026,3885864.0,0.2905180543789262,0.6449880916225764,0.06449385399849747,0.5008080113808923,1251220.0,-0.04677388157695324,0.1111111111111111,0.09958456723393624,0.6666666666666666,159.0,280.0,1,1,2,0,0,1,0,0,0
74102,ZA6,North West,ZA4,Free State,2020-09-12,2020-09-14,1,1,1,214685.7027159374,76101.2326591765,162780,20200912,20200914,0.2828745421867569,0.6531826641385288,0.0639427936747143,0.5169154144355026,3885864.0,0.28114593899768064,0.6555271573171474,0.06332690368517199,0.4905192097314189,2663702.0,-0.04677388157695324,0.1111111111111111,0.2248492570676798,0.7777777777777778,159.0,245.0,1,1,2,0,0,1,0,0,0
74103,ZA8,Mpumalanga,ZA4,Free State,2020-09-12,2020-09-13,2,2,2,1195283.7511533718,605402.8934777144,137881,20200912,20200913,0.30219785415266165,0.6444398558234767,0.053362290023861565,0.4955341209781855,4547481.0,0.28114593899768064,0.6555271573171474,0.06332690368517199,0.4905192097314189,2663702.0,0.0523010419666447,0.4444444444444444,0.2248492570676798,0.7777777777777778,140.0,271.0,1,1,2,0,0,1,0,0,0
74104,ZA9,Limpopo,ZA1,Western Cape,2020-09-12,2020-09-18,2,2,2,4632783.12463556,3304024.488924794,1052778,20200912,20200918,0.3322212084583728,0.5982309127294063,0.06954787881222096,0.47107489302560024,5527257.0,0.24146430881004144,0.6902282722160927,0.06830741897386587,0.4994387746892386,6898299.0,-0.020299216875639643,0.3333333333333333,0.48495156727992644,0.8888888888888888,54.0,162.0,1,1,2,0,0,1,0,0,0
74105,ZA7,Gauteng,ZA5,KwaZulu-Natal,2020-09-12,2020-09-21,1,1,1,655877.7506429917,308713.46668317367,821025,20200912,20200921,0.22703936886350948,0.7223349844212468,0.050625646715243805,0.5123439321519871,14760167.0,0.3109682093283005,0.6320226943362347,0.05700909633546477,0.4797594466393526,10418811.0,0.6706237180439658,1.0,0.07735186107982292,0.5555555555555556,345.0,90.0,1,1,2,0,0,1,0,0,0
74106,ZA9,Limpopo,ZA9,Limpopo,2020-09-12,2020-09-26,3,3,3,580275.358793692,59155.2945050212,3587747,20200912,20200926,0.3322212084583728,0.5982309127294063,0.06954787881222096,0.47107489302560024,5527257.0,0.3322212084583728,0.5982309127294063,0.06954787881222096,0.47107489302560024,5527257.0,-0.020299216875639643,0.3333333333333333,-0.020299216875639643,0.3333333333333333,54.0,52.0,1,1,2,0,0,1,0,0,0
74107,ZA1,Western Cape,ZA7,Gauteng,2020-09-12,2020-09-14,2,2,2,5121280.310550668,2578191.952601752,292797,20200912,20200914,0.24146430881004144,0.6902282722160927,0.06830741897386587,0.4994387746892386,6898299.0,0.22703936886350948,0.7223349844212468,0.050625646715243805,0.5123439321519871,14760167.0,0.48495156727992644,0.8888888888888888,0.6706237180439658,1.0,231.0,167.0,1,1,2,0,0,1,0,0,0
74108,ZA4,Free State,ZA7,Gauteng,2020-09-12,2020-09-22,1,1,1,278268.4542688282,129767.03055492812,795739,20200912,20200922,0.28114593899768064,0.6555271573171474,0.06332690368517199,0.4905192097314189,2663702.0,0.22703936886350948,0.7223349844212468,0.050625646715243805,0.5123439321519871,14760167.0,0.2248492570676798,0.7777777777777778,0.6706237180439658,1.0,354.0,274.0,1,1,2,0,0,1,0,0,0
74109,ZA8,Mpumalanga,ZA5,KwaZulu-Natal,2020-09-12,2020-09-26,2,2,2,820275.6922601005,690077.7982476383,2446708,20200912,20200926,0.30219785415266165,0.6444398558234767,0.053362290023861565,0.4955341209781855,4547481.0,0.3109682093283005,0.6320226943362347,0.05700909633546477,0.4797594466393526,10418811.0,0.0523010419666447,0.4444444444444444,0.07735186107982292,0.5555555555555556,140.0,119.0,1,1,2,0,0,1,0,0,0
74110,ZA8,Mpumalanga,ZA8,Mpumalanga,2020-09-12,2020-09-18,3,3,3,701571.4313265082,418260.1012986447,1403267,20200912,20200918,0.30219785415266165,0.6444398558234767,0.053362290023861565,0.4955341209781855,4547481.0,0.30219785415266165,0.6444398558234767,0.053362290023861565,0.4955341209781855,4547481.0,0.0523010419666447,0.4444444444444444,0.0523010419666447,0.4444444444444444,140.0,158.0,1,1,2,0,0,1,0,0,0
74111,ZA2,Eastern Cape,,,2020-09-12,2020-09-12,4,4,2,346622.44912406086,94262.50354343255,14012,20200912,20200912,0.32240858903092945,0.600977358291188,0.07661405267788246,0.47559015644122027,6510816.0,,,,,,-0.04666754827373582,0.2222222222222222,,,101.0,,1,1,2,0,0,1,0,0,0
74112,ZA7,Gauteng,ZA7,Gauteng,2020-09-12,2020-09-16,3,3,3,2150585.4827536186,1308429.9353012177,892605,20200912,20200916,0.22703936886350948,0.7223349844212468,0.050625646715243805,0.5123439321519871,14760167.0,0.22703936886350948,0.7223349844212468,0.050625646715243805,0.5123439321519871,14760167.0,0.6706237180439658,1.0,0.6706237180439658,1.0,345.0,417.0,1,1,2,0,0,1,0,0,0
74113,ZA3,Nothern Cape,ZA3,Nothern Cape,2020-09-12,2020-09-16,1,1,1,1061999.97804856,269036.1190441448,416838,20200912,20200916,0.2905180543789262,0.6449880916225764,0.06449385399849747,0.5008080113808923,1251220.0,0.2905180543789262,0.6449880916225764,0.06449385399849747,0.5008080113808923,1251220.0,0.09958456723393624,0.6666666666666666,0.09958456723393624,0.6666666666666666,204.0,111.0,1,1,2,0,0,1,0,0,0
74114,ZA5,KwaZulu-Natal,ZA6,North West,2020-09-12,2020-09-17,1,1,1,327164.02642305946,306420.21027171164,410374,20200912,20200917,0.3109682093283005,0.6320226943362347,0.05700909633546477,0.4797594466393526,10418811.0,0.2828745421867569,0.6531826641385288,0.0639427936747143,0.5169154144355026,3885864.0,0.07735186107982292,0.5555555555555556,-0.04677388157695324,0.1111111111111111,228.0,194.0,1,1,2,0,0,1,0,0,0
74115,ZA4,Free State,ZA2,Eastern Cape,2020-09-12,2020-09-13,2,2,2,2710962.028958486,948396.0618479572,149628,20200912,20200913,0.28114593899768064,0.6555271573171474,0.06332690368517199,0.4905192097314189,2663702.0,0.32240858903092945,0.600977358291188,0.07661405267788246,0.47559015644122027,6510816.0,0.2248492570676798,0.7777777777777778,-0.04666754827373582,0.2222222222222222,354.0,92.0,1,1,2,0,0,1,0,0,0
74116,ZA2,Eastern Cape,ZA2,Eastern Cape,2020-09-12,2020-09-19,4,4,4,1609258.573619775,644057.012792815,2272780,20200912,20200919,0.32240858903092945,0.600977358291188,0.07661405267788246,0.47559015644122027,6510816.0,0.32240858903092945,0.600977358291188,0.07661405267788246,0.47559015644122027,6510816.0,-0.04666754827373582,0.2222222222222222,-0.04666754827373582,0.2222222222222222,101.0,140.0,1,1,2,0,0,1,0,0,0
74117,ZA5,KwaZulu-Natal,ZA7,Gauteng,2020-09-12,2020-09-22,1,1,1,510829.8929556912,510829.8929556912,879272,20200912,20200922,0.3109682093283005,0.6320226943362347,0.05700909633546477,0.4797594466393526,10418811.0,0.22703936886350948,0.7223349844212468,0.050625646715243805,0.5123439321519871,14760167.0,0.07735186107982292,0.5555555555555556,0.6706237180439658,1.0,228.0,274.0,1,1,2,0,0,1,0,0,0
74118,ZA3,Nothern Cape,ZA7,Gauteng,2020-09-12,2020-09-14,1,1,1,3192090.600929913,1129918.0253669622,158820,20200912,20200914,0.2905180543789262,0.6449880916225764,0.06449385399849747,0.5008080113808923,1251220.0,0.22703936886350948,0.7223349844212468,0.050625646715243805,0.5123439321519871,14760167.0,0.09958456723393624,0.6666666666666666,0.6706237180439658,1.0,204.0,167.0,1,1,2,0,0,1,0,0,0
74119,ZA3,Nothern Cape,ZA4,Free State,2020-09-12,2020-09-23,1,1,1,389748.1012213406,194594.29009009668,945890,20200912,20200923,0.2905180543789262,0.6449880916225764,0.06449385399849747,0.5008080113808923,1251220.0,0.28114593899768064,0.6555271573171474,0.06332690368517199,0.4905192097314189,2663702.0,0.09958456723393624,0.6666666666666666,0.2248492570676798,0.7777777777777778,204.0,327.0,1,1,2,0,0,1,0,0,0
74120,ZA1,Western Cape,ZA7,Gauteng,2020-09-12,2020-09-22,1,1,1,1618318.516659869,1245969.7058566655,819202,20200912,20200922,0.24146430881004144,0.6902282722160927,0.06830741897386587,0.4994387746892386,6898299.0,0.22703936886350948,0.7223349844212468,0.050625646715243805,0.5123439321519871,14760167.0,0.48495156727992644,0.8888888888888888,0.6706237180439658,1.0,231.0,274.0,1,1,2,0,0,1,0,0,0
74121,ZA4,Free State,ZA4,Free State,2020-09-12,2020-09-21,1,1,1,9582.903761082409,2818.576378202926,806141,20200912,20200921,0.28114593899768064,0.6555271573171474,0.06332690368517199,0.4905192097314189,2663702.0,0.28114593899768064,0.6555271573171474,0.06332690368517199,0.4905192097314189,2663702.0,0.2248492570676798,0.7777777777777778,0.2248492570676798,0.7777777777777778,354.0,254.0,1,1,2,0,0,1,0,0,0
74123,ZA4,Free State,ZA9,Limpopo,2020-09-12,2020-09-19,1,1,1,484079.60675570834,270994.19927043107,545541,20200912,20200919,0.28114593899768064,0.6555271573171474,0.06332690368517199,0.4905192097314189,2663702.0,0.3322212084583728,0.5982309127294063,0.06954787881222096,0.47107489302560024,5527257.0,0.2248492570676798,0.7777777777777778,-0.020299216875639643,0.3333333333333333,354.0,101.0,1,1,2,0,0,1,0,0,0
74124,ZA7,Gauteng,ZA5,KwaZulu-Natal,2020-09-12,2020-09-19,2,2,2,1890827.318768732,700932.6194088776,1198213,20200912,20200919,0.22703936886350948,0.7223349844212468,0.050625646715243805,0.5123439321519871,14760167.0,0.3109682093283005,0.6320226943362347,0.05700909633546477,0.4797594466393526,10418811.0,0.6706237180439658,1.0,0.07735186107982292,0.5555555555555556,345.0,209.0,1,1,2,0,0,1,0,0,0
74125,ZA1,Western Cape,ZA1,Western Cape,2020-09-12,2020-09-21,1,1,1,2025125.6461668976,282082.1386035729,732420,20200912,20200921,0.24146430881004144,0.6902282722160927,0.06830741897386587,0.4994387746892386,6898299.0,0.24146430881004144,0.6902282722160927,0.06830741897386587,0.4994387746892386,6898299.0,0.48495156727992644,0.8888888888888888,0.48495156727992644,0.8888888888888888,231.0,19.0,1,1,2,0,0,1,0,0,0
74126,ZA5,KwaZulu-Natal,ZA8,Mpumalanga,2020-09-12,2020-09-24,1,1,1,340079.49317877315,340079.49317877315,996721,20200912,20200924,0.3109682093283005,0.6320226943362347,0.05700909633546477,0.4797594466393526,10418811.0,0.30219785415266165,0.6444398558234767,0.053362290023861565,0.4955341209781855,4547481.0,0.07735186107982292,0.5555555555555556,0.0523010419666447,0.4444444444444444,228.0,130.0,1,1,2,0,0,1,0,0,0
74127,ZA9,Limpopo,ZA5,KwaZulu-Natal,2020-09-12,2020-09-14,1,1,1,681515.8510522109,590304.121282376,210237,20200912,20200914,0.3322212084583728,0.5982309127294063,0.06954787881222096,0.47107489302560024,5527257.0,0.3109682093283005,0.6320226943362347,0.05700909633546477,0.4797594466393526,10418811.0,-0.020299216875639643,0.3333333333333333,0.07735186107982292,0.5555555555555556,54.0,124.0,1,1,2,0,0,1,0,0,0
74128,ZA6,North West,ZA6,North West,2020-09-12,2020-09-17,2,2,2,451203.46937879006,216928.8153322474,853660,20200912,20200917,0.2828745421867569,0.6531826641385288,0.0639427936747143,0.5169154144355026,3885864.0,0.2828745421867569,0.6531826641385288,0.0639427936747143,0.5169154144355026,3885864.0,-0.04677388157695324,0.1111111111111111,-0.04677388157695324,0.1111111111111111,159.0,194.0,1,1,2,0,0,1,0,0,0
74129,ZA8,Mpumalanga,ZA7,Gauteng,2020-09-12,2020-09-30,1,1,1,124587.32578948296,124572.69298528649,1603091,20200912,20200930,0.30219785415266165,0.6444398558234767,0.053362290023861565,0.4955341209781855,4547481.0,0.22703936886350948,0.7223349844212468,0.050625646715243805,0.5123439321519871,14760167.0,0.0523010419666447,0.4444444444444444,0.6706237180439658,1.0,140.0,331.0,1,1,2,0,0,1,0,0,0
74130,ZA4,Free State,ZA7,Gauteng,2020-09-12,2020-09-24,2,2,2,596542.257382609,298212.84566991206,2109094,20200912,20200924,0.28114593899768064,0.6555271573171474,0.06332690368517199,0.4905192097314189,2663702.0,0.22703936886350948,0.7223349844212468,0.050625646715243805,0.5123439321519871,14760167.0,0.2248492570676798,0.7777777777777778,0.6706237180439658,1.0,354.0,305.0,1,1,2,0,0,1,0,0,0
74131,ZA2,Eastern Cape,ZA2,Eastern Cape,2020-09-12,2020-09-29,1,1,1,250188.9602297701,123857.4975630119,1412269,20200912,20200929,0.32240858903092945,0.600977358291188,0.07661405267788246,0.47559015644122027,6510816.0,0.32240858903092945,0.600977358291188,0.07661405267788246,0.47559015644122027,6510816.0,-0.04666754827373582,0.2222222222222222,-0.04666754827373582,0.2222222222222222,101.0,101.0,1,1,2,0,0,1,0,0,0
74132,ZA9,Limpopo,ZA9,Limpopo,2020-09-12,2020-09-21,1,1,1,345346.6723522573,165173.2710324029,711961,20200912,20200921,0.3322212084583728,0.5982309127294063,0.06954787881222096,0.47107489302560024,5527257.0,0.3322212084583728,0.5982309127294063,0.06954787881222096,0.47107489302560024,5527257.0,-0.020299216875639643,0.3333333333333333,-0.020299216875639643,0.3333333333333333,54.0,18.0,1,1,2,0,0,1,0,0,0
74133,ZA5,KwaZulu-Natal,ZA7,Gauteng,2020-09-12,2020-09-15,1,1,1,236156.23489536435,236058.51934274437,202549,20200912,20200915,0.3109682093283005,0.6320226943362347,0.05700909633546477,0.4797594466393526,10418811.0,0.22703936886350948,0.7223349844212468,0.050625646715243805,0.5123439321519871,14760167.0,0.07735186107982292,0.5555555555555556,0.6706237180439658,1.0,228.0,174.0,1,1,2,0,0,1,0,0,0
74134,ZA8,Mpumalanga,ZA3,Nothern Cape,2020-09-12,2020-09-12,1,1,1,1746083.3434460778,714782.062600895,35752,20200912,20200912,0.30219785415266165,0.6444398558234767,0.053362290023861565,0.4955341209781855,4547481.0,0.2905180543789262,0.6449880916225764,0.06449385399849747,0.5008080113808923,1251220.0,0.0523010419666447,0.4444444444444444,0.09958456723393624,0.6666666666666666,140.0,204.0,1,1,2,0,0,1,0,0,0
74135,ZA6,North West,ZA8,Mpumalanga,2020-09-12,2020-09-19,1,1,1,346418.5571798049,168222.61474524534,543881,20200912,20200919,0.2828745421867569,0.6531826641385288,0.0639427936747143,0.5169154144355026,3885864.0,0.30219785415266165,0.6444398558234767,0.053362290023861565,0.4955341209781855,4547481.0,-0.04677388157695324,0.1111111111111111,0.0523010419666447,0.4444444444444444,159.0,127.0,1,1,2,0,0,1,0,0,0
74136,ZA8,Mpumalanga,ZA5,KwaZulu-Natal,2020-09-12,2020-09-17,1,1,1,996112.045779602,469988.2232029784,397649,20200912,20200917,0.30219785415266165,0.6444398558234767,0.053362290023861565,0.4955341209781855,4547481.0,0.3109682093283005,0.6320226943362347,0.05700909633546477,0.4797594466393526,10418811.0,0.0523010419666447,0.4444444444444444,0.07735186107982292,0.5555555555555556,140.0,237.0,1,1,2,0,0,1,0,0,0
74137,ZA3,Nothern Cape,ZA1,Western Cape,2020-09-12,2020-09-28,1,1,1,404176.3963072888,241503.3960414857,1338667,20200912,20200928,0.2905180543789262,0.6449880916225764,0.06449385399849747,0.5008080113808923,1251220.0,0.24146430881004144,0.6902282722160927,0.06830741897386587,0.4994387746892386,6898299.0,0.09958456723393624,0.6666666666666666,0.48495156727992644,0.8888888888888888,204.0,63.0,1,1,2,0,0,1,0,0,0
74138,ZA5,KwaZulu-Natal,ZA5,KwaZulu-Natal,2020-09-12,2020-09-28,2,2,2,481970.3882329467,163766.5234644625,2859668,20200912,20200928,0.3109682093283005,0.6320226943362347,0.05700909633546477,0.4797594466393526,10418811.0,0.3109682093283005,0.6320226943362347,0.05700909633546477,0.4797594466393526,10418811.0,0.07735186107982292,0.5555555555555556,0.07735186107982292,0.5555555555555556,228.0,66.0,1,1,2,0,0,1,0,0,0
74139,ZA1,Western Cape,ZA2,Eastern Cape,2020-09-12,2020-09-14,1,1,1,951552.8216785456,951261.9396210456,158705,20200912,20200914,0.24146430881004144,0.6902282722160927,0.06830741897386587,0.4994387746892386,6898299.0,0.32240858903092945,0.600977358291188,0.07661405267788246,0.47559015644122027,6510816.0,0.48495156727992644,0.8888888888888888,-0.04666754827373582,0.2222222222222222,231.0,41.0,1,1,2,0,0,1,0,0,0
74140,ZA2,Eastern Cape,ZA2,Eastern Cape,2020-09-12,2020-09-24,1,1,1,334195.4912584436,156965.1408055753,975050,20200912,20200924,0.32240858903092945,0.600977358291188,0.07661405267788246,0.47559015644122027,6510816.0,0.32240858903092945,0.600977358291188,0.07661405267788246,0.47559015644122027,6510816.0,-0.04666754827373582,0.2222222222222222,-0.04666754827373582,0.2222222222222222,101.0,149.0,1,1,2,0,0,1,0,0,0
74141,ZA7,Gauteng,ZA5,KwaZulu-Natal,2020-09-12,2020-09-29,1,1,1,549243.7977289968,488764.2053178956,1447409,20200912,20200929,0.22703936886350948,0.7223349844212468,0.050625646715243805,0.5123439321519871,14760167.0,0.3109682093283005,0.6320226943362347,0.05700909633546477,0.4797594466393526,10418811.0,0.6706237180439658,1.0,0.07735186107982292,0.5555555555555556,345.0,92.0,1,1,2,0,0,1,0,0,0
74142,ZA7,Gauteng,ZA7,Gauteng,2020-09-12,2020-09-22,1,1,1,105555.7827604142,105547.27380535414,862436,20200912,20200922,0.22703936886350948,0.7223349844212468,0.050625646715243805,0.5123439321519871,14760167.0,0.22703936886350948,0.7223349844212468,0.050625646715243805,0.5123439321519871,14760167.0,0.6706237180439658,1.0,0.6706237180439658,1.0,345.0,274.0,1,1,2,0,0,1,0,0,0
74143,ZA8,Mpumalanga,ZA1,Western Cape,2020-09-12,2020-09-12,1,1,1,2807404.223457681,1327233.9365175057,38923,20200912,20200912,0.30219785415266165,0.6444398558234767,0.053362290023861565,0.4955341209781855,4547481.0,0.24146430881004144,0.6902282722160927,0.06830741897386587,0.4994387746892386,6898299.0,0.0523010419666447,0.4444444444444444,0.48495156727992644,0.8888888888888888,140.0,231.0,1,1,2,0,0,1,0,0,0
74144,ZA9,Limpopo,ZA8,Mpumalanga,2020-09-12,2020-09-26,1,1,1,404963.22144074657,202424.4056458533,1163029,20200912,20200926,0.3322212084583728,0.5982309127294063,0.06954787881222096,0.47107489302560024,5527257.0,0.30219785415266165,0.6444398558234767,0.053362290023861565,0.4955341209781855,4547481.0,-0.020299216875639643,0.3333333333333333,0.0523010419666447,0.4444444444444444,54.0,20.0,1,1,2,0,0,1,0,0,0
74145,ZA4,Free State,ZA8,Mpumalanga,2020-09-12,2020-09-17,1,1,1,1120380.559527832,606601.0293596592,395666,20200912,20200917,0.28114593899768064,0.6555271573171474,0.06332690368517199,0.4905192097314189,2663702.0,0.30219785415266165,0.6444398558234767,0.053362290023861565,0.4955341209781855,4547481.0,0.2248492570676798,0.7777777777777778,0.0523010419666447,0.4444444444444444,354.0,118.0,1,1,2,0,0,1,0,0,0
74146,ZA4,Free State,ZA4,Free State,2020-09-12,2020-09-23,1,1,1,147059.87411074352,147059.87411074352,960449,20200912,20200923,0.28114593899768064,0.6555271573171474,0.06332690368517199,0.4905192097314189,2663702.0,0.28114593899768064,0.6555271573171474,0.06332690368517199,0.4905192097314189,2663702.0,0.2248492570676798,0.7777777777777778,0.2248492570676798,0.7777777777777778,354.0,327.0,1,1,2,0,0,1,0,0,0
74147,ZA9,Limpopo,ZA7,Gauteng,2020-09-12,2020-09-21,1,1,1,297304.44508298207,297304.44508298207,732786,20200912,20200921,0.3322212084583728,0.5982309127294063,0.06954787881222096,0.47107489302560024,5527257.0,0.22703936886350948,0.7223349844212468,0.050625646715243805,0.5123439321519871,14760167.0,-0.020299216875639643,0.3333333333333333,0.6706237180439658,1.0,54.0,115.0,1,1,2,0,0,1,0,0,0
74148,ZA7,Gauteng,ZA9,Limpopo,2020-09-12,2020-09-15,2,2,2,1287989.5447002284,877003.7799921893,416225,20200912,20200915,0.22703936886350948,0.7223349844212468,0.050625646715243805,0.5123439321519871,14760167.0,0.3322212084583728,0.5982309127294063,0.06954787881222096,0.47107489302560024,5527257.0,0.6706237180439658,1.0,-0.020299216875639643,0.3333333333333333,345.0,47.0,1,1,2,0,0,1,0,0,0
74149,ZA7,Gauteng,ZA5,KwaZulu-Natal,2020-09-12,2020-09-25,1,1,1,543301.691948507,539654.064547053,1097819,20200912,20200925,0.22703936886350948,0.7223349844212468,0.050625646715243805,0.5123439321519871,14760167.0,0.3109682093283005,0.6320226943362347,0.05700909633546477,0.4797594466393526,10418811.0,0.6706237180439658,1.0,0.07735186107982292,0.5555555555555556,345.0,139.0,1,1,2,0,0,1,0,0,0
74150,ZA9,Limpopo,ZA8,Mpumalanga,2020-09-12,2020-09-17,1,1,1,333277.8756991737,166377.89160698728,468523,20200912,20200917,0.3322212084583728,0.5982309127294063,0.06954787881222096,0.47107489302560024,5527257.0,0.30219785415266165,0.6444398558234767,0.053362290023861565,0.4955341209781855,4547481.0,-0.020299216875639643,0.3333333333333333,0.0523010419666447,0.4444444444444444,54.0,118.0,1,1,2,0,0,1,0,0,0
74151,ZA8,Mpumalanga,ZA6,North West,2020-09-12,2020-09-23,1,1,1,201821.87560585432,201739.07709605905,881233,20200912,20200923,0.30219785415266165,0.6444398558234767,0.053362290023861565,0.4955341209781855,4547481.0,0.2828745421867569,0.6531826641385288,0.0639427936747143,0.5169154144355026,3885864.0,0.0523010419666447,0.4444444444444444,-0.04677388157695324,0.1111111111111111,140.0,197.0,1,1,2,0,0,1,0,0,0
74152,ZA1,Western Cape,ZA2,Eastern Cape,2020-09-12,2020-09-21,1,1,1,717220.6772430406,717220.6772430406,769138,20200912,20200921,0.24146430881004144,0.6902282722160927,0.06830741897386587,0.4994387746892386,6898299.0,0.32240858903092945,0.600977358291188,0.07661405267788246,0.47559015644122027,6510816.0,0.48495156727992644,0.8888888888888888,-0.04666754827373582,0.2222222222222222,231.0,41.0,1,1,2,0,0,1,0,0,0
74153,ZA4,Free State,ZA2,Eastern Cape,2020-09-12,2020-09-19,1,1,1,182276.06108972445,181761.88719727515,614249,20200912,20200919,0.28114593899768064,0.6555271573171474,0.06332690368517199,0.4905192097314189,2663702.0,0.32240858903092945,0.600977358291188,0.07661405267788246,0.47559015644122027,6510816.0,0.2248492570676798,0.7777777777777778,-0.04666754827373582,0.2222222222222222,354.0,140.0,1,1,2,0,0,1,0,0,0
74154,ZA7,Gauteng,ZA5,KwaZulu-Natal,2020-09-12,2020-09-23,1,1,1,500052.2131477106,499273.7839213428,916571,20200912,20200923,0.22703936886350948,0.7223349844212468,0.050625646715243805,0.5123439321519871,14760167.0,0.3109682093283005,0.6320226943362347,0.05700909633546477,0.4797594466393526,10418811.0,0.6706237180439658,1.0,0.07735186107982292,0.5555555555555556,345.0,202.0,1,1,2,0,0,1,0,0,0
74155,ZA5,KwaZulu-Natal,ZA3,Nothern Cape,2020-09-12,2020-09-18,1,1,1,1545197.5553587563,747521.2325062881,455713,20200912,20200918,0.3109682093283005,0.6320226943362347,0.05700909633546477,0.4797594466393526,10418811.0,0.2905180543789262,0.6449880916225764,0.06449385399849747,0.5008080113808923,1251220.0,0.07735186107982292,0.5555555555555556,0.09958456723393624,0.6666666666666666,228.0,373.0,1,1,2,0,0,1,0,0,0
74156,ZA8,Mpumalanga,ZA7,Gauteng,2020-09-12,2020-09-17,1,1,1,120015.40714647072,120014.7394259592,433008,20200912,20200917,0.30219785415266165,0.6444398558234767,0.053362290023861565,0.4955341209781855,4547481.0,0.22703936886350948,0.7223349844212468,0.050625646715243805,0.5123439321519871,14760167.0,0.0523010419666447,0.4444444444444444,0.6706237180439658,1.0,140.0,443.0,1,1,2,0,0,1,0,0,0
74157,ZA4,Free State,ZA7,Gauteng,2020-09-12,2020-09-16,1,1,1,557720.9316929125,402503.4926201674,357414,20200912,20200916,0.28114593899768064,0.6555271573171474,0.06332690368517199,0.4905192097314189,2663702.0,0.22703936886350948,0.7223349844212468,0.050625646715243805,0.5123439321519871,14760167.0,0.2248492570676798,0.7777777777777778,0.6706237180439658,1.0,354.0,417.0,1,1,2,0,0,1,0,0,0
74158,ZA3,Nothern Cape,ZA3,Nothern Cape,2020-09-12,2020-09-24,1,1,1,175446.8355082694,80855.60163874086,989533,20200912,20200924,0.2905180543789262,0.6449880916225764,0.06449385399849747,0.5008080113808923,1251220.0,0.2905180543789262,0.6449880916225764,0.06449385399849747,0.5008080113808923,1251220.0,0.09958456723393624,0.6666666666666666,0.09958456723393624,0.6666666666666666,204.0,185.0,1,1,2,0,0,1,0,0,0
74159,ZA7,Gauteng,ZA4,Free State,2020-09-12,2020-09-30,1,1,1,247766.4280857118,247766.4280857118,1625528,20200912,20200930,0.22703936886350948,0.7223349844212468,0.050625646715243805,0.5123439321519871,14760167.0,0.28114593899768064,0.6555271573171474,0.06332690368517199,0.4905192097314189,2663702.0,0.6706237180439658,1.0,0.2248492570676798,0.7777777777777778,345.0,389.0,1,1,2,0,0,1,0,0,0
74160,ZA1,Western Cape,ZA3,Nothern Cape,2020-09-12,2020-09-17,1,1,1,1715803.981553244,744347.4216091086,441009,20200912,20200917,0.24146430881004144,0.6902282722160927,0.06830741897386587,0.4994387746892386,6898299.0,0.2905180543789262,0.6449880916225764,0.06449385399849747,0.5008080113808923,1251220.0,0.48495156727992644,0.8888888888888888,0.09958456723393624,0.6666666666666666,231.0,276.0,1,1,2,0,0,1,0,0,0
74161,ZA1,Western Cape,ZA2,Eastern Cape,2020-09-12,2020-09-16,1,1,1,527604.3356311392,280418.98906147224,283704,20200912,20200916,0.24146430881004144,0.6902282722160927,0.06830741897386587,0.4994387746892386,6898299.0,0.32240858903092945,0.600977358291188,0.07661405267788246,0.47559015644122027,6510816.0,0.48495156727992644,0.8888888888888888,-0.04666754827373582,0.2222222222222222,231.0,150.0,1,1,2,0,0,1,0,0,0
74162,ZA6,North West,ZA2,Eastern Cape,2020-09-12,2020-09-12,1,1,1,1147640.4836535037,425058.4470252938,52463,20200912,20200912,0.2828745421867569,0.6531826641385288,0.0639427936747143,0.5169154144355026,3885864.0,0.32240858903092945,0.600977358291188,0.07661405267788246,0.47559015644122027,6510816.0,-0.04677388157695324,0.1111111111111111,-0.04666754827373582,0.2222222222222222,159.0,101.0,1,1,2,0,0,1,0,0,0
74163,ZA7,Gauteng,ZA2,Eastern Cape,2020-09-12,2020-09-14,1,1,1,3281931.8660713183,1034013.8933693122,204709,20200912,20200914,0.22703936886350948,0.7223349844212468,0.050625646715243805,0.5123439321519871,14760167.0,0.32240858903092945,0.600977358291188,0.07661405267788246,0.47559015644122027,6510816.0,0.6706237180439658,1.0,-0.04666754827373582,0.2222222222222222,345.0,41.0,1,1,2,0,0,1,0,0,0
74164,ZA4,Free State,ZA5,KwaZulu-Natal,2020-09-12,2020-09-26,1,1,1,469958.911230788,469958.911230788,1187344,20200912,20200926,0.28114593899768064,0.6555271573171474,0.06332690368517199,0.4905192097314189,2663702.0,0.3109682093283005,0.6320226943362347,0.05700909633546477,0.4797594466393526,10418811.0,0.2248492570676798,0.7777777777777778,0.07735186107982292,0.5555555555555556,354.0,119.0,1,1,2,0,0,1,0,0,0
74165,ZA1,Western Cape,,,2020-09-12,2020-09-13,2,2,2,278444.5718316338,1715.669545699261,80018,20200912,20200913,0.24146430881004144,0.6902282722160927,0.06830741897386587,0.4994387746892386,6898299.0,,,,,,0.48495156727992644,0.8888888888888888,,,231.0,,1,1,2,0,0,1,0,0,0
74166,ZA9,Limpopo,ZA8,Mpumalanga,2020-09-12,2020-09-18,2,2,2,874273.2470140549,379498.3285807377,989167,20200912,20200918,0.3322212084583728,0.5982309127294063,0.06954787881222096,0.47107489302560024,5527257.0,0.30219785415266165,0.6444398558234767,0.053362290023861565,0.4955341209781855,4547481.0,-0.020299216875639643,0.3333333333333333,0.0523010419666447,0.4444444444444444,54.0,158.0,1,1,2,0,0,1,0,0,0
74167,ZA2,Eastern Cape,ZA1,Western Cape,2020-09-12,2020-09-16,1,1,1,1292023.8248864138,645015.1108248595,376638,20200912,20200916,0.32240858903092945,0.600977358291188,0.07661405267788246,0.47559015644122027,6510816.0,0.24146430881004144,0.6902282722160927,0.06830741897386587,0.4994387746892386,6898299.0,-0.04666754827373582,0.2222222222222222,0.48495156727992644,0.8888888888888888,101.0,229.0,1,1,2,0,0,1,0,0,0
74168,ZA7,Gauteng,ZA8,Mpumalanga,2020-09-12,2020-09-15,1,1,1,256710.67544964165,128353.44723827776,262948,20200912,20200915,0.22703936886350948,0.7223349844212468,0.050625646715243805,0.5123439321519871,14760167.0,0.30219785415266165,0.6444398558234767,0.053362290023861565,0.4955341209781855,4547481.0,0.6706237180439658,1.0,0.0523010419666447,0.4444444444444444,345.0,35.0,1,1,2,0,0,1,0,0,0
74169,ZA5,KwaZulu-Natal,ZA8,Mpumalanga,2020-09-12,2020-09-21,1,1,1,273438.56127956766,127812.07483216764,804232,20200912,20200921,0.3109682093283005,0.6320226943362347,0.05700909633546477,0.4797594466393526,10418811.0,0.30219785415266165,0.6444398558234767,0.053362290023861565,0.4955341209781855,4547481.0,0.07735186107982292,0.5555555555555556,0.0523010419666447,0.4444444444444444,228.0,46.0,1,1,2,0,0,1,0,0,0
74170,ZA1,Western Cape,ZA1,Western Cape,2020-09-12,2020-09-27,3,3,3,788000.6269918251,594461.8129709077,3821433,20200912,20200927,0.24146430881004144,0.6902282722160927,0.06830741897386587,0.4994387746892386,6898299.0,0.24146430881004144,0.6902282722160927,0.06830741897386587,0.4994387746892386,6898299.0,0.48495156727992644,0.8888888888888888,0.48495156727992644,0.8888888888888888,231.0,135.0,1,1,2,0,0,1,0,0,0
74171,ZA7,Gauteng,ZA7,Gauteng,2020-09-12,2020-09-15,3,3,3,354639.63368506305,94190.4965015294,779305,20200912,20200915,0.22703936886350948,0.7223349844212468,0.050625646715243805,0.5123439321519871,14760167.0,0.22703936886350948,0.7223349844212468,0.050625646715243805,0.5123439321519871,14760167.0,0.6706237180439658,1.0,0.6706237180439658,1.0,345.0,174.0,1,1,2,0,0,1,0,0,0
74172,ZA9,Limpopo,ZA7,Gauteng,2020-09-12,2020-09-17,2,2,2,559694.0592646424,450800.3795498365,794326,20200912,20200917,0.3322212084583728,0.5982309127294063,0.06954787881222096,0.47107489302560024,5527257.0,0.22703936886350948,0.7223349844212468,0.050625646715243805,0.5123439321519871,14760167.0,-0.020299216875639643,0.3333333333333333,0.6706237180439658,1.0,54.0,443.0,1,1,2,0,0,1,0,0,0
74173,ZA6,North West,ZA7,Gauteng,2020-09-12,2020-09-24,3,3,3,798016.8604910795,674405.5331695607,3112824,20200912,20200924,0.2828745421867569,0.6531826641385288,0.0639427936747143,0.5169154144355026,3885864.0,0.22703936886350948,0.7223349844212468,0.050625646715243805,0.5123439321519871,14760167.0,-0.04677388157695324,0.1111111111111111,0.6706237180439658,1.0,159.0,305.0,1,1,2,0,0,1,0,0,0
74174,ZA6,North West,ZA3,Nothern Cape,2020-09-12,2020-09-18,1,1,1,1071122.6434490322,411737.305775066,564751,20200912,20200918,0.2828745421867569,0.6531826641385288,0.0639427936747143,0.5169154144355026,3885864.0,0.2905180543789262,0.6449880916225764,0.06449385399849747,0.5008080113808923,1251220.0,-0.04677388157695324,0.1111111111111111,0.09958456723393624,0.6666666666666666,159.0,373.0,1,1,2,0,0,1,0,0,0
74175,ZA2,Eastern Cape,ZA2,Eastern Cape,2020-09-12,2020-09-23,2,2,2,344237.39969678083,194182.6568690391,1816509,20200912,20200923,0.32240858903092945,0.600977358291188,0.07661405267788246,0.47559015644122027,6510816.0,0.32240858903092945,0.600977358291188,0.07661405267788246,0.47559015644122027,6510816.0,-0.04666754827373582,0.2222222222222222,-0.04666754827373582,0.2222222222222222,101.0,101.0,1,1,2,0,0,1,0,0,0
74176,ZA7,Gauteng,ZA8,Mpumalanga,2020-09-12,2020-09-23,1,1,1,653729.0811055298,305692.23522966803,976965,20200912,20200923,0.22703936886350948,0.7223349844212468,0.050625646715243805,0.5123439321519871,14760167.0,0.30219785415266165,0.6444398558234767,0.053362290023861565,0.4955341209781855,4547481.0,0.6706237180439658,1.0,0.0523010419666447,0.4444444444444444,345.0,100.0,1,1,2,0,0,1,0,0,0
74177,ZA7,Gauteng,ZA7,Gauteng,2020-09-12,2020-09-23,3,3,3,563955.340756753,264508.8574315426,2750337,20200912,20200923,0.22703936886350948,0.7223349844212468,0.050625646715243805,0.5123439321519871,14760167.0,0.22703936886350948,0.7223349844212468,0.050625646715243805,0.5123439321519871,14760167.0,0.6706237180439658,1.0,0.6706237180439658,1.0,345.0,356.0,1,1,2,0,0,1,0,0,0
74178,ZA2,Eastern Cape,ZA9,Limpopo,2020-09-12,2020-09-12,1,1,1,2287432.0590090966,1067337.7413019016,47395,20200912,20200912,0.32240858903092945,0.600977358291188,0.07661405267788246,0.47559015644122027,6510816.0,0.3322212084583728,0.5982309127294063,0.06954787881222096,0.47107489302560024,5527257.0,-0.04666754827373582,0.2222222222222222,-0.020299216875639643,0.3333333333333333,101.0,54.0,1,1,2,0,0,1,0,0,0
74179,ZA2,Eastern Cape,ZA7,Gauteng,2020-09-12,2020-09-17,1,1,1,1943764.939849844,947685.1653008976,382243,20200912,20200917,0.32240858903092945,0.600977358291188,0.07661405267788246,0.47559015644122027,6510816.0,0.22703936886350948,0.7223349844212468,0.050625646715243805,0.5123439321519871,14760167.0,-0.04666754827373582,0.2222222222222222,0.6706237180439658,1.0,101.0,443.0,1,1,2,0,0,1,0,0,0
74180,ZA6,North West,ZA6,North West,2020-09-12,2020-09-24,1,1,1,89755.3346424105,4989.271661929028,1033765,20200912,20200924,0.2828745421867569,0.6531826641385288,0.0639427936747143,0.5169154144355026,3885864.0,0.2828745421867569,0.6531826641385288,0.0639427936747143,0.5169154144355026,3885864.0,-0.04677388157695324,0.1111111111111111,-0.04677388157695324,0.1111111111111111,159.0,160.0,1,1,2,0,0,1,0,0,0
74181,ZA6,North West,ZA7,Gauteng,2020-09-12,2020-09-23,2,2,2,557945.2148123764,213409.8065993513,1896824,20200912,20200923,0.2828745421867569,0.6531826641385288,0.0639427936747143,0.5169154144355026,3885864.0,0.22703936886350948,0.7223349844212468,0.050625646715243805,0.5123439321519871,14760167.0,-0.04677388157695324,0.1111111111111111,0.6706237180439658,1.0,159.0,356.0,1,1,2,0,0,1,0,0,0
74182,ZA4,Free State,ZA3,Nothern Cape,2020-09-12,2020-09-14,1,1,1,407256.3430174854,374720.8828624901,204231,20200912,20200914,0.28114593899768064,0.6555271573171474,0.06332690368517199,0.4905192097314189,2663702.0,0.2905180543789262,0.6449880916225764,0.06449385399849747,0.5008080113808923,1251220.0,0.2248492570676798,0.7777777777777778,0.09958456723393624,0.6666666666666666,354.0,173.0,1,1,2,0,0,1,0,0,0
74183,ZA4,Free State,ZA9,Limpopo,2020-09-12,2020-09-12,2,2,2,1589252.8212256797,705834.7786003852,61270,20200912,20200912,0.28114593899768064,0.6555271573171474,0.06332690368517199,0.4905192097314189,2663702.0,0.3322212084583728,0.5982309127294063,0.06954787881222096,0.47107489302560024,5527257.0,0.2248492570676798,0.7777777777777778,-0.020299216875639643,0.3333333333333333,354.0,54.0,1,1,2,0,0,1,0,0,0
74184,ZA8,Mpumalanga,ZA7,Gauteng,2020-09-12,2020-09-16,1,1,1,305364.2167950601,120727.3442860714,410677,20200912,20200916,0.30219785415266165,0.6444398558234767,0.053362290023861565,0.4955341209781855,4547481.0,0.22703936886350948,0.7223349844212468,0.050625646715243805,0.5123439321519871,14760167.0,0.0523010419666447,0.4444444444444444,0.6706237180439658,1.0,140.0,417.0,1,1,2,0,0,1,0,0,0
74185,ZA3,Nothern Cape,ZA3,Nothern Cape,2020-09-12,2020-09-18,3,3,3,848184.4466390235,427021.4352121775,1494581,20200912,20200918,0.2905180543789262,0.6449880916225764,0.06449385399849747,0.5008080113808923,1251220.0,0.2905180543789262,0.6449880916225764,0.06449385399849747,0.5008080113808923,1251220.0,0.09958456723393624,0.6666666666666666,0.09958456723393624,0.6666666666666666,204.0,373.0,1,1,2,0,0,1,0,0,0
74186,ZA3,Nothern Cape,ZA4,Free State,2020-09-12,2020-09-21,1,1,1,146498.591146277,146498.591146277,807752,20200912,20200921,0.2905180543789262,0.6449880916225764,0.06449385399849747,0.5008080113808923,1251220.0,0.28114593899768064,0.6555271573171474,0.06332690368517199,0.4905192097314189,2663702.0,0.09958456723393624,0.6666666666666666,0.2248492570676798,0.7777777777777778,204.0,254.0,1,1,2,0,0,1,0,0,0
74187,ZA1,Western Cape,ZA6,North West,2020-09-12,2020-09-30,1,1,1,1269447.3254068133,1269225.2370562255,1602612,20200912,20200930,0.24146430881004144,0.6902282722160927,0.06830741897386587,0.4994387746892386,6898299.0,0.2828745421867569,0.6531826641385288,0.0639427936747143,0.5169154144355026,3885864.0,0.48495156727992644,0.8888888888888888,-0.04677388157695324,0.1111111111111111,231.0,158.0,1,1,2,0,0,1,0,0,0
74188,ZA4,Free State,ZA4,Free State,2020-09-12,2020-09-24,2,2,2,853645.6414831884,396072.8469339972,2101066,20200912,20200924,0.28114593899768064,0.6555271573171474,0.06332690368517199,0.4905192097314189,2663702.0,0.28114593899768064,0.6555271573171474,0.06332690368517199,0.4905192097314189,2663702.0,0.2248492570676798,0.7777777777777778,0.2248492570676798,0.7777777777777778,354.0,410.0,1,1,2,0,0,1,0,0,0
74189,ZA8,Mpumalanga,ZA7,Gauteng,2020-09-12,2020-09-15,1,1,1,314454.65911088086,149512.73773240435,209176,20200912,20200915,0.30219785415266165,0.6444398558234767,0.053362290023861565,0.4955341209781855,4547481.0,0.22703936886350948,0.7223349844212468,0.050625646715243805,0.5123439321519871,14760167.0,0.0523010419666447,0.4444444444444444,0.6706237180439658,1.0,140.0,174.0,1,1,2,0,0,1,0,0,0
74190,ZA8,Mpumalanga,ZA7,Gauteng,2020-09-12,2020-09-25,1,1,1,504776.4596316265,235268.71842542823,1191728,20200912,20200925,0.30219785415266165,0.6444398558234767,0.053362290023861565,0.4955341209781855,4547481.0,0.22703936886350948,0.7223349844212468,0.050625646715243805,0.5123439321519871,14760167.0,0.0523010419666447,0.4444444444444444,0.6706237180439658,1.0,140.0,230.0,1,1,2,0,0,1,0,0,0
74191,ZA4,Free State,ZA7,Gauteng,2020-09-12,2020-09-28,1,1,1,87785.36942939924,87742.99730293141,1332375,20200912,20200928,0.28114593899768064,0.6555271573171474,0.06332690368517199,0.4905192097314189,2663702.0,0.22703936886350948,0.7223349844212468,0.050625646715243805,0.5123439321519871,14760167.0,0.2248492570676798,0.7777777777777778,0.6706237180439658,1.0,354.0,163.0,1,1,2,0,0,1,0,0,0
74192,ZA5,KwaZulu-Natal,ZA7,Gauteng,2020-09-12,2020-09-19,1,1,1,443430.35199873854,443430.35199873854,657610,20200912,20200919,0.3109682093283005,0.6320226943362347,0.05700909633546477,0.4797594466393526,10418811.0,0.22703936886350948,0.7223349844212468,0.050625646715243805,0.5123439321519871,14760167.0,0.07735186107982292,0.5555555555555556,0.6706237180439658,1.0,228.0,326.0,1,1,2,0,0,1,0,0,0
74193,ZA7,Gauteng,ZA8,Mpumalanga,2020-09-12,2020-09-16,1,1,1,822126.5998797686,319337.58222937223,412401,20200912,20200916,0.22703936886350948,0.7223349844212468,0.050625646715243805,0.5123439321519871,14760167.0,0.30219785415266165,0.6444398558234767,0.053362290023861565,0.4955341209781855,4547481.0,0.6706237180439658,1.0,0.0523010419666447,0.4444444444444444,345.0,126.0,1,1,2,0,0,1,0,0,0
74194,ZA1,Western Cape,ZA7,Gauteng,2020-09-12,2020-09-17,1,1,1,2218100.2149979454,1101948.524853018,454362,20200912,20200917,0.24146430881004144,0.6902282722160927,0.06830741897386587,0.4994387746892386,6898299.0,0.22703936886350948,0.7223349844212468,0.050625646715243805,0.5123439321519871,14760167.0,0.48495156727992644,0.8888888888888888,0.6706237180439658,1.0,231.0,443.0,1,1,2,0,0,1,0,0,0
74195,ZA6,North West,ZA9,Limpopo,2020-09-12,2020-09-17,1,1,1,245986.55550275464,108564.69860332969,471570,20200912,20200917,0.2828745421867569,0.6531826641385288,0.0639427936747143,0.5169154144355026,3885864.0,0.3322212084583728,0.5982309127294063,0.06954787881222096,0.47107489302560024,5527257.0,-0.04677388157695324,0.1111111111111111,-0.020299216875639643,0.3333333333333333,159.0,80.0,1,1,2,0,0,1,0,0,0
74196,ZA3,Nothern Cape,ZA3,Nothern Cape,2020-09-12,2020-09-25,1,1,1,243070.75594586303,120979.45666184196,1106673,20200912,20200925,0.2905180543789262,0.6449880916225764,0.06449385399849747,0.5008080113808923,1251220.0,0.2905180543789262,0.6449880916225764,0.06449385399849747,0.5008080113808923,1251220.0,0.09958456723393624,0.6666666666666666,0.09958456723393624,0.6666666666666666,204.0,201.0,1,1,2,0,0,1,0,0,0
74197,ZA9,Limpopo,ZA7,Gauteng,2020-09-12,2020-09-25,4,4,4,1217446.3711659447,735775.6515532669,4307622,20200912,20200925,0.3322212084583728,0.5982309127294063,0.06954787881222096,0.47107489302560024,5527257.0,0.22703936886350948,0.7223349844212468,0.050625646715243805,0.5123439321519871,14760167.0,-0.020299216875639643,0.3333333333333333,0.6706237180439658,1.0,54.0,230.0,1,1,2,0,0,1,0,0,0
74198,ZA7,Gauteng,ZA7,Gauteng,2020-09-12,2020-09-29,1,1,1,128090.56832847472,16109.568921874088,1442591,20200912,20200929,0.22703936886350948,0.7223349844212468,0.050625646715243805,0.5123439321519871,14760167.0,0.22703936886350948,0.7223349844212468,0.050625646715243805,0.5123439321519871,14760167.0,0.6706237180439658,1.0,0.6706237180439658,1.0,345.0,171.0,1,1,2,0,0,1,0,0,0
74199,ZA8,Mpumalanga,ZA5,KwaZulu-Natal,2020-09-12,2020-09-21,1,1,1,552872.7502656536,552791.8018614878,778867,20200912,20200921,0.30219785415266165,0.6444398558234767,0.053362290023861565,0.4955341209781855,4547481.0,0.3109682093283005,0.6320226943362347,0.05700909633546477,0.4797594466393526,10418811.0,0.0523010419666447,0.4444444444444444,0.07735186107982292,0.5555555555555556,140.0,90.0,1,1,2,0,0,1,0,0,0
74200,ZA2,Eastern Cape,ZA5,KwaZulu-Natal,2020-09-12,2020-09-24,1,1,1,1366288.118342528,353824.1043268991,1010002,20200912,20200924,0.32240858903092945,0.600977358291188,0.07661405267788246,0.47559015644122027,6510816.0,0.3109682093283005,0.6320226943362347,0.05700909633546477,0.4797594466393526,10418811.0,-0.04666754827373582,0.2222222222222222,0.07735186107982292,0.5555555555555556,101.0,176.0,1,1,2,0,0,1,0,0,0
74201,ZA8,Mpumalanga,ZA7,Gauteng,2020-09-12,2020-09-26,1,1,1,342339.89008818404,122396.2534425414,1180226,20200912,20200926,0.30219785415266165,0.6444398558234767,0.053362290023861565,0.4955341209781855,4547481.0,0.22703936886350948,0.7223349844212468,0.050625646715243805,0.5123439321519871,14760167.0,0.0523010419666447,0.4444444444444444,0.6706237180439658,1.0,140.0,211.0,1,1,2,0,0,1,0,0,0
74202,ZA4,Free State,ZA4,Free State,2020-09-12,2020-09-25,1,1,1,508415.55044957256,202849.9764726275,1182234,20200912,20200925,0.28114593899768064,0.6555271573171474,0.06332690368517199,0.4905192097314189,2663702.0,0.28114593899768064,0.6555271573171474,0.06332690368517199,0.4905192097314189,2663702.0,0.2248492570676798,0.7777777777777778,0.2248492570676798,0.7777777777777778,354.0,325.0,1,1,2,0,0,1,0,0,0
74203,ZA7,Gauteng,ZA3,Nothern Cape,2020-09-12,2020-09-17,1,1,1,1627106.7207734175,770768.5381532137,441959,20200912,20200917,0.22703936886350948,0.7223349844212468,0.050625646715243805,0.5123439321519871,14760167.0,0.2905180543789262,0.6449880916225764,0.06449385399849747,0.5008080113808923,1251220.0,0.6706237180439658,1.0,0.09958456723393624,0.6666666666666666,345.0,276.0,1,1,2,0,0,1,0,0,0
74204,ZA7,Gauteng,ZA7,Gauteng,2020-09-12,2020-09-27,1,1,1,345262.6892332438,21764.953322844274,1254400,20200912,20200927,0.22703936886350948,0.7223349844212468,0.050625646715243805,0.5123439321519871,14760167.0,0.22703936886350948,0.7223349844212468,0.050625646715243805,0.5123439321519871,14760167.0,0.6706237180439658,1.0,0.6706237180439658,1.0,345.0,178.0,1,1,2,0,0,1,0,0,0
74205,ZA2,Eastern Cape,ZA3,Nothern Cape,2020-09-12,2020-09-12,1,1,1,2126296.885030224,360486.031317423,52746,20200912,20200912,0.32240858903092945,0.600977358291188,0.07661405267788246,0.47559015644122027,6510816.0,0.2905180543789262,0.6449880916225764,0.06449385399849747,0.5008080113808923,1251220.0,-0.04666754827373582,0.2222222222222222,0.09958456723393624,0.6666666666666666,101.0,204.0,1,1,2,0,0,1,0,0,0
74206,ZA2,Eastern Cape,ZA4,Free State,2020-09-12,2020-09-15,1,1,1,962820.5024497324,657316.8621968932,296974,20200912,20200915,0.32240858903092945,0.600977358291188,0.07661405267788246,0.47559015644122027,6510816.0,0.28114593899768064,0.6555271573171474,0.06332690368517199,0.4905192097314189,2663702.0,-0.04666754827373582,0.2222222222222222,0.2248492570676798,0.7777777777777778,101.0,135.0,1,1,2,0,0,1,0,0,0
74207,ZA4,Free State,ZA6,North West,2020-09-12,2020-09-26,1,1,1,114151.63766083388,55500.81695276985,1175216,20200912,20200926,0.28114593899768064,0.6555271573171474,0.06332690368517199,0.4905192097314189,2663702.0,0.2828745421867569,0.6531826641385288,0.0639427936747143,0.5169154144355026,3885864.0,0.2248492570676798,0.7777777777777778,-0.04677388157695324,0.1111111111111111,354.0,82.0,1,1,2,0,0,1,0,0,0
74208,ZA7,Gauteng,ZA1,Western Cape,2020-09-12,2020-09-16,1,1,1,2569045.289098843,1283648.8474261677,337421,20200912,20200916,0.22703936886350948,0.7223349844212468,0.050625646715243805,0.5123439321519871,14760167.0,0.24146430881004144,0.6902282722160927,0.06830741897386587,0.4994387746892386,6898299.0,0.6706237180439658,1.0,0.48495156727992644,0.8888888888888888,345.0,229.0,1,1,2,0,0,1,0,0,0
74209,ZA7,Gauteng,ZA6,North West,2020-09-12,2020-09-16,1,1,1,196103.74209915227,97540.45964769252,363396,20200912,20200916,0.22703936886350948,0.7223349844212468,0.050625646715243805,0.5123439321519871,14760167.0,0.2828745421867569,0.6531826641385288,0.0639427936747143,0.5169154144355026,3885864.0,0.6706237180439658,1.0,-0.04677388157695324,0.1111111111111111,345.0,206.0,1,1,2,0,0,1,0,0,0
74210,ZA4,Free State,ZA7,Gauteng,2020-09-12,2020-09-18,1,1,1,99281.38252905982,98990.4844562692,477901,20200912,20200918,0.28114593899768064,0.6555271573171474,0.06332690368517199,0.4905192097314189,2663702.0,0.22703936886350948,0.7223349844212468,0.050625646715243805,0.5123439321519871,14760167.0,0.2248492570676798,0.7777777777777778,0.6706237180439658,1.0,354.0,449.0,1,1,2,0,0,1,0,0,0
74211,ZA4,Free State,ZA5,KwaZulu-Natal,2020-09-12,2020-09-23,1,1,1,561421.6164759917,248669.398452268,947607,20200912,20200923,0.28114593899768064,0.6555271573171474,0.06332690368517199,0.4905192097314189,2663702.0,0.3109682093283005,0.6320226943362347,0.05700909633546477,0.4797594466393526,10418811.0,0.2248492570676798,0.7777777777777778,0.07735186107982292,0.5555555555555556,354.0,202.0,1,1,2,0,0,1,0,0,0
74212,ZA9,Limpopo,ZA6,North West,2020-09-12,2020-09-25,1,1,1,1055339.5963038558,431884.1356365901,1085117,20200912,20200925,0.3322212084583728,0.5982309127294063,0.06954787881222096,0.47107489302560024,5527257.0,0.2828745421867569,0.6531826641385288,0.0639427936747143,0.5169154144355026,3885864.0,-0.020299216875639643,0.3333333333333333,-0.04677388157695324,0.1111111111111111,54.0,121.0,1,1,2,0,0,1,0,0,0
74213,ZA2,Eastern Cape,ZA2,Eastern Cape,2020-09-12,2020-09-21,1,1,1,811010.9537671542,262602.5148357575,790697,20200912,20200921,0.32240858903092945,0.600977358291188,0.07661405267788246,0.47559015644122027,6510816.0,0.32240858903092945,0.600977358291188,0.07661405267788246,0.47559015644122027,6510816.0,-0.04666754827373582,0.2222222222222222,-0.04666754827373582,0.2222222222222222,101.0,41.0,1,1,2,0,0,1,0,0,0
74214,ZA3,Nothern Cape,ZA6,North West,2020-09-12,2020-09-23,1,1,1,772959.052586191,457239.8749145058,964298,20200912,20200923,0.2905180543789262,0.6449880916225764,0.06449385399849747,0.5008080113808923,1251220.0,0.2828745421867569,0.6531826641385288,0.0639427936747143,0.5169154144355026,3885864.0,0.09958456723393624,0.6666666666666666,-0.04677388157695324,0.1111111111111111,204.0,197.0,1,1,2,0,0,1,0,0,0
74215,ZA7,Gauteng,ZA6,North West,2020-09-12,2020-09-30,1,1,1,202554.9017472222,83141.67658089811,1572305,20200912,20200930,0.22703936886350948,0.7223349844212468,0.050625646715243805,0.5123439321519871,14760167.0,0.2828745421867569,0.6531826641385288,0.0639427936747143,0.5169154144355026,3885864.0,0.6706237180439658,1.0,-0.04677388157695324,0.1111111111111111,345.0,158.0,1,1,2,0,0,1,0,0,0
74216,ZA2,Eastern Cape,ZA1,Western Cape,2020-09-12,2020-09-23,1,1,1,342310.8035160735,152159.82381977604,980330,20200912,20200923,0.32240858903092945,0.600977358291188,0.07661405267788246,0.47559015644122027,6510816.0,0.24146430881004144,0.6902282722160927,0.06830741897386587,0.4994387746892386,6898299.0,-0.04666754827373582,0.2222222222222222,0.48495156727992644,0.8888888888888888,101.0,214.0,1,1,2,0,0,1,0,0,0
74217,ZA7,Gauteng,ZA6,North West,2020-09-12,2020-09-25,1,1,1,578228.5025374577,146327.20994941713,1124462,20200912,20200925,0.22703936886350948,0.7223349844212468,0.050625646715243805,0.5123439321519871,14760167.0,0.2828745421867569,0.6531826641385288,0.0639427936747143,0.5169154144355026,3885864.0,0.6706237180439658,1.0,-0.04677388157695324,0.1111111111111111,345.0,121.0,1,1,2,0,0,1,0,0,0
74218,ZA6,North West,ZA4,Free State,2020-09-12,2020-09-19,1,1,1,387101.4375539795,387083.1733582821,670246,20200912,20200919,0.2828745421867569,0.6531826641385288,0.0639427936747143,0.5169154144355026,3885864.0,0.28114593899768064,0.6555271573171474,0.06332690368517199,0.4905192097314189,2663702.0,-0.04677388157695324,0.1111111111111111,0.2248492570676798,0.7777777777777778,159.0,401.0,1,1,2,0,0,1,0,0,0
74219,ZA4,Free State,ZA6,North West,2020-09-12,2020-09-19,1,1,1,386222.5501581158,192632.10937351288,568540,20200912,20200919,0.28114593899768064,0.6555271573171474,0.06332690368517199,0.4905192097314189,2663702.0,0.2828745421867569,0.6531826641385288,0.0639427936747143,0.5169154144355026,3885864.0,0.2248492570676798,0.7777777777777778,-0.04677388157695324,0.1111111111111111,354.0,169.0,1,1,2,0,0,1,0,0,0
74220,ZA5,KwaZulu-Natal,,,2020-09-12,2020-09-13,1,1,1,1228965.35392619,28010.48097328129,64028,20200912,20200913,0.3109682093283005,0.6320226943362347,0.05700909633546477,0.4797594466393526,10418811.0,,,,,,0.07735186107982292,0.5555555555555556,,,228.0,,1,1,2,0,0,1,0,0,0
74222,ZA9,Limpopo,ZA8,Mpumalanga,2020-09-12,2020-09-28,1,1,1,109234.39181484222,6763.007685892623,1380107,20200912,20200928,0.3322212084583728,0.5982309127294063,0.06954787881222096,0.47107489302560024,5527257.0,0.30219785415266165,0.6444398558234767,0.053362290023861565,0.4955341209781855,4547481.0,-0.020299216875639643,0.3333333333333333,0.0523010419666447,0.4444444444444444,54.0,48.0,1,1,2,0,0,1,0,0,0
74223,ZA3,Nothern Cape,ZA2,Eastern Cape,2020-09-12,2020-09-12,3,3,3,2428894.4614653587,720229.6987359012,68539,20200912,20200912,0.2905180543789262,0.6449880916225764,0.06449385399849747,0.5008080113808923,1251220.0,0.32240858903092945,0.600977358291188,0.07661405267788246,0.47559015644122027,6510816.0,0.09958456723393624,0.6666666666666666,-0.04666754827373582,0.2222222222222222,204.0,101.0,1,1,2,0,0,1,0,0,0
74224,ZA1,Western Cape,ZA6,North West,2020-09-12,2020-09-14,1,1,1,1023185.1659790413,1023055.3095318448,135726,20200912,20200914,0.24146430881004144,0.6902282722160927,0.06830741897386587,0.4994387746892386,6898299.0,0.2828745421867569,0.6531826641385288,0.0639427936747143,0.5169154144355026,3885864.0,0.48495156727992644,0.8888888888888888,-0.04677388157695324,0.1111111111111111,231.0,43.0,1,1,2,0,0,1,0,0,0
74225,ZA7,Gauteng,ZA9,Limpopo,2020-09-12,2020-09-17,1,1,1,353443.91801006626,176574.11747488382,372037,20200912,20200917,0.22703936886350948,0.7223349844212468,0.050625646715243805,0.5123439321519871,14760167.0,0.3322212084583728,0.5982309127294063,0.06954787881222096,0.47107489302560024,5527257.0,0.6706237180439658,1.0,-0.020299216875639643,0.3333333333333333,345.0,80.0,1,1,2,0,0,1,0,0,0
74226,ZA9,Limpopo,ZA7,Gauteng,2020-09-12,2020-09-28,1,1,1,527518.4898751867,469249.73755768046,1317733,20200912,20200928,0.3322212084583728,0.5982309127294063,0.06954787881222096,0.47107489302560024,5527257.0,0.22703936886350948,0.7223349844212468,0.050625646715243805,0.5123439321519871,14760167.0,-0.020299216875639643,0.3333333333333333,0.6706237180439658,1.0,54.0,163.0,1,1,2,0,0,1,0,0,0
74227,ZA4,Free State,ZA7,Gauteng,2020-09-12,2020-09-20,1,1,1,349708.5022671501,141639.2409163821,641430,20200912,20200920,0.28114593899768064,0.6555271573171474,0.06332690368517199,0.4905192097314189,2663702.0,0.22703936886350948,0.7223349844212468,0.050625646715243805,0.5123439321519871,14760167.0,0.2248492570676798,0.7777777777777778,0.6706237180439658,1.0,354.0,254.0,1,1,2,0,0,1,0,0,0
74228,ZA2,Eastern Cape,ZA7,Gauteng,2020-09-12,2020-09-14,1,1,1,2446929.339912284,853609.9978702415,200651,20200912,20200914,0.32240858903092945,0.600977358291188,0.07661405267788246,0.47559015644122027,6510816.0,0.22703936886350948,0.7223349844212468,0.050625646715243805,0.5123439321519871,14760167.0,-0.04666754827373582,0.2222222222222222,0.6706237180439658,1.0,101.0,167.0,1,1,2,0,0,1,0,0,0
74229,ZA4,Free State,ZA6,North West,2020-09-12,2020-09-29,1,1,1,602456.1842788506,301313.782240669,1447674,20200912,20200929,0.28114593899768064,0.6555271573171474,0.06332690368517199,0.4905192097314189,2663702.0,0.2828745421867569,0.6531826641385288,0.0639427936747143,0.5169154144355026,3885864.0,0.2248492570676798,0.7777777777777778,-0.04677388157695324,0.1111111111111111,354.0,82.0,1,1,2,0,0,1,0,0,0
74230,ZA8,Mpumalanga,ZA4,Free State,2020-09-12,2020-09-26,1,1,1,385398.9521239914,133662.4057874101,1170406,20200912,20200926,0.30219785415266165,0.6444398558234767,0.053362290023861565,0.4955341209781855,4547481.0,0.28114593899768064,0.6555271573171474,0.06332690368517199,0.4905192097314189,2663702.0,0.0523010419666447,0.4444444444444444,0.2248492570676798,0.7777777777777778,140.0,199.0,1,1,2,0,0,1,0,0,0
74231,ZA7,Gauteng,ZA5,KwaZulu-Natal,2020-09-12,2020-09-16,1,1,1,1172715.9513468044,536867.6086720547,322659,20200912,20200916,0.22703936886350948,0.7223349844212468,0.050625646715243805,0.5123439321519871,14760167.0,0.3109682093283005,0.6320226943362347,0.05700909633546477,0.4797594466393526,10418811.0,0.6706237180439658,1.0,0.07735186107982292,0.5555555555555556,345.0,236.0,1,1,2,0,0,1,0,0,0
74232,ZA1,Western Cape,ZA4,Free State,2020-09-12,2020-09-18,1,1,1,639335.0579123361,628798.1484916847,488020,20200912,20200918,0.24146430881004144,0.6902282722160927,0.06830741897386587,0.4994387746892386,6898299.0,0.28114593899768064,0.6555271573171474,0.06332690368517199,0.4905192097314189,2663702.0,0.48495156727992644,0.8888888888888888,0.2248492570676798,0.7777777777777778,231.0,334.0,1,1,2,0,0,1,0,0,0
74233,ZA5,KwaZulu-Natal,ZA2,Eastern Cape,2020-09-12,2020-09-15,1,1,1,141740.46345071908,140381.94853947646,225679,20200912,20200915,0.3109682093283005,0.6320226943362347,0.05700909633546477,0.4797594466393526,10418811.0,0.32240858903092945,0.600977358291188,0.07661405267788246,0.47559015644122027,6510816.0,0.07735186107982292,0.5555555555555556,-0.04666754827373582,0.2222222222222222,228.0,57.0,1,1,2,0,0,1,0,0,0
74234,ZA2,Eastern Cape,ZA5,KwaZulu-Natal,2020-09-12,2020-09-30,1,1,1,220505.72106981365,211661.3924411439,1553084,20200912,20200930,0.32240858903092945,0.600977358291188,0.07661405267788246,0.47559015644122027,6510816.0,0.3109682093283005,0.6320226943362347,0.05700909633546477,0.4797594466393526,10418811.0,-0.04666754827373582,0.2222222222222222,0.07735186107982292,0.5555555555555556,101.0,183.0,1,1,2,0,0,1,0,0,0
74235,ZA6,North West,ZA6,North West,2020-09-12,2020-09-30,1,1,1,8894.748208125735,2528.638138718951,1578578,20200912,20200930,0.2828745421867569,0.6531826641385288,0.0639427936747143,0.5169154144355026,3885864.0,0.2828745421867569,0.6531826641385288,0.0639427936747143,0.5169154144355026,3885864.0,-0.04677388157695324,0.1111111111111111,-0.04677388157695324,0.1111111111111111,159.0,158.0,1,1,2,0,0,1,0,0,0
74236,ZA4,Free State,ZA7,Gauteng,2020-09-12,2020-09-15,1,1,1,823191.3375022255,277417.620118482,212978,20200912,20200915,0.28114593899768064,0.6555271573171474,0.06332690368517199,0.4905192097314189,2663702.0,0.22703936886350948,0.7223349844212468,0.050625646715243805,0.5123439321519871,14760167.0,0.2248492570676798,0.7777777777777778,0.6706237180439658,1.0,354.0,174.0,1,1,2,0,0,1,0,0,0
74237,ZA5,KwaZulu-Natal,ZA7,Gauteng,2020-09-12,2020-09-25,1,1,1,822638.7978398986,477939.2524875509,1080099,20200912,20200925,0.3109682093283005,0.6320226943362347,0.05700909633546477,0.4797594466393526,10418811.0,0.22703936886350948,0.7223349844212468,0.050625646715243805,0.5123439321519871,14760167.0,0.07735186107982292,0.5555555555555556,0.6706237180439658,1.0,228.0,230.0,1,1,2,0,0,1,0,0,0
74238,ZA1,Western Cape,ZA7,Gauteng,2020-09-12,2020-09-27,1,1,1,1281445.1656907734,1280779.7912053205,1314289,20200912,20200927,0.24146430881004144,0.6902282722160927,0.06830741897386587,0.4994387746892386,6898299.0,0.22703936886350948,0.7223349844212468,0.050625646715243805,0.5123439321519871,14760167.0,0.48495156727992644,0.8888888888888888,0.6706237180439658,1.0,231.0,178.0,1,1,2,0,0,1,0,0,0
74239,ZA5,KwaZulu-Natal,ZA5,KwaZulu-Natal,2020-09-12,2020-09-25,1,1,1,223025.5837383028,111346.6595415922,1078412,20200912,20200925,0.3109682093283005,0.6320226943362347,0.05700909633546477,0.4797594466393526,10418811.0,0.3109682093283005,0.6320226943362347,0.05700909633546477,0.4797594466393526,10418811.0,0.07735186107982292,0.5555555555555556,0.07735186107982292,0.5555555555555556,228.0,139.0,1,1,2,0,0,1,0,0,0
74240,ZA5,KwaZulu-Natal,ZA5,KwaZulu-Natal,2020-09-12,2020-09-19,1,1,1,696609.3007980231,271865.48104220704,669387,20200912,20200919,0.3109682093283005,0.6320226943362347,0.05700909633546477,0.4797594466393526,10418811.0,0.3109682093283005,0.6320226943362347,0.05700909633546477,0.4797594466393526,10418811.0,0.07735186107982292,0.5555555555555556,0.07735186107982292,0.5555555555555556,228.0,209.0,1,1,2,0,0,1,0,0,0
